









Frequency of observations in the selected location(s).:
Number of taxa: 	251

	Jan				Feb				Mar				Apr				May				Jun				Jul				Aug				Sep				Oct				Nov				Dec				
Sample Size:	47.0	34.0	48.0	56.0	34.0	30.0	31.0	13.0	13.0	17.0	29.0	19.0	20.0	22.0	23.0	20.0	17.0	19.0	10.0	12.0	17.0	25.0	10.0	13.0	9.0	16.0	25.0	38.0	17.0	35.0	25.0	45.0	29.0	35.0	31.0	31.0	39.0	25.0	24.0	37.0	13.0	20.0	30.0	35.0	21.0	3.0	4.0	42.0	

Emperor Goose	0.0	0.0	0.0	0.0	0.0	0.0	0.0	0.0	0.0015	0.0	0.0	0.0	0.0	0.0	0.0	0.0	0.0	0.0	0.0	0.0	0.0	0.0	0.0	0.0	0.0	0.0	0.0	0.0	0.0	0.0	0.0	0.0	0.0	0.0	0.0	0.0	0.0	0.0	0.0	0.0	0.0	0.0	0.0	0.0	0.0	0.0	0.0	0.0	
Snow Goose	0.0	0.0015	0.020833333333333332	0.0015	0.0	0.0	0.0	0.0	0.0	0.0	0.0	0.0	0.0	0.0	0.0	0.0	0.0	0.0	0.0	0.0	0.0	0.0	0.0	0.0	0.0	0.0	0.0	0.0	0.0	0.0	0.0	0.0	0.0	0.0	0.0	0.0	0.0	0.08	0.0	0.02702702702702703	0.0	0.05	0.03333333333333333	0.0	0.0	0.0	0.0	0.0	
Greater White-fronted Goose	0.02127659574468085	0.0	0.0	0.0	0.0	0.0	0.0	0.07692307692307693	0.0	0.0	0.0	0.0	0.0	0.18181818181818182	0.0	0.05	0.0	0.0	0.0	0.0	0.0	0.0	0.0	0.0	0.0	0.0	0.0	0.0	0.0	0.0	0.0	0.0	0.0	0.0	0.0	0.0	0.02564102564102564	0.0	0.0	0.05405405405405406	0.0	0.05	0.0	0.0	0.047619047619047616	0.0	0.0	0.0	
Brant	0.425531914893617	0.5882352941176471	0.3125	0.6071428571428571	0.6176470588235294	0.4666666666666667	0.5161290322580645	0.6923076923076923	0.6923076923076923	0.8235294117647058	0.7931034482758621	0.8947368421052632	0.9	0.7272727272727273	0.782608695652174	0.7	0.4117647058823529	0.10526315789473684	0.0	0.0	0.0	0.0	0.0	0.0	0.0015	0.125	0.04	0.02631578947368421	0.0	0.0	0.0	0.0	0.0	0.0	0.0	0.0	0.0	0.04	0.0	0.0	0.0	0.05	0.06666666666666667	0.02857142857142857	0.0	0.3333333333333333	0.0	0.3333333333333333	
Cackling Goose	0.0425531914893617	0.0	0.020833333333333332	0.05357142857142857	0.029411764705882353	0.0	0.03225806451612903	0.07692307692307693	0.0	0.11764705882352941	0.0	0.10526315789473684	0.0	0.045454545454545456	0.043478260869565216	0.05	0.0	0.05263157894736842	0.1	0.0	0.0	0.0	0.0	0.0	0.0	0.0	0.0	0.0	0.0	0.0	0.0	0.0	0.0	0.0	0.0	0.0	0.05128205128205128	0.0	0.041666666666666664	0.16216216216216217	0.0	0.1	0.03333333333333333	0.02857142857142857	0.14285714285714285	0.0	0.0	0.023809523809523808	
Canada Goose	0.46808510638297873	0.35294117647058826	0.3958333333333333	0.48214285714285715	0.38235294117647056	0.5333333333333333	0.45161290322580644	0.7692307692307693	0.7692307692307693	0.5882352941176471	0.5862068965517241	0.5789473684210527	0.45	0.4090909090909091	0.391304347826087	0.45	0.6470588235294118	0.7368421052631579	0.5	0.5	0.6470588235294118	0.72	0.4	0.38461538461538464	0.2222222222222222	0.3125	0.24	0.42105263157894735	0.23529411764705882	0.2	0.16	0.26666666666666666	0.3793103448275862	0.2571428571428571	0.1935483870967742	0.25806451612903225	0.38461538461538464	0.24	0.4583333333333333	0.4594594594594595	0.6153846153846154	0.55	0.36666666666666664	0.2571428571428571	0.38095238095238093	0.3333333333333333	0.5	0.21428571428571427	
Cackling/Canada Goose	0.0	0.0	0.0	0.0	0.0	0.0	0.0	0.0	0.0	0.0	0.0	0.0	0.0	0.0	0.0	0.0	0.0	0.0	0.0	0.0	0.0	0.0	0.0	0.0	0.0	0.0	0.0	0.0	0.0	0.0	0.0	0.0	0.0	0.0	0.0	0.03225806451612903	0.0	0.0	0.0	0.0	0.0	0.0	0.0	0.0	0.0	0.0	0.0	0.0	
Trumpeter Swan	0.0	0.0	0.0015	0.0	0.0	0.0	0.0	0.0	0.0	0.0	0.0	0.0	0.0	0.0	0.0	0.0	0.0	0.0	0.0	0.0	0.0	0.0	0.0	0.0	0.0	0.0	0.0	0.0	0.0	0.0	0.0	0.0	0.0	0.0	0.0	0.0	0.0	0.0	0.0	0.0	0.0	0.0	0.0	0.0	0.0	0.0	0.0	0.0	
Tundra Swan	0.0	0.0	0.0	0.0	0.0	0.0	0.0	0.0	0.0	0.0	0.0	0.0	0.0	0.0	0.0	0.0	0.0	0.0	0.0	0.0	0.0	0.0	0.0	0.0	0.0	0.0	0.0	0.0	0.0	0.0	0.0	0.0	0.0	0.0	0.0	0.0	0.0	0.0	0.0	0.0	0.0	0.0	0.0	0.0	0.0	0.0	0.0	0.023809523809523808	
Wood Duck	0.0	0.0	0.0	0.0	0.0	0.0015	0.0	0.0	0.0	0.0	0.0	0.0	0.0	0.0	0.0	0.0	0.0	0.0	0.0	0.0	0.0	0.0	0.0	0.0	0.0	0.0	0.0	0.0	0.0	0.0	0.0	0.0	0.0	0.0	0.0	0.0	0.0	0.0	0.0	0.0	0.0	0.0	0.0	0.0	0.0	0.0	0.0	0.0	
Blue-winged Teal	0.0	0.0	0.0	0.0	0.0	0.0	0.0	0.0	0.0	0.0	0.0	0.0	0.0	0.0	0.0	0.0015	0.0	0.0	0.0	0.0	0.0	0.0	0.0	0.0	0.0	0.0	0.0	0.0	0.0	0.0	0.0	0.0	0.0	0.0	0.0	0.0	0.0	0.0	0.0	0.0	0.0	0.0	0.0	0.0	0.0	0.0	0.0	0.0	
Northern Shoveler	0.1276595744680851	0.058823529411764705	0.08333333333333333	0.0	0.08823529411764706	0.06666666666666667	0.06451612903225806	0.23076923076923078	0.0	0.0	0.034482758620689655	0.05263157894736842	0.0	0.045454545454545456	0.0	0.05	0.0	0.05263157894736842	0.0	0.0	0.0	0.0	0.0	0.0	0.0	0.0	0.0	0.0	0.0	0.0	0.0	0.0	0.0	0.0015	0.03225806451612903	0.0	0.02564102564102564	0.0	0.0	0.0	0.0	0.0	0.06666666666666667	0.0	0.09523809523809523	0.3333333333333333	0.0	0.0	
Gadwall	0.0	0.029411764705882353	0.0	0.0	0.0	0.0	0.0	0.15384615384615385	0.0015	0.0	0.0	0.0	0.0	0.0	0.043478260869565216	0.0015	0.0	0.0	0.0	0.0	0.0	0.0	0.0	0.0	0.0	0.0	0.0	0.0	0.0	0.0	0.0	0.022222222222222223	0.0	0.0015	0.0	0.0	0.0	0.0	0.0	0.0	0.0	0.0	0.0	0.0	0.0	0.0	0.0	0.0	
Eurasian Wigeon	0.06382978723404255	0.0015	0.0015	0.0	0.029411764705882353	0.0	0.0	0.0	0.0	0.0	0.0	0.0	0.0	0.0	0.0	0.0015	0.0	0.0	0.0	0.0	0.0	0.0	0.0	0.0	0.0	0.0	0.0	0.0	0.0	0.0	0.0	0.0	0.0	0.0	0.0	0.0	0.0	0.0	0.0	0.02702702702702703	0.15384615384615385	0.05	0.0	0.02857142857142857	0.0	0.0	0.0	0.0	
American Wigeon	0.6808510638297872	0.6176470588235294	0.4375	0.6071428571428571	0.5294117647058824	0.7	0.5483870967741935	0.6923076923076923	0.46153846153846156	0.5294117647058824	0.4827586206896552	0.631578947368421	0.3	0.13636363636363635	0.13043478260869565	0.05	0.0	0.0	0.0	0.0	0.0	0.0	0.0	0.0	0.0	0.0	0.0	0.0	0.0	0.0	0.0	0.0	0.0	0.02857142857142857	0.03225806451612903	0.0	0.07692307692307693	0.08	0.25	0.4594594594594595	0.8461538461538461	0.55	0.3	0.6857142857142857	0.6666666666666666	0.6666666666666666	0.75	0.5	
Mallard	0.3617021276595745	0.3235294117647059	0.20833333333333334	0.14285714285714285	0.17647058823529413	0.26666666666666666	0.3225806451612903	0.38461538461538464	0.23076923076923078	0.4117647058823529	0.1724137931034483	0.10526315789473684	0.25	0.13636363636363635	0.08695652173913043	0.15	0.17647058823529413	0.2631578947368421	0.2	0.0	0.11764705882352941	0.16	0.0	0.07692307692307693	0.2222222222222222	0.0	0.04	0.10526315789473684	0.0	0.2571428571428571	0.12	0.044444444444444446	0.034482758620689655	0.17142857142857143	0.0015	0.0967741935483871	0.23076923076923078	0.12	0.125	0.24324324324324326	0.3076923076923077	0.2	0.26666666666666666	0.11428571428571428	0.47619047619047616	0.3333333333333333	0.25	0.23809523809523808	
Mallard (Domestic type)	0.0	0.0	0.0	0.0	0.0	0.0	0.0	0.0	0.0	0.0	0.0	0.0	0.0	0.0	0.0	0.0	0.0	0.0	0.0	0.0	0.0	0.0	0.0	0.0	0.0	0.0	0.0	0.0	0.0	0.0	0.04	0.0	0.0	0.0	0.0	0.0	0.0	0.0	0.0	0.0	0.0	0.0	0.0	0.0	0.0	0.0	0.0	0.0	
Northern Pintail	0.0	0.029411764705882353	0.0015	0.0	0.0	0.03333333333333333	0.0	0.15384615384615385	0.07692307692307693	0.0	0.0	0.0	0.0	0.0	0.043478260869565216	0.05	0.0	0.0	0.0	0.0	0.0	0.0	0.0	0.0	0.0	0.0	0.0	0.0	0.0	0.0	0.0	0.0	0.0	0.0015	0.0	0.0	0.0	0.0	0.0	0.0	0.07692307692307693	0.0	0.03333333333333333	0.05714285714285714	0.09523809523809523	0.0	0.0	0.0	
Green-winged Teal	0.0851063829787234	0.0015	0.0015	0.0	0.0	0.0	0.06451612903225806	0.3076923076923077	0.07692307692307693	0.0	0.10344827586206896	0.0	0.05	0.045454545454545456	0.0015	0.0	0.058823529411764705	0.05263157894736842	0.0	0.0	0.0	0.0	0.0	0.0	0.0	0.0	0.0	0.0	0.0	0.0015	0.0	0.0	0.0	0.0015	0.0	0.0	0.0	0.0015	0.041666666666666664	0.02702702702702703	0.07692307692307693	0.1	0.03333333333333333	0.02857142857142857	0.0	0.0	0.0	0.023809523809523808	
Canvasback	0.0	0.0	0.0015	0.0	0.0	0.0	0.0	0.0	0.0	0.0	0.0	0.0	0.0	0.0	0.0	0.0	0.0	0.0	0.0	0.0	0.0	0.0	0.0	0.0	0.0	0.0	0.0	0.0	0.0	0.0	0.0	0.0	0.0	0.0	0.0	0.0	0.0	0.0	0.0	0.02702702702702703	0.0	0.0	0.0	0.0	0.0	0.0	0.0	0.0	
Ring-necked Duck	0.02127659574468085	0.029411764705882353	0.0015	0.0	0.0	0.0	0.03225806451612903	0.07692307692307693	0.0	0.0	0.0	0.0	0.0	0.0	0.08695652173913043	0.0	0.058823529411764705	0.0	0.0	0.0	0.0	0.0	0.0	0.0	0.0	0.0	0.0	0.0	0.0	0.0	0.0	0.0	0.0	0.0	0.0	0.0	0.02564102564102564	0.0	0.0	0.0	0.0	0.0	0.0	0.02857142857142857	0.0	0.0	0.0	0.0	
Greater Scaup	0.3191489361702128	0.2647058823529412	0.22916666666666666	0.2857142857142857	0.17647058823529413	0.3333333333333333	0.3225806451612903	0.5384615384615384	0.46153846153846156	0.4117647058823529	0.4482758620689655	0.5263157894736842	0.65	0.3181818181818182	0.43478260869565216	0.3	0.23529411764705882	0.05263157894736842	0.0	0.08333333333333333	0.0	0.0	0.0	0.0	0.0	0.0	0.0	0.0	0.0	0.0015	0.12	0.0	0.0	0.0	0.0	0.03225806451612903	0.02564102564102564	0.04	0.041666666666666664	0.24324324324324326	0.46153846153846156	0.1	0.23333333333333334	0.34285714285714286	0.38095238095238093	0.3333333333333333	0.75	0.19047619047619047	
Lesser Scaup	0.10638297872340426	0.08823529411764706	0.041666666666666664	0.14285714285714285	0.11764705882352941	0.13333333333333333	0.0967741935483871	0.3076923076923077	0.15384615384615385	0.058823529411764705	0.034482758620689655	0.0	0.0	0.0	0.043478260869565216	0.1	0.058823529411764705	0.0	0.0	0.0	0.0	0.0	0.0	0.0	0.0	0.0	0.0	0.0	0.0	0.0	0.0	0.0	0.0	0.0015	0.0	0.0	0.0	0.04	0.0	0.08108108108108109	0.07692307692307693	0.05	0.1	0.02857142857142857	0.09523809523809523	0.0	0.25	0.19047619047619047	
Greater/Lesser Scaup	0.0425531914893617	0.029411764705882353	0.041666666666666664	0.017857142857142856	0.058823529411764705	0.03333333333333333	0.03225806451612903	0.0	0.07692307692307693	0.11764705882352941	0.06896551724137931	0.0015	0.0	0.0	0.043478260869565216	0.0	0.0	0.0	0.0	0.0	0.0	0.0	0.0	0.0	0.0	0.0	0.0	0.0	0.0	0.0	0.0	0.0	0.0	0.0	0.0	0.0	0.02564102564102564	0.04	0.0	0.08108108108108109	0.0015	0.0	0.03333333333333333	0.08571428571428572	0.0	0.0	0.0	0.09523809523809523	
Common Eider	0.0	0.0	0.0	0.0	0.0	0.0	0.0	0.0	0.0	0.0	0.0	0.0	0.0	0.0	0.0	0.0	0.0	0.0	0.0	0.0	0.0	0.0	0.0	0.0	0.0	0.0	0.0	0.0	0.0	0.05714285714285714	0.0	0.0	0.0	0.0	0.0	0.0	0.0	0.0	0.0	0.0	0.0	0.0	0.0	0.0	0.0	0.0	0.0	0.0	
Harlequin Duck	0.851063829787234	0.8235294117647058	0.6875	0.9285714285714286	0.9411764705882353	0.9333333333333333	0.7741935483870968	0.9230769230769231	0.9230769230769231	0.9411764705882353	0.8620689655172413	1.0	0.9	0.8181818181818182	0.9565217391304348	0.75	0.8235294117647058	0.8947368421052632	0.9	0.9166666666666666	0.9411764705882353	0.96	0.9	0.8461538461538461	0.8888888888888888	0.75	0.76	0.8421052631578947	0.7647058823529411	0.8285714285714286	0.88	0.8222222222222222	0.9310344827586207	0.9428571428571428	0.8709677419354839	0.967741935483871	0.7948717948717948	0.92	0.8333333333333334	0.8648648648648649	0.9230769230769231	0.95	0.9666666666666667	0.9142857142857143	0.8095238095238095	1.0	1.0	0.8809523809523809	
Surf Scoter	0.8723404255319149	0.9411764705882353	0.7916666666666666	0.9285714285714286	0.8529411764705882	0.8	0.8387096774193549	1.0	0.9230769230769231	0.8823529411764706	0.6896551724137931	0.7894736842105263	0.75	0.8181818181818182	0.8260869565217391	0.7	0.7058823529411765	0.5789473684210527	0.5	0.5	0.35294117647058826	0.28	0.1	0.07692307692307693	0.1111111111111111	0.1875	0.16	0.10526315789473684	0.23529411764705882	0.08571428571428572	0.16	0.13333333333333333	0.20689655172413793	0.2571428571428571	0.41935483870967744	0.7419354838709677	0.7948717948717948	0.84	0.9166666666666666	0.972972972972973	1.0	1.0	0.9	0.9142857142857143	0.8095238095238095	1.0	1.0	0.9523809523809523	
White-winged Scoter	0.23404255319148937	0.11764705882352941	0.3125	0.19642857142857142	0.17647058823529413	0.1	0.12903225806451613	0.38461538461538464	0.15384615384615385	0.0	0.13793103448275862	0.15789473684210525	0.05	0.045454545454545456	0.043478260869565216	0.0015	0.11764705882352941	0.0	0.1	0.08333333333333333	0.0	0.12	0.0	0.07692307692307693	0.0	0.0625	0.0015	0.0	0.17647058823529413	0.05714285714285714	0.08	0.022222222222222223	0.10344827586206896	0.02857142857142857	0.16129032258064516	0.06451612903225806	0.23076923076923078	0.16	0.2916666666666667	0.3783783783783784	0.46153846153846156	0.55	0.36666666666666664	0.2571428571428571	0.14285714285714285	0.0	0.25	0.09523809523809523	
Black Scoter	0.14893617021276595	0.17647058823529413	0.041666666666666664	0.05357142857142857	0.14705882352941177	0.2	0.0967741935483871	0.15384615384615385	0.3076923076923077	0.11764705882352941	0.06896551724137931	0.10526315789473684	0.15	0.13636363636363635	0.043478260869565216	0.05	0.0	0.0	0.0	0.0	0.0	0.0	0.0	0.0	0.0	0.0	0.0	0.0	0.0	0.0	0.0	0.022222222222222223	0.0	0.0	0.0	0.0	0.02564102564102564	0.0	0.08333333333333333	0.08108108108108109	0.15384615384615385	0.05	0.06666666666666667	0.2	0.14285714285714285	0.0	0.25	0.16666666666666666	
Surf/Black Scoter	0.0	0.029411764705882353	0.0	0.0	0.0	0.0	0.0	0.0	0.0	0.0	0.0	0.0	0.0	0.0015	0.0	0.0	0.0	0.0	0.0	0.0	0.0	0.0	0.0	0.0	0.0	0.0	0.0	0.0	0.0	0.0	0.0	0.0	0.0	0.0	0.0	0.0	0.0	0.0	0.0	0.0	0.0	0.0	0.0	0.0	0.0	0.0	0.0	0.0	
scoter sp.	0.0425531914893617	0.029411764705882353	0.041666666666666664	0.0	0.0	0.0	0.03225806451612903	0.0	0.0	0.0	0.034482758620689655	0.0	0.0	0.0	0.0	0.0	0.0	0.0	0.0	0.0	0.0	0.0	0.0	0.0	0.0	0.0	0.0	0.0	0.0	0.0	0.0	0.022222222222222223	0.0	0.0	0.0	0.0	0.0	0.0	0.0	0.02702702702702703	0.0	0.0	0.0	0.02857142857142857	0.047619047619047616	0.0	0.0	0.0	
Long-tailed Duck	0.3829787234042553	0.38235294117647056	0.25	0.25	0.3235294117647059	0.3333333333333333	0.2903225806451613	0.38461538461538464	0.46153846153846156	0.35294117647058826	0.10344827586206896	0.05263157894736842	0.2	0.18181818181818182	0.13043478260869565	0.15	0.11764705882352941	0.10526315789473684	0.0	0.0	0.0	0.0	0.0	0.0	0.0	0.0	0.0	0.0	0.0	0.0	0.0	0.0	0.0	0.0	0.0	0.0	0.0	0.04	0.0	0.10810810810810811	0.46153846153846156	0.25	0.1	0.37142857142857144	0.09523809523809523	0.0	0.25	0.42857142857142855	
Bufflehead	0.851063829787234	0.9705882352941176	0.9166666666666666	0.9642857142857143	1.0	0.9333333333333333	0.9032258064516129	0.8461538461538461	0.9230769230769231	1.0	0.8620689655172413	0.7368421052631579	0.95	0.8636363636363636	0.8260869565217391	0.6	0.47058823529411764	0.10526315789473684	0.0	0.0	0.0	0.0	0.0	0.0	0.0	0.0	0.0	0.0	0.0	0.0	0.08	0.022222222222222223	0.0	0.0015	0.06451612903225806	0.0	0.0	0.0015	0.08333333333333333	0.40540540540540543	0.8461538461538461	0.9	0.9666666666666667	0.9428571428571428	0.8571428571428571	1.0	1.0	0.8571428571428571	
Common Goldeneye	0.8297872340425532	0.7058823529411765	0.6041666666666666	0.8214285714285714	0.7352941176470589	0.7666666666666667	0.6774193548387096	0.8461538461538461	0.8461538461538461	0.7647058823529411	0.5172413793103449	0.631578947368421	0.5	0.22727272727272727	0.17391304347826086	0.05	0.0	0.05263157894736842	0.0	0.0	0.0	0.0	0.0	0.0	0.0	0.0	0.0	0.0	0.0	0.0	0.0	0.0	0.0	0.0	0.0	0.0	0.0	0.0	0.0	0.0	0.07692307692307693	0.2	0.4666666666666667	0.6857142857142857	0.6666666666666666	0.3333333333333333	0.5	0.7619047619047619	
Barrow's Goldeneye	0.23404255319148937	0.38235294117647056	0.2708333333333333	0.10714285714285714	0.23529411764705882	0.06666666666666667	0.1935483870967742	0.3076923076923077	0.15384615384615385	0.058823529411764705	0.10344827586206896	0.21052631578947367	0.1	0.09090909090909091	0.0	0.0	0.0	0.05263157894736842	0.0	0.08333333333333333	0.0	0.0	0.0	0.0	0.0	0.0	0.0	0.0	0.058823529411764705	0.0	0.0	0.0	0.0	0.0	0.0	0.0	0.0	0.0	0.0	0.0	0.15384615384615385	0.05	0.16666666666666666	0.08571428571428572	0.09523809523809523	0.0	0.25	0.16666666666666666	
Common/Barrow's Goldeneye	0.0	0.029411764705882353	0.0	0.0	0.029411764705882353	0.0	0.0	0.0	0.0	0.0	0.0	0.0	0.0	0.0	0.0	0.05	0.0	0.0	0.0	0.0	0.0	0.0	0.0	0.0	0.0	0.0	0.0	0.0	0.0	0.0	0.0	0.0	0.0	0.0	0.0	0.0	0.0	0.0	0.0	0.0	0.0	0.05	0.0	0.02857142857142857	0.0	0.0	0.0	0.0	
Hooded Merganser	0.23404255319148937	0.11764705882352941	0.0625	0.07142857142857142	0.14705882352941177	0.06666666666666667	0.16129032258064516	0.07692307692307693	0.07692307692307693	0.11764705882352941	0.034482758620689655	0.0	0.0	0.0	0.043478260869565216	0.0	0.0	0.0	0.1	0.0	0.0	0.0	0.0	0.0	0.0	0.0	0.0	0.0	0.0	0.02857142857142857	0.08	0.0	0.0	0.0	0.0	0.0	0.05128205128205128	0.08	0.0	0.10810810810810811	0.07692307692307693	0.2	0.26666666666666666	0.22857142857142856	0.2857142857142857	0.3333333333333333	0.25	0.16666666666666666	
Common Merganser	0.2553191489361702	0.23529411764705882	0.1875	0.14285714285714285	0.14705882352941177	0.3	0.1935483870967742	0.38461538461538464	0.3076923076923077	0.4117647058823529	0.1724137931034483	0.15789473684210525	0.05	0.045454545454545456	0.043478260869565216	0.15	0.058823529411764705	0.05263157894736842	0.0	0.0	0.0	0.0	0.0	0.07692307692307693	0.1111111111111111	0.0	0.0	0.05263157894736842	0.0	0.05714285714285714	0.04	0.06666666666666667	0.034482758620689655	0.0	0.0	0.0	0.02564102564102564	0.08	0.041666666666666664	0.13513513513513514	0.0	0.05	0.2	0.11428571428571428	0.09523809523809523	0.3333333333333333	0.0	0.09523809523809523	
Red-breasted Merganser	0.8297872340425532	0.7941176470588235	0.6875	0.8214285714285714	0.7941176470588235	0.7666666666666667	0.6129032258064516	0.9230769230769231	0.7692307692307693	0.9411764705882353	0.7241379310344828	0.6842105263157895	0.65	0.5909090909090909	0.5217391304347826	0.65	0.4117647058823529	0.21052631578947367	0.1	0.0	0.058823529411764705	0.0	0.1	0.0	0.0	0.0	0.0	0.05263157894736842	0.0	0.0	0.04	0.0	0.0	0.0	0.0	0.0967741935483871	0.05128205128205128	0.12	0.375	0.5945945945945946	0.9230769230769231	0.95	0.7333333333333333	0.9142857142857143	0.8095238095238095	0.6666666666666666	1.0	0.8095238095238095	
Common/Red-breasted Merganser	0.0	0.0	0.0	0.017857142857142856	0.0	0.03333333333333333	0.0	0.0	0.0	0.0	0.0	0.0	0.0	0.0	0.0	0.0	0.0	0.0	0.0	0.0	0.0	0.0	0.0	0.0	0.0	0.0	0.0	0.0	0.0	0.0	0.0	0.022222222222222223	0.0	0.0	0.0	0.0	0.0	0.0	0.0	0.0	0.0	0.0	0.0	0.0	0.0	0.0	0.0	0.0	
Ruddy Duck	0.0	0.0015	0.0	0.0	0.0	0.0	0.0	0.0	0.0	0.0	0.0	0.0	0.0	0.0	0.0	0.0	0.0	0.0	0.0	0.0	0.0	0.04	0.0	0.07692307692307693	0.0	0.0	0.0	0.0	0.0	0.0	0.0	0.0	0.0	0.0	0.0	0.0015	0.02564102564102564	0.0	0.041666666666666664	0.02702702702702703	0.07692307692307693	0.05	0.0	0.02857142857142857	0.0	0.0	0.0	0.0	
duck sp.	0.0	0.0	0.0	0.0	0.0	0.0	0.0	0.0	0.0	0.0	0.0	0.0	0.05	0.0	0.0	0.05	0.0	0.0	0.0	0.0	0.0	0.0	0.0	0.0	0.0015	0.0	0.0	0.05263157894736842	0.0	0.0	0.04	0.0	0.034482758620689655	0.0	0.0	0.0	0.0	0.0	0.0	0.0	0.0	0.0	0.03333333333333333	0.0	0.0	0.0	0.0	0.0	
waterfowl sp.	0.0	0.0	0.0	0.0	0.0	0.0	0.0	0.0	0.0	0.0	0.0	0.0	0.0	0.0	0.0	0.05	0.0	0.0	0.0	0.0	0.0	0.0	0.0	0.0	0.0	0.0	0.0	0.0	0.0	0.0	0.0	0.0	0.0	0.02857142857142857	0.0	0.0	0.0	0.0	0.0	0.0	0.0	0.0	0.0	0.0	0.0	0.0	0.0	0.0	
California Quail	0.0	0.0	0.0	0.017857142857142856	0.0	0.0	0.0	0.0	0.0	0.0	0.0	0.0	0.0	0.0	0.0	0.0	0.0	0.0	0.0	0.0	0.0	0.0	0.0	0.0	0.0	0.0	0.0	0.0	0.0	0.02857142857142857	0.0	0.0	0.0	0.0	0.0	0.0	0.0	0.0	0.0	0.0	0.0	0.0	0.0	0.0	0.0	0.0	0.0	0.0	
Ring-necked Pheasant	0.0	0.0	0.0	0.0	0.0	0.0	0.0	0.0	0.0	0.0	0.0	0.0	0.0	0.0	0.0	0.0	0.0	0.0	0.0	0.0	0.0	0.0	0.0	0.0	0.0	0.0	0.0	0.0	0.0	0.0	0.0	0.0	0.0	0.0	0.0	0.0	0.02564102564102564	0.0	0.0	0.0	0.0	0.0	0.0	0.0	0.0	0.0	0.0	0.0	
Sooty Grouse	0.0	0.0	0.0	0.0	0.0	0.0	0.0	0.0	0.0	0.0	0.0	0.0	0.0	0.0	0.0	0.0	0.0	0.0	0.0	0.0	0.0	0.0	0.0	0.0	0.0	0.0	0.0	0.0	0.0	0.02857142857142857	0.0	0.0	0.0	0.0	0.0	0.0	0.0	0.0	0.0	0.0	0.0	0.0	0.0	0.0	0.0	0.0	0.0	0.0	
Pied-billed Grebe	0.0	0.029411764705882353	0.0625	0.05357142857142857	0.0	0.06666666666666667	0.0	0.3076923076923077	0.07692307692307693	0.058823529411764705	0.0	0.0	0.0015	0.045454545454545456	0.043478260869565216	0.0	0.0	0.0	0.0	0.0	0.0	0.0	0.0	0.0	0.0	0.0	0.0	0.0	0.0	0.02857142857142857	0.04	0.0	0.0	0.0	0.0	0.0	0.02564102564102564	0.0	0.0	0.0	0.0	0.05	0.0	0.0	0.0	0.0	0.0	0.07142857142857142	
Horned Grebe	0.723404255319149	0.7058823529411765	0.7083333333333334	0.6785714285714286	0.7941176470588235	0.6333333333333333	0.5806451612903226	0.8461538461538461	0.7692307692307693	0.7058823529411765	0.6206896551724138	0.5263157894736842	0.6	0.7727272727272727	0.782608695652174	0.65	0.35294117647058826	0.0	0.0	0.08333333333333333	0.0	0.0	0.0	0.0	0.0	0.0	0.0	0.0	0.0	0.05714285714285714	0.04	0.044444444444444446	0.13793103448275862	0.2	0.3225806451612903	0.3225806451612903	0.6923076923076923	0.44	0.75	0.7567567567567568	0.8461538461538461	0.95	0.8666666666666667	0.8285714285714286	0.5714285714285714	0.6666666666666666	0.75	0.7380952380952381	
Red-necked Grebe	0.6808510638297872	0.7941176470588235	0.5416666666666666	0.7678571428571429	0.7352941176470589	0.5666666666666667	0.4838709677419355	0.6923076923076923	0.6923076923076923	0.5882352941176471	0.4482758620689655	0.6842105263157895	0.7	0.7727272727272727	0.6956521739130435	0.5	0.35294117647058826	0.2631578947368421	0.1	0.0015	0.0	0.0	0.0	0.0	0.0	0.0	0.0	0.02631578947368421	0.0	0.11428571428571428	0.04	0.17777777777777778	0.2413793103448276	0.3142857142857143	0.3225806451612903	0.6451612903225806	0.5897435897435898	0.48	0.625	0.5945945945945946	0.7692307692307693	0.85	0.7333333333333333	0.6285714285714286	0.6666666666666666	0.6666666666666666	0.75	0.6666666666666666	
Eared Grebe	0.02127659574468085	0.029411764705882353	0.041666666666666664	0.05357142857142857	0.0	0.06666666666666667	0.03225806451612903	0.0	0.15384615384615385	0.058823529411764705	0.034482758620689655	0.0	0.0	0.09090909090909091	0.043478260869565216	0.05	0.058823529411764705	0.0	0.0	0.0	0.0	0.0	0.0	0.0	0.0	0.0	0.0	0.0	0.0	0.0	0.0	0.0	0.0	0.0	0.0	0.0	0.02564102564102564	0.0	0.0	0.05405405405405406	0.0	0.0	0.03333333333333333	0.05714285714285714	0.0	0.0	0.0	0.023809523809523808	
Horned/Eared Grebe	0.0425531914893617	0.0	0.0	0.0	0.0	0.0	0.0	0.0	0.0	0.0	0.0	0.0	0.0	0.0	0.0	0.05	0.0	0.0	0.0	0.0	0.0	0.0	0.0	0.0	0.0	0.0	0.0	0.0	0.0	0.0	0.04	0.0	0.0	0.02857142857142857	0.0	0.03225806451612903	0.0	0.0	0.0	0.05405405405405406	0.0	0.0	0.0	0.0	0.0	0.0	0.0	0.0	
Western Grebe	0.6595744680851063	0.7647058823529411	0.5208333333333334	0.625	0.7647058823529411	0.7333333333333333	0.45161290322580644	0.5384615384615384	0.6923076923076923	0.6470588235294118	0.4827586206896552	0.47368421052631576	0.6	0.6363636363636364	0.6086956521739131	0.6	0.35294117647058826	0.5263157894736842	0.2	0.16666666666666666	0.0	0.0	0.0	0.0	0.0	0.0	0.0	0.0	0.0	0.0	0.0	0.044444444444444446	0.0	0.05714285714285714	0.03225806451612903	0.06451612903225806	0.05128205128205128	0.12	0.25	0.43243243243243246	0.3076923076923077	0.6	0.4	0.5714285714285714	0.5714285714285714	0.3333333333333333	0.75	0.5476190476190477	
Clark's Grebe	0.0	0.0	0.0	0.0	0.0	0.0	0.0	0.0	0.0	0.0	0.034482758620689655	0.0	0.0	0.0	0.0	0.0	0.0	0.0	0.0	0.0	0.0	0.0	0.0	0.0	0.0	0.0	0.0	0.0	0.0	0.0	0.0	0.0	0.0	0.0	0.0	0.0	0.0	0.0	0.0	0.0	0.0	0.0	0.0	0.0	0.0	0.0	0.0	0.0	
Western/Clark's Grebe	0.0	0.0	0.0	0.0	0.0	0.0	0.0	0.07692307692307693	0.0	0.058823529411764705	0.0	0.0	0.0	0.0	0.0	0.0	0.0	0.0	0.0	0.0	0.0	0.0	0.0	0.0	0.0	0.0	0.0	0.0	0.0	0.0	0.0	0.0	0.0	0.0	0.0	0.0	0.0	0.04	0.0	0.0	0.0	0.0	0.0	0.0	0.0	0.0	0.0	0.0	
grebe sp.	0.0425531914893617	0.029411764705882353	0.020833333333333332	0.0	0.029411764705882353	0.0	0.0	0.0	0.0	0.0	0.034482758620689655	0.05263157894736842	0.0	0.045454545454545456	0.0	0.0	0.0	0.0	0.0	0.0	0.0	0.04	0.0	0.0	0.0	0.0	0.0	0.0	0.0	0.0	0.0	0.022222222222222223	0.0	0.0	0.0	0.0	0.0	0.0	0.0	0.0	0.0	0.0	0.0	0.0	0.0	0.0	0.0	0.023809523809523808	
Rock Pigeon	0.574468085106383	0.4117647058823529	0.375	0.5714285714285714	0.4411764705882353	0.4	0.3870967741935484	0.6923076923076923	0.5384615384615384	0.7647058823529411	0.4827586206896552	0.5789473684210527	0.4	0.45454545454545453	0.43478260869565216	0.45	0.35294117647058826	0.5789473684210527	0.7	0.6666666666666666	0.5882352941176471	0.36	0.4	0.46153846153846156	0.4444444444444444	0.25	0.16	0.39473684210526316	0.35294117647058826	0.42857142857142855	0.56	0.26666666666666666	0.2413793103448276	0.4857142857142857	0.3225806451612903	0.3225806451612903	0.5897435897435898	0.32	0.5416666666666666	0.43243243243243246	0.3076923076923077	0.5	0.4	0.4	0.47619047619047616	0.3333333333333333	0.5	0.4523809523809524	
Band-tailed Pigeon	0.0	0.0	0.020833333333333332	0.0	0.0	0.0015	0.0	0.0	0.0	0.0	0.0	0.0	0.0	0.0	0.043478260869565216	0.0	0.0	0.0	0.0	0.0	0.0	0.04	0.1	0.0	0.0	0.0625	0.0	0.05263157894736842	0.0	0.0	0.0	0.0	0.0	0.0	0.0	0.03225806451612903	0.0	0.0	0.0	0.02702702702702703	0.0	0.0	0.0	0.0	0.0	0.0	0.0	0.0	
Eurasian Collared-Dove	0.0	0.0	0.0	0.0	0.029411764705882353	0.0015	0.0	0.15384615384615385	0.07692307692307693	0.0	0.0	0.10526315789473684	0.0	0.0	0.043478260869565216	0.0	0.0	0.0	0.1	0.0	0.058823529411764705	0.04	0.1	0.07692307692307693	0.1111111111111111	0.125	0.04	0.05263157894736842	0.0	0.0	0.0	0.044444444444444446	0.034482758620689655	0.02857142857142857	0.0	0.0	0.0	0.0	0.0	0.02702702702702703	0.0	0.0	0.0	0.0	0.047619047619047616	0.0	0.0	0.0	
Mourning Dove	0.0	0.0	0.020833333333333332	0.0	0.029411764705882353	0.0	0.0	0.0	0.0	0.0	0.0	0.0015	0.0	0.0	0.0	0.05	0.0	0.0	0.0	0.0	0.0	0.0	0.0	0.0	0.0	0.0	0.0	0.02631578947368421	0.0	0.02857142857142857	0.0	0.0	0.0	0.0015	0.0	0.03225806451612903	0.0	0.0	0.08333333333333333	0.02702702702702703	0.07692307692307693	0.0	0.0	0.0	0.0	0.0	0.0	0.0	
Common Nighthawk	0.0	0.0	0.0	0.0	0.0	0.0	0.0	0.0	0.0	0.0	0.0	0.0	0.0	0.0	0.0	0.0	0.0	0.0	0.0	0.0	0.0	0.0	0.0	0.0	0.0	0.0	0.0	0.0	0.0	0.02857142857142857	0.04	0.0	0.0	0.0	0.0	0.0	0.0	0.0	0.0	0.0	0.0	0.0	0.0	0.0	0.0	0.0	0.0	0.0	
Black Swift	0.0	0.0	0.0	0.0	0.0	0.0	0.0	0.0	0.0	0.0	0.0	0.0	0.0	0.0	0.0	0.0	0.0	0.0	0.0	0.0	0.0	0.0	0.0	0.0	0.0	0.0	0.0	0.0	0.0	0.0	0.04	0.0	0.0	0.0	0.0	0.0	0.0	0.0	0.0	0.0	0.0	0.0	0.0	0.0	0.0	0.0	0.0	0.0	
Vaux's Swift	0.0	0.0	0.0	0.0	0.0	0.0	0.0	0.0	0.0	0.0	0.0	0.0	0.0	0.0	0.0	0.0	0.0	0.0	0.0	0.0	0.0	0.0	0.0	0.0	0.0	0.0625	0.0	0.02631578947368421	0.0015	0.02857142857142857	0.0	0.0	0.034482758620689655	0.0	0.0	0.0	0.0	0.0	0.0	0.0	0.0	0.0	0.0	0.0	0.0	0.0	0.0	0.0	
Anna's Hummingbird	0.06382978723404255	0.029411764705882353	0.041666666666666664	0.03571428571428571	0.029411764705882353	0.03333333333333333	0.06451612903225806	0.07692307692307693	0.07692307692307693	0.0	0.034482758620689655	0.0	0.0	0.045454545454545456	0.0	0.0	0.058823529411764705	0.05263157894736842	0.0	0.0	0.0	0.0	0.0	0.0	0.0	0.0	0.0	0.0	0.0	0.02857142857142857	0.0	0.0	0.034482758620689655	0.0	0.0	0.0	0.02564102564102564	0.0	0.041666666666666664	0.0	0.0	0.0	0.03333333333333333	0.0	0.14285714285714285	0.0	0.0	0.0	
Rufous Hummingbird	0.0	0.0	0.0	0.0	0.0	0.0	0.0	0.0	0.0	0.0	0.0	0.05263157894736842	0.0	0.045454545454545456	0.0	0.0	0.0	0.0	0.0	0.0	0.0	0.04	0.0	0.0	0.0	0.0625	0.0	0.0	0.0	0.0	0.0	0.0	0.0	0.0	0.0	0.0	0.0	0.0	0.0	0.0	0.0	0.0	0.0	0.0	0.0	0.0	0.0	0.0	
hummingbird sp.	0.0	0.0	0.0	0.0	0.0	0.0	0.0	0.0	0.0	0.0	0.0	0.0	0.0	0.0	0.043478260869565216	0.0	0.0	0.0	0.0	0.0	0.0	0.0	0.0	0.0	0.0	0.0	0.0	0.0	0.0	0.0	0.0	0.0	0.0	0.0	0.0	0.0	0.0	0.0	0.0	0.0	0.0	0.0	0.0	0.0	0.0	0.0	0.0	0.0	
American Coot	0.0	0.029411764705882353	0.020833333333333332	0.0	0.0	0.0	0.0	0.23076923076923078	0.0015	0.0	0.0	0.0	0.0	0.09090909090909091	0.043478260869565216	0.0	0.0	0.0	0.0	0.0	0.0	0.0	0.0	0.0	0.0	0.0	0.0	0.02631578947368421	0.0	0.02857142857142857	0.0	0.0	0.0	0.0	0.0	0.0	0.0	0.0	0.0	0.0	0.0	0.0	0.03333333333333333	0.0015	0.0	0.0	0.0	0.0	
Black Oystercatcher	0.23404255319148937	0.35294117647058826	0.22916666666666666	0.19642857142857142	0.23529411764705882	0.3	0.3225806451612903	0.38461538461538464	0.5384615384615384	0.4117647058823529	0.3793103448275862	0.05263157894736842	0.1	0.36363636363636365	0.30434782608695654	0.25	0.5294117647058824	0.42105263157894735	0.4	0.25	0.29411764705882354	0.16	0.1	0.3076923076923077	0.2222222222222222	0.125	0.48	0.3157894736842105	0.47058823529411764	0.2571428571428571	0.36	0.3111111111111111	0.1724137931034483	0.2	0.03225806451612903	0.12903225806451613	0.1282051282051282	0.08	0.08333333333333333	0.10810810810810811	0.3076923076923077	0.1	0.2	0.22857142857142856	0.09523809523809523	0.0	0.0	0.16666666666666666	
Black-bellied Plover	0.3829787234042553	0.3235294117647059	0.1875	0.44642857142857145	0.4411764705882353	0.3	0.3225806451612903	0.46153846153846156	0.38461538461538464	0.4117647058823529	0.5172413793103449	0.3157894736842105	0.4	0.18181818181818182	0.17391304347826086	0.0	0.058823529411764705	0.05263157894736842	0.0	0.0	0.0	0.0	0.0	0.0	0.0	0.0	0.12	0.15789473684210525	0.17647058823529413	0.2571428571428571	0.44	0.5111111111111111	0.5172413793103449	0.4857142857142857	0.45161290322580644	0.5161290322580645	0.6410256410256411	0.68	0.625	0.4594594594594595	0.5384615384615384	0.35	0.23333333333333334	0.3142857142857143	0.2857142857142857	0.3333333333333333	0.25	0.2857142857142857	
Pacific Golden-Plover	0.0	0.0	0.0	0.0	0.0	0.0	0.0	0.0	0.0	0.0	0.0	0.0	0.0	0.0	0.0	0.0	0.0	0.15789473684210525	0.1	0.0	0.0	0.0	0.0	0.0	0.0	0.0	0.0	0.0	0.0	0.0	0.0	0.0	0.034482758620689655	0.08571428571428572	0.0	0.06451612903225806	0.05128205128205128	0.24	0.0	0.0	0.0	0.0	0.0	0.0	0.0	0.0	0.0	0.0	
American/Pacific Golden-Plover (Lesser Golden-Plover)	0.0	0.0	0.0	0.0	0.0	0.0	0.0	0.0	0.0	0.0	0.0	0.0	0.0	0.0	0.0	0.0	0.0	0.0	0.0	0.0	0.0	0.0	0.0	0.0	0.0	0.0	0.0	0.0	0.0	0.0	0.0	0.0	0.034482758620689655	0.0	0.0	0.0	0.0	0.0	0.0	0.0	0.0	0.0	0.0	0.0	0.0	0.0	0.0	0.0	
Black-bellied Plover/golden-plover sp.	0.0	0.0	0.0	0.0	0.0	0.0	0.0	0.07692307692307693	0.0	0.0	0.0	0.0	0.0	0.0	0.0	0.0	0.0	0.0	0.0	0.0	0.0	0.0	0.0	0.0	0.0	0.0	0.0	0.0	0.0	0.0	0.0	0.0	0.0	0.0	0.0	0.0	0.0	0.0	0.041666666666666664	0.0	0.0	0.0	0.0	0.0	0.0	0.0	0.0	0.0	
Semipalmated Plover	0.0	0.0	0.0	0.0	0.0	0.0	0.0	0.0	0.0	0.0	0.0	0.0	0.0	0.0	0.0	0.0	0.0	0.0	0.0	0.0	0.0	0.0	0.0	0.0	0.0	0.0	0.0	0.10526315789473684	0.11764705882352941	0.11428571428571428	0.12	0.15555555555555556	0.06896551724137931	0.02857142857142857	0.03225806451612903	0.03225806451612903	0.0	0.0	0.0	0.02702702702702703	0.0	0.0	0.0	0.0	0.0	0.0	0.0	0.0	
Killdeer	0.0851063829787234	0.0015	0.0625	0.017857142857142856	0.0	0.0	0.03225806451612903	0.07692307692307693	0.15384615384615385	0.0	0.034482758620689655	0.0	0.0	0.045454545454545456	0.043478260869565216	0.05	0.0	0.05263157894736842	0.2	0.0	0.0	0.0	0.0	0.07692307692307693	0.1111111111111111	0.0625	0.08	0.0	0.0	0.08571428571428572	0.0	0.022222222222222223	0.0015	0.08571428571428572	0.0967741935483871	0.0967741935483871	0.0	0.0015	0.041666666666666664	0.0	0.07692307692307693	0.0	0.03333333333333333	0.0	0.0	0.0	0.25	0.047619047619047616	
Whimbrel	0.0	0.0	0.0	0.017857142857142856	0.0	0.0	0.03225806451612903	0.0	0.0015	0.0	0.0	0.0015	0.0	0.0	0.0015	0.05	0.0	0.0	0.0	0.0	0.0	0.0	0.0	0.0	0.0	0.0	0.0	0.0	0.0015	0.0	0.0	0.06666666666666667	0.0	0.02857142857142857	0.0015	0.03225806451612903	0.0	0.0	0.0	0.0	0.0015	0.0	0.0	0.0015	0.047619047619047616	0.0	0.0	0.0	
Marbled Godwit	0.0	0.0	0.0	0.0	0.0	0.0	0.0	0.0	0.0	0.0	0.0	0.0	0.0	0.0	0.0	0.0015	0.0	0.0	0.0	0.0	0.0	0.0	0.0	0.0	0.1111111111111111	0.0	0.0	0.02631578947368421	0.0	0.0	0.0	0.022222222222222223	0.0	0.0	0.03225806451612903	0.03225806451612903	0.0	0.04	0.041666666666666664	0.05405405405405406	0.0	0.0	0.0015	0.0	0.0	0.0	0.0	0.0	
Ruddy Turnstone	0.3404255319148936	0.4117647058823529	0.1875	0.375	0.3235294117647059	0.1	0.16129032258064516	0.23076923076923078	0.07692307692307693	0.058823529411764705	0.13793103448275862	0.21052631578947367	0.15	0.09090909090909091	0.13043478260869565	0.05	0.0	0.0	0.0	0.0	0.0	0.0	0.0	0.0	0.0	0.0	0.0	0.05263157894736842	0.058823529411764705	0.05714285714285714	0.2	0.2222222222222222	0.10344827586206896	0.11428571428571428	0.12903225806451613	0.12903225806451613	0.20512820512820512	0.16	0.3333333333333333	0.13513513513513514	0.15384615384615385	0.1	0.03333333333333333	0.08571428571428572	0.0	0.0	0.0	0.19047619047619047	
Black Turnstone	0.7021276595744681	0.7352941176470589	0.3958333333333333	0.6785714285714286	0.7352941176470589	0.7	0.5161290322580645	0.6153846153846154	0.5384615384615384	0.5294117647058824	0.3793103448275862	0.3684210526315789	0.45	0.36363636363636365	0.21739130434782608	0.0015	0.0	0.0	0.0	0.0	0.0	0.0	0.0	0.0	0.1111111111111111	0.0	0.16	0.2894736842105263	0.11764705882352941	0.45714285714285713	0.56	0.4888888888888889	0.5172413793103449	0.5142857142857142	0.5161290322580645	0.45161290322580644	0.5897435897435898	0.52	0.7083333333333334	0.5945945945945946	0.6153846153846154	0.4	0.43333333333333335	0.37142857142857144	0.3333333333333333	0.6666666666666666	0.25	0.5	
Red Knot	0.0	0.0	0.0	0.0	0.0	0.0	0.0	0.0	0.0	0.0	0.0	0.0	0.0	0.0	0.0	0.0	0.0	0.0	0.0	0.08333333333333333	0.0	0.0	0.0	0.0	0.0	0.0	0.0	0.0	0.0	0.0	0.0	0.0	0.0	0.0	0.0	0.0	0.07692307692307693	0.0	0.0	0.0	0.0	0.0	0.0	0.0	0.0	0.0	0.0	0.0015	
Surfbird	0.02127659574468085	0.0015	0.020833333333333332	0.0	0.0	0.03333333333333333	0.0	0.0	0.07692307692307693	0.0	0.0	0.0	0.0	0.0	0.0	0.0	0.0	0.0	0.0	0.0	0.0	0.0	0.0	0.0	0.0	0.0	0.0	0.0015	0.0	0.0	0.12	0.0	0.034482758620689655	0.0	0.06451612903225806	0.03225806451612903	0.02564102564102564	0.0	0.0	0.02702702702702703	0.0	0.0	0.03333333333333333	0.0	0.0015	0.0	0.0	0.0	
Sanderling	0.8723404255319149	0.8529411764705882	0.6041666666666666	0.8928571428571429	0.7352941176470589	0.6666666666666666	0.45161290322580644	0.6923076923076923	0.38461538461538464	0.9411764705882353	0.5517241379310345	0.42105263157894735	0.4	0.18181818181818182	0.4782608695652174	0.1	0.11764705882352941	0.15789473684210525	0.1	0.16666666666666666	0.0	0.0	0.0	0.0	0.0	0.0	0.0	0.13157894736842105	0.058823529411764705	0.05714285714285714	0.2	0.24444444444444444	0.3103448275862069	0.4	0.3548387096774194	0.45161290322580644	0.5641025641025641	0.48	0.625	0.5135135135135135	0.6153846153846154	0.6	0.7333333333333333	0.6571428571428571	0.5714285714285714	1.0	0.5	0.6666666666666666	
Dunlin	0.2553191489361702	0.35294117647058826	0.16666666666666666	0.32142857142857145	0.35294117647058826	0.36666666666666664	0.22580645161290322	0.38461538461538464	0.23076923076923078	0.35294117647058826	0.13793103448275862	0.15789473684210525	0.15	0.22727272727272727	0.2608695652173913	0.15	0.11764705882352941	0.2631578947368421	0.2	0.08333333333333333	0.0	0.0	0.0	0.0	0.0	0.0	0.12	0.0	0.0	0.0	0.04	0.044444444444444446	0.06896551724137931	0.0	0.03225806451612903	0.12903225806451613	0.20512820512820512	0.12	0.3333333333333333	0.4864864864864865	0.6153846153846154	0.55	0.36666666666666664	0.34285714285714286	0.2857142857142857	0.6666666666666666	0.25	0.16666666666666666	
Rock Sandpiper	0.02127659574468085	0.08823529411764706	0.020833333333333332	0.017857142857142856	0.08823529411764706	0.03333333333333333	0.0015	0.07692307692307693	0.0015	0.0015	0.0	0.0	0.0	0.0	0.0	0.0	0.0	0.0	0.0	0.0	0.0	0.0	0.0	0.0	0.0	0.0	0.0	0.0	0.0	0.0	0.0	0.0	0.0	0.0	0.0	0.0	0.0	0.0	0.041666666666666664	0.02702702702702703	0.0015	0.0	0.03333333333333333	0.05714285714285714	0.0	0.0015	0.0	0.047619047619047616	
Baird's Sandpiper	0.0	0.0	0.0	0.0	0.0	0.0	0.0	0.0	0.0	0.0	0.0	0.0	0.0	0.0	0.0	0.0	0.0	0.0	0.0	0.0	0.0	0.0	0.0	0.0	0.0	0.0	0.0	0.02631578947368421	0.0	0.02857142857142857	0.0	0.0	0.034482758620689655	0.02857142857142857	0.03225806451612903	0.0	0.0	0.0	0.0	0.0	0.0	0.0	0.0	0.0	0.0	0.0	0.0	0.0	
Least Sandpiper	0.1276595744680851	0.029411764705882353	0.041666666666666664	0.14285714285714285	0.058823529411764705	0.03333333333333333	0.03225806451612903	0.0	0.0015	0.058823529411764705	0.0	0.0	0.0	0.0	0.08695652173913043	0.1	0.058823529411764705	0.0	0.0	0.0	0.0	0.0	0.0	0.07692307692307693	0.3333333333333333	0.1875	0.12	0.2631578947368421	0.29411764705882354	0.2857142857142857	0.16	0.13333333333333333	0.06896551724137931	0.08571428571428572	0.03225806451612903	0.0	0.02564102564102564	0.0	0.0	0.08108108108108109	0.07692307692307693	0.05	0.0	0.0	0.047619047619047616	0.0	0.0	0.047619047619047616	
Pectoral Sandpiper	0.0	0.0	0.0	0.0	0.0	0.0	0.0	0.0	0.0	0.0	0.0	0.0	0.0	0.0	0.0	0.0	0.0	0.0	0.0	0.0	0.0	0.0	0.0	0.0	0.0	0.0	0.0	0.0	0.0	0.0	0.0	0.0	0.0	0.0015	0.0	0.0	0.0	0.0	0.0	0.0	0.0	0.0	0.0	0.0	0.0	0.0	0.0	0.0	
Semipalmated Sandpiper	0.0	0.0	0.0	0.0	0.0	0.0	0.0	0.0	0.0	0.0	0.0	0.0	0.0	0.0	0.0	0.0	0.0	0.0	0.0	0.0	0.0	0.0	0.0	0.0	0.0	0.0	0.0	0.02631578947368421	0.0015	0.02857142857142857	0.0	0.0	0.0	0.0	0.0	0.0	0.0	0.0	0.0	0.0	0.0	0.0	0.0	0.0	0.0	0.0	0.0	0.0	
Western Sandpiper	0.02127659574468085	0.029411764705882353	0.041666666666666664	0.03571428571428571	0.0	0.0015	0.06451612903225806	0.0	0.0015	0.0	0.06896551724137931	0.05263157894736842	0.05	0.045454545454545456	0.08695652173913043	0.05	0.0015	0.10526315789473684	0.0	0.0	0.0	0.0	0.0	0.0	0.4444444444444444	0.25	0.2	0.2894736842105263	0.23529411764705882	0.22857142857142856	0.36	0.15555555555555556	0.27586206896551724	0.2857142857142857	0.0967741935483871	0.2903225806451613	0.1282051282051282	0.04	0.125	0.02702702702702703	0.0	0.05	0.0	0.0015	0.0	0.0	0.25	0.047619047619047616	
Semipalmated/Western Sandpiper	0.0	0.0	0.0	0.0	0.0	0.0	0.0	0.0	0.0	0.0	0.0	0.0	0.0	0.0	0.0	0.0	0.0	0.0	0.0	0.0	0.0	0.0	0.0	0.0	0.0	0.0	0.0	0.0	0.0	0.02857142857142857	0.0	0.0	0.0	0.0	0.0	0.0	0.0	0.0	0.0	0.0	0.0	0.0	0.0	0.0	0.0	0.0	0.0	0.0	
peep sp.	0.0	0.0	0.020833333333333332	0.03571428571428571	0.0	0.0	0.0	0.0	0.0	0.0	0.0	0.0	0.0	0.045454545454545456	0.0	0.0	0.058823529411764705	0.0	0.0	0.0	0.0	0.0	0.0	0.0	0.0	0.0625	0.12	0.02631578947368421	0.0	0.0	0.04	0.06666666666666667	0.06896551724137931	0.0	0.0	0.0	0.02564102564102564	0.0	0.041666666666666664	0.0	0.0	0.0	0.0	0.0	0.0	0.0	0.0	0.0	
Short-billed Dowitcher	0.0	0.0	0.0	0.0	0.0	0.0	0.0	0.0	0.0	0.0	0.0	0.0	0.0	0.0	0.043478260869565216	0.0	0.0	0.0	0.0	0.0	0.0	0.0	0.0	0.0	0.0	0.0	0.0	0.0015	0.0	0.0	0.04	0.044444444444444446	0.0	0.0	0.0	0.03225806451612903	0.07692307692307693	0.04	0.0	0.0	0.0	0.0	0.0	0.0	0.0	0.0	0.0	0.0	
Long-billed Dowitcher	0.0	0.0	0.0	0.017857142857142856	0.0	0.0	0.0	0.0	0.0	0.0	0.0	0.0	0.0	0.0	0.0	0.0	0.0	0.0	0.0	0.0	0.0	0.0	0.0	0.0	0.1111111111111111	0.0	0.0	0.02631578947368421	0.0	0.02857142857142857	0.0	0.022222222222222223	0.0	0.0	0.0	0.0	0.02564102564102564	0.0	0.041666666666666664	0.0	0.0	0.0	0.0	0.0	0.0	0.0	0.0	0.0	
Short-billed/Long-billed Dowitcher	0.0	0.0	0.0	0.0	0.0	0.0	0.0	0.0	0.0	0.0	0.0	0.0	0.0	0.0	0.0	0.05	0.0	0.0	0.0	0.0	0.0	0.0	0.0	0.0	0.0	0.0	0.04	0.05263157894736842	0.0	0.0	0.0	0.06666666666666667	0.0	0.0	0.0	0.0	0.0	0.0	0.0	0.0	0.0	0.0	0.0	0.02857142857142857	0.0	0.0	0.0	0.0	
Wilson's Snipe	0.0	0.0	0.0	0.0	0.0	0.0	0.0	0.0	0.0	0.0	0.0	0.0	0.0	0.0	0.0	0.0	0.0	0.0	0.0	0.0	0.0	0.0	0.0	0.0	0.0	0.0	0.0	0.0	0.0	0.0	0.0	0.0	0.0	0.0	0.0	0.0	0.0	0.0	0.0	0.0	0.0	0.0	0.0	0.0	0.0	0.0	0.0	0.023809523809523808	
Red-necked Phalarope	0.0	0.0	0.0	0.0	0.0	0.0	0.0	0.0	0.0	0.0	0.0	0.0	0.0	0.0	0.0	0.0	0.0	0.0	0.0	0.0	0.0	0.0	0.0	0.0	0.0	0.0	0.0	0.02631578947368421	0.0	0.05714285714285714	0.12	0.022222222222222223	0.034482758620689655	0.02857142857142857	0.03225806451612903	0.0	0.02564102564102564	0.0	0.0	0.0	0.0	0.0	0.0	0.0	0.0	0.0	0.0	0.0	
Red Phalarope	0.0	0.0	0.0	0.0	0.0	0.0	0.0	0.0	0.0	0.0	0.0	0.0	0.0	0.0	0.0	0.0	0.0	0.0	0.0	0.0	0.0	0.0	0.0	0.0	0.0	0.0	0.0	0.0	0.0	0.0	0.0	0.0	0.0	0.0	0.0	0.0	0.0	0.0	0.0015	0.0	0.0	0.05	0.03333333333333333	0.08571428571428572	0.0	0.0	0.0	0.0	
Red-necked/Red Phalarope	0.0	0.0	0.0	0.0	0.0	0.0	0.0	0.0	0.0	0.0	0.0	0.0	0.0	0.0	0.0	0.0	0.0	0.0	0.0	0.0	0.0	0.0	0.0	0.0	0.0	0.0	0.0	0.0	0.0	0.0	0.0	0.0	0.0	0.0	0.0	0.0	0.0	0.0	0.0	0.05405405405405406	0.0	0.0	0.0	0.0	0.0	0.0	0.0	0.0	
Spotted Sandpiper	0.02127659574468085	0.0	0.0	0.0	0.0	0.0	0.0	0.0	0.0	0.0	0.0	0.0	0.0	0.0	0.0	0.0	0.0	0.0	0.0	0.0	0.0	0.0	0.0	0.0	0.0	0.0	0.0	0.02631578947368421	0.17647058823529413	0.08571428571428572	0.0	0.022222222222222223	0.0	0.0015	0.03225806451612903	0.03225806451612903	0.0	0.0	0.0	0.02702702702702703	0.0	0.0	0.0	0.0	0.0	0.0	0.0	0.0	
Wandering Tattler	0.0	0.0	0.0	0.0	0.0	0.0	0.0	0.0	0.0	0.0	0.0	0.0	0.0	0.0	0.0	0.05	0.0	0.0	0.0	0.0	0.0	0.0	0.0	0.0	0.0	0.0	0.0	0.0015	0.0	0.0	0.0	0.0	0.0	0.0	0.0	0.0	0.0	0.0	0.0	0.0	0.0	0.0	0.0	0.0	0.0	0.0	0.0	0.0	
Greater Yellowlegs	0.0	0.0	0.0	0.017857142857142856	0.0	0.0	0.0	0.0	0.0	0.0	0.0	0.0	0.05	0.045454545454545456	0.0	0.15	0.0	0.0	0.0	0.0	0.0	0.0	0.0	0.0	0.0	0.0	0.0	0.07894736842105263	0.0	0.02857142857142857	0.04	0.0	0.0	0.02857142857142857	0.0	0.03225806451612903	0.02564102564102564	0.04	0.0	0.0	0.0	0.0	0.0	0.0	0.0	0.0	0.0	0.0	
Willet	0.0	0.0	0.0	0.0	0.0	0.0	0.0	0.0	0.0015	0.0015	0.0	0.0	0.0	0.0	0.0	0.0	0.0	0.0	0.0	0.0	0.0	0.0	0.0	0.0	0.0	0.0	0.0	0.0	0.0	0.0	0.0	0.0	0.0	0.0	0.0	0.0	0.0	0.0	0.0	0.0	0.0	0.0	0.0015	0.0	0.0	0.0	0.0	0.0	
Lesser Yellowlegs	0.0	0.0	0.0	0.0	0.0	0.0	0.0	0.0	0.0	0.0	0.0	0.0	0.0	0.0	0.0	0.0	0.0	0.0	0.0	0.0	0.0	0.0	0.0	0.0	0.0	0.0	0.0	0.0	0.0	0.02857142857142857	0.0	0.0	0.0	0.0	0.0	0.0	0.0	0.0	0.0	0.0	0.0	0.0	0.0	0.0	0.0	0.0	0.0	0.0	
Greater/Lesser Yellowlegs	0.0	0.0	0.0	0.0	0.0	0.0	0.0	0.0	0.0	0.0	0.0	0.0	0.0	0.0	0.0	0.0	0.0	0.0	0.0	0.0	0.0	0.0	0.0	0.0	0.0	0.0	0.0	0.0	0.0	0.0	0.0	0.0	0.0	0.0015	0.0	0.0	0.0	0.0	0.0	0.0	0.0	0.0	0.0	0.0	0.0	0.0	0.0	0.0	
shorebird sp.	0.0	0.0	0.0	0.0	0.0	0.0	0.0	0.0	0.0	0.058823529411764705	0.0	0.0	0.0	0.0	0.0	0.0	0.058823529411764705	0.0	0.0	0.0	0.0	0.0	0.0	0.07692307692307693	0.0	0.0	0.04	0.0	0.0	0.0	0.0	0.0	0.0	0.0	0.0	0.03225806451612903	0.0	0.0	0.0	0.0	0.0	0.0	0.0	0.0	0.0	0.0	0.0	0.0	
Parasitic Jaeger	0.0	0.0	0.0	0.0	0.0	0.0	0.0	0.0	0.0	0.0	0.0	0.0	0.0	0.0	0.0	0.0	0.0	0.0	0.0	0.0	0.0	0.0	0.0	0.0	0.0	0.0	0.0	0.0	0.0	0.0	0.0	0.0	0.034482758620689655	0.0	0.0	0.03225806451612903	0.0	0.04	0.0	0.0	0.0	0.0	0.0	0.0	0.0	0.0	0.0	0.0	
Pomarine/Parasitic Jaeger	0.0	0.0	0.0	0.0	0.0	0.0	0.0	0.0	0.0	0.0	0.0	0.0	0.0	0.0	0.0	0.0	0.0	0.0	0.0	0.0	0.0	0.0	0.0	0.0	0.0	0.0	0.0	0.0	0.0	0.0	0.0	0.0	0.0	0.0	0.0	0.03225806451612903	0.0	0.0	0.0	0.0	0.0	0.0	0.0	0.0	0.0	0.0	0.0	0.0	
Common Murre	0.6382978723404256	0.7647058823529411	0.5208333333333334	0.5714285714285714	0.5882352941176471	0.4666666666666667	0.5483870967741935	0.46153846153846156	0.38461538461538464	0.17647058823529413	0.20689655172413793	0.15789473684210525	0.1	0.2727272727272727	0.30434782608695654	0.15	0.11764705882352941	0.10526315789473684	0.0015	0.08333333333333333	0.0	0.12	0.2	0.07692307692307693	0.2222222222222222	0.125	0.12	0.13157894736842105	0.4117647058823529	0.4857142857142857	0.44	0.24444444444444444	0.27586206896551724	0.3142857142857143	0.41935483870967744	0.45161290322580644	0.5897435897435898	0.36	0.2916666666666667	0.5675675675675675	0.38461538461538464	0.75	0.5	0.5428571428571428	0.47619047619047616	0.3333333333333333	0.75	0.6190476190476191	
Thick-billed Murre	0.14893617021276595	0.14705882352941177	0.20833333333333334	0.125	0.20588235294117646	0.3	0.06451612903225806	0.07692307692307693	0.07692307692307693	0.0	0.0	0.0	0.0	0.0	0.0	0.0	0.0	0.0	0.0	0.0	0.0	0.0	0.0	0.0	0.0	0.0	0.0	0.0	0.0	0.0	0.0	0.0	0.0	0.0	0.0	0.0	0.0	0.0	0.0	0.0	0.0	0.0	0.0	0.0	0.0	0.0	0.0	0.023809523809523808	
Pigeon Guillemot	0.46808510638297873	0.6470588235294118	0.4791666666666667	0.625	0.6764705882352942	0.7	0.5161290322580645	0.8461538461538461	0.6923076923076923	0.5882352941176471	0.5172413793103449	0.631578947368421	0.6	0.6363636363636364	0.782608695652174	0.5	0.6470588235294118	0.6842105263157895	0.6	0.8333333333333334	0.7058823529411765	0.72	0.8	0.8461538461538461	0.8888888888888888	0.625	0.76	0.6578947368421053	0.7647058823529411	0.7428571428571429	0.64	0.3111111111111111	0.2413793103448276	0.2	0.06451612903225806	0.1935483870967742	0.28205128205128205	0.04	0.2916666666666667	0.5675675675675675	0.6153846153846154	0.45	0.5	0.2857142857142857	0.5238095238095238	0.3333333333333333	0.25	0.5238095238095238	
Marbled Murrelet	0.48936170212765956	0.47058823529411764	0.375	0.44642857142857145	0.20588235294117646	0.3	0.25806451612903225	0.3076923076923077	0.23076923076923078	0.058823529411764705	0.10344827586206896	0.10526315789473684	0.4	0.5	0.30434782608695654	0.3	0.5294117647058824	0.3157894736842105	0.3	0.3333333333333333	0.4117647058823529	0.28	0.4	0.38461538461538464	0.6666666666666666	0.25	0.24	0.15789473684210525	0.35294117647058826	0.2571428571428571	0.32	0.2222222222222222	0.13793103448275862	0.14285714285714285	0.06451612903225806	0.12903225806451613	0.1282051282051282	0.12	0.125	0.4864864864864865	0.46153846153846156	0.75	0.4666666666666667	0.5714285714285714	0.5238095238095238	0.3333333333333333	0.5	0.4523809523809524	
Ancient Murrelet	0.14893617021276595	0.058823529411764705	0.020833333333333332	0.017857142857142856	0.0	0.03333333333333333	0.0	0.0	0.0	0.0	0.0	0.0	0.05	0.0	0.0	0.05	0.0	0.0	0.0	0.0	0.0	0.0	0.0	0.0	0.0	0.0	0.0	0.0	0.0	0.0	0.0	0.0	0.0	0.0	0.0	0.0	0.02564102564102564	0.04	0.0	0.0015	0.0	0.15	0.03333333333333333	0.0	0.047619047619047616	0.0	0.0	0.023809523809523808	
murrelet sp.	0.0	0.0	0.0	0.0	0.0	0.0	0.0	0.0	0.0	0.0	0.0	0.0	0.0	0.0	0.0	0.0	0.0	0.0	0.0	0.0	0.0	0.0	0.0	0.0	0.0	0.0	0.0	0.0	0.0	0.0	0.0	0.0	0.0	0.0	0.0	0.0	0.0	0.0	0.0	0.0	0.0	0.0	0.03333333333333333	0.0	0.0	0.0	0.0	0.0	
Cassin's Auklet	0.0	0.029411764705882353	0.0	0.0	0.0	0.0	0.0	0.0	0.0	0.0	0.0	0.0	0.0	0.0	0.0	0.05	0.0	0.0	0.0015	0.0	0.0	0.04	0.0	0.0015	0.0	0.0625	0.0	0.02631578947368421	0.17647058823529413	0.0	0.0	0.022222222222222223	0.0	0.02857142857142857	0.0	0.0	0.02564102564102564	0.0	0.0	0.0015	0.0	0.0	0.0	0.02857142857142857	0.0	0.0	0.0	0.0	
Rhinoceros Auklet	0.19148936170212766	0.058823529411764705	0.08333333333333333	0.14285714285714285	0.17647058823529413	0.1	0.22580645161290322	0.46153846153846156	0.46153846153846156	0.29411764705882354	0.27586206896551724	0.42105263157894735	0.4	0.7272727272727273	0.6956521739130435	0.55	0.8235294117647058	0.631578947368421	0.4	0.6666666666666666	0.6470588235294118	0.68	0.5	0.6923076923076923	1.0	0.5625	0.68	0.5526315789473685	0.7058823529411765	0.6571428571428571	0.68	0.26666666666666666	0.3793103448275862	0.3142857142857143	0.1935483870967742	0.1935483870967742	0.23076923076923078	0.2	0.125	0.2972972972972973	0.23076923076923078	0.4	0.13333333333333333	0.11428571428571428	0.0	0.3333333333333333	0.0	0.11904761904761904	
Horned Puffin	0.0	0.0	0.0	0.0	0.0	0.0	0.0	0.0	0.07692307692307693	0.0	0.0	0.0	0.0	0.0	0.0	0.0	0.0	0.0	0.0	0.0	0.0	0.0	0.0	0.0	0.0	0.0	0.0	0.0	0.0	0.0	0.0	0.0	0.0	0.0	0.0	0.0	0.0	0.0	0.0	0.0	0.0	0.0	0.0	0.0	0.0	0.0	0.0	0.0	
Tufted Puffin	0.0	0.0	0.0	0.0	0.0	0.0	0.0	0.0	0.0	0.0	0.0	0.0	0.0	0.0	0.0	0.0	0.058823529411764705	0.0	0.0	0.0	0.0	0.04	0.0	0.0015	0.0	0.0	0.0	0.0015	0.0	0.0	0.04	0.0	0.0	0.0	0.0	0.0	0.0	0.0	0.0	0.0	0.0	0.0	0.0	0.0	0.0	0.0	0.0	0.0	
alcid sp.	0.0	0.0015	0.0	0.0	0.0	0.0	0.0	0.0	0.0	0.0	0.0	0.0	0.0	0.0	0.0	0.05	0.058823529411764705	0.0	0.0	0.0	0.0	0.0	0.0	0.0	0.0	0.0	0.04	0.02631578947368421	0.0	0.0015	0.0	0.0	0.0	0.0	0.0	0.0	0.0	0.0	0.0	0.0	0.0	0.0	0.0	0.0015	0.0	0.0	0.0	0.047619047619047616	
Black-legged Kittiwake	0.0	0.029411764705882353	0.0	0.0	0.0	0.0	0.0	0.0	0.0	0.0	0.0	0.0	0.0	0.0	0.0	0.0	0.0	0.0	0.0	0.0	0.0	0.0	0.0	0.0	0.0	0.0	0.0	0.0015	0.0	0.0	0.0	0.0	0.0	0.0	0.0	0.0	0.0	0.0	0.0	0.0	0.0	0.05	0.0	0.0	0.0	0.0	0.0	0.023809523809523808	
Sabine's Gull	0.0	0.0	0.0	0.0	0.0	0.0	0.0	0.0	0.0	0.0	0.0	0.0	0.0	0.0	0.0	0.0	0.0015	0.0	0.0	0.0	0.0	0.0	0.0	0.0	0.0	0.0	0.0	0.0	0.0	0.0	0.0	0.0	0.0	0.0	0.0	0.0	0.0	0.0	0.0	0.0	0.0	0.0	0.0	0.0	0.0	0.0	0.0	0.0	
Bonaparte's Gull	0.02127659574468085	0.0	0.0	0.0	0.0	0.0	0.0	0.0	0.0	0.0	0.0	0.0	0.0	0.0	0.0	0.0	0.0	0.0	0.0	0.0	0.0	0.0	0.0	0.0	0.0	0.0	0.0	0.0	0.0	0.0	0.0	0.0	0.0015	0.0	0.0	0.0	0.02564102564102564	0.0	0.0	0.05405405405405406	0.0015	0.0	0.03333333333333333	0.05714285714285714	0.0	0.0	0.0	0.0	
Heermann's Gull	0.0	0.0	0.0	0.0	0.0	0.0	0.0	0.0	0.0	0.0	0.0	0.0	0.0	0.0	0.0	0.0	0.0	0.0	0.0	0.16666666666666666	0.23529411764705882	0.52	0.6	0.7692307692307693	0.8888888888888888	0.875	0.76	0.8421052631578947	0.8823529411764706	0.9142857142857143	0.88	0.6666666666666666	0.7586206896551724	0.7714285714285715	0.8064516129032258	0.8387096774193549	0.8974358974358975	0.8	0.75	0.8108108108108109	0.5384615384615384	0.25	0.16666666666666666	0.08571428571428572	0.0	0.0	0.0	0.0	
Mew Gull	0.5106382978723404	0.5294117647058824	0.375	0.5178571428571429	0.47058823529411764	0.5	0.3870967741935484	0.6153846153846154	0.46153846153846156	0.23529411764705882	0.20689655172413793	0.15789473684210525	0.15	0.18181818181818182	0.08695652173913043	0.0015	0.11764705882352941	0.05263157894736842	0.1	0.16666666666666666	0.0	0.04	0.0	0.07692307692307693	0.2222222222222222	0.0625	0.04	0.05263157894736842	0.0	0.08571428571428572	0.16	0.1111111111111111	0.10344827586206896	0.17142857142857143	0.16129032258064516	0.22580645161290322	0.28205128205128205	0.36	0.4583333333333333	0.5675675675675675	0.5384615384615384	0.55	0.43333333333333335	0.34285714285714286	0.42857142857142855	0.0	0.75	0.38095238095238093	
Ring-billed Gull	0.02127659574468085	0.08823529411764706	0.0015	0.05357142857142857	0.029411764705882353	0.0	0.0	0.15384615384615385	0.07692307692307693	0.058823529411764705	0.0	0.0	0.0	0.045454545454545456	0.13043478260869565	0.05	0.058823529411764705	0.10526315789473684	0.1	0.16666666666666666	0.11764705882352941	0.04	0.2	0.15384615384615385	0.4444444444444444	0.1875	0.2	0.10526315789473684	0.11764705882352941	0.14285714285714285	0.16	0.1111111111111111	0.1724137931034483	0.22857142857142856	0.12903225806451613	0.25806451612903225	0.15384615384615385	0.12	0.16666666666666666	0.10810810810810811	0.0	0.05	0.03333333333333333	0.08571428571428572	0.0	0.0	0.0	0.023809523809523808	
Western Gull	0.3617021276595745	0.6176470588235294	0.20833333333333334	0.4642857142857143	0.35294117647058826	0.36666666666666664	0.2903225806451613	0.38461538461538464	0.46153846153846156	0.11764705882352941	0.27586206896551724	0.21052631578947367	0.1	0.13636363636363635	0.21739130434782608	0.2	0.11764705882352941	0.10526315789473684	0.2	0.5833333333333334	0.35294117647058826	0.24	0.5	0.15384615384615385	0.1111111111111111	0.375	0.52	0.21052631578947367	0.17647058823529413	0.2	0.16	0.13333333333333333	0.1724137931034483	0.17142857142857143	0.22580645161290322	0.3225806451612903	0.358974358974359	0.2	0.20833333333333334	0.24324324324324326	0.15384615384615385	0.3	0.4666666666666667	0.3142857142857143	0.2857142857142857	0.3333333333333333	0.0015	0.38095238095238093	
California Gull	0.0	0.058823529411764705	0.041666666666666664	0.05357142857142857	0.08823529411764706	0.06666666666666667	0.06451612903225806	0.07692307692307693	0.07692307692307693	0.058823529411764705	0.10344827586206896	0.0	0.1	0.09090909090909091	0.043478260869565216	0.0	0.17647058823529413	0.15789473684210525	0.0	0.4166666666666667	0.4117647058823529	0.4	0.5	0.46153846153846156	0.5555555555555556	0.4375	0.56	0.7631578947368421	0.7647058823529411	0.8	0.8	0.4888888888888889	0.5862068965517241	0.6857142857142857	0.7741935483870968	0.7419354838709677	0.717948717948718	0.56	0.5	0.5945945945945946	0.46153846153846156	0.45	0.3333333333333333	0.2	0.047619047619047616	0.0	0.0	0.047619047619047616	
Herring Gull	0.1702127659574468	0.11764705882352941	0.10416666666666667	0.16071428571428573	0.058823529411764705	0.16666666666666666	0.12903225806451613	0.3076923076923077	0.15384615384615385	0.0	0.034482758620689655	0.10526315789473684	0.05	0.045454545454545456	0.13043478260869565	0.0015	0.11764705882352941	0.0	0.1	0.0	0.0	0.0	0.0	0.0	0.0	0.0	0.0	0.0	0.058823529411764705	0.02857142857142857	0.0	0.044444444444444446	0.06896551724137931	0.08571428571428572	0.16129032258064516	0.16129032258064516	0.20512820512820512	0.24	0.3333333333333333	0.24324324324324326	0.07692307692307693	0.3	0.3333333333333333	0.14285714285714285	0.047619047619047616	0.0	0.5	0.14285714285714285	
Iceland Gull	0.14893617021276595	0.058823529411764705	0.08333333333333333	0.19642857142857142	0.058823529411764705	0.1	0.0967741935483871	0.07692307692307693	0.0	0.17647058823529413	0.06896551724137931	0.05263157894736842	0.0	0.045454545454545456	0.0	0.1	0.058823529411764705	0.05263157894736842	0.0	0.0	0.0	0.0	0.0	0.0	0.0	0.0	0.0	0.0	0.0	0.0	0.0	0.0	0.0	0.02857142857142857	0.0967741935483871	0.0967741935483871	0.02564102564102564	0.16	0.08333333333333333	0.05405405405405406	0.0015	0.2	0.16666666666666666	0.2	0.047619047619047616	0.0	0.0	0.11904761904761904	
Herring/Iceland Gull	0.02127659574468085	0.0	0.0	0.017857142857142856	0.0	0.03333333333333333	0.0	0.0	0.0	0.0	0.0	0.0	0.0	0.0	0.0	0.0	0.0	0.0	0.0	0.0	0.0	0.0	0.0	0.0	0.0	0.0	0.0	0.0	0.0	0.0	0.0	0.0	0.0	0.0	0.0	0.0	0.02564102564102564	0.0	0.0	0.0	0.0	0.0	0.03333333333333333	0.0	0.0	0.0	0.0	0.0	
Glaucous-winged Gull	0.6808510638297872	0.7647058823529411	0.5208333333333334	0.625	0.6470588235294118	0.6	0.6129032258064516	0.9230769230769231	0.5384615384615384	0.6470588235294118	0.5862068965517241	0.5263157894736842	0.65	0.3181818181818182	0.5217391304347826	0.45	0.6470588235294118	0.7894736842105263	0.5	0.5833333333333334	0.5882352941176471	0.64	0.8	0.6153846153846154	0.8888888888888888	0.8125	0.56	0.7631578947368421	0.5882352941176471	0.7428571428571429	0.72	0.4888888888888889	0.5172413793103449	0.6857142857142857	0.7419354838709677	0.6129032258064516	0.6923076923076923	0.56	0.5416666666666666	0.6756756756756757	0.7692307692307693	0.55	0.7333333333333333	0.6285714285714286	0.47619047619047616	0.0	0.75	0.8095238095238095	
Western x Glaucous-winged Gull (hybrid)	0.425531914893617	0.4411764705882353	0.20833333333333334	0.35714285714285715	0.38235294117647056	0.3333333333333333	0.2903225806451613	0.46153846153846156	0.15384615384615385	0.29411764705882354	0.27586206896551724	0.42105263157894735	0.25	0.2727272727272727	0.34782608695652173	0.1	0.17647058823529413	0.42105263157894735	0.1	0.3333333333333333	0.4117647058823529	0.32	0.2	0.3076923076923077	0.1111111111111111	0.25	0.12	0.13157894736842105	0.29411764705882354	0.2	0.24	0.15555555555555556	0.20689655172413793	0.22857142857142856	0.22580645161290322	0.3870967741935484	0.2564102564102564	0.24	0.2916666666666667	0.1891891891891892	0.46153846153846156	0.5	0.3333333333333333	0.34285714285714286	0.3333333333333333	0.0	0.25	0.3333333333333333	
Herring x Glaucous-winged Gull (hybrid)	0.02127659574468085	0.0	0.0	0.017857142857142856	0.0015	0.0	0.0	0.0	0.0015	0.0	0.0	0.0	0.0	0.0	0.0	0.0	0.0	0.0	0.0	0.0	0.0	0.0	0.0	0.0	0.0	0.0	0.0	0.0	0.0	0.0	0.0	0.0	0.0	0.0	0.0	0.0	0.0	0.0	0.0	0.02702702702702703	0.0	0.05	0.03333333333333333	0.02857142857142857	0.0	0.0	0.0	0.0	
Western/Glaucous-winged Gull	0.10638297872340426	0.11764705882352941	0.08333333333333333	0.21428571428571427	0.058823529411764705	0.13333333333333333	0.16129032258064516	0.0	0.07692307692307693	0.058823529411764705	0.06896551724137931	0.10526315789473684	0.15	0.045454545454545456	0.08695652173913043	0.15	0.17647058823529413	0.10526315789473684	0.3	0.0	0.0	0.12	0.0	0.0015	0.1111111111111111	0.0625	0.08	0.07894736842105263	0.0	0.02857142857142857	0.08	0.044444444444444446	0.06896551724137931	0.05714285714285714	0.0	0.03225806451612903	0.20512820512820512	0.2	0.16666666666666666	0.21621621621621623	0.07692307692307693	0.05	0.03333333333333333	0.05714285714285714	0.0	0.0	0.5	0.0	
Glaucous Gull	0.0015	0.0015	0.0015	0.017857142857142856	0.0	0.0	0.0	0.0015	0.0	0.0	0.0	0.0	0.0	0.0	0.0	0.0	0.0	0.05263157894736842	0.0015	0.0	0.0	0.0	0.0	0.0	0.0	0.0	0.0	0.0	0.0	0.0	0.0	0.0	0.0	0.0	0.0	0.0	0.0	0.0	0.0	0.0	0.0	0.0015	0.03333333333333333	0.0	0.0	0.0	0.0	0.0	
Glaucous-winged x Glaucous Gull (hybrid)	0.0	0.0	0.0	0.0	0.0	0.0	0.0	0.0	0.0	0.058823529411764705	0.0	0.0	0.0	0.0	0.0	0.0	0.0	0.0	0.0	0.0	0.0	0.0	0.0	0.0	0.0	0.0	0.0	0.0	0.0	0.0	0.0	0.0	0.0	0.0	0.0	0.0	0.0	0.0	0.0	0.0	0.0	0.0	0.0	0.0	0.0	0.0	0.0	0.0	
Larus sp.	0.0851063829787234	0.029411764705882353	0.0625	0.125	0.0	0.1	0.03225806451612903	0.15384615384615385	0.07692307692307693	0.11764705882352941	0.034482758620689655	0.05263157894736842	0.0015	0.045454545454545456	0.0	0.0	0.0	0.10526315789473684	0.0	0.0	0.17647058823529413	0.04	0.1	0.07692307692307693	0.0015	0.125	0.12	0.0	0.058823529411764705	0.08571428571428572	0.0	0.044444444444444446	0.06896551724137931	0.08571428571428572	0.03225806451612903	0.16129032258064516	0.05128205128205128	0.08	0.08333333333333333	0.05405405405405406	0.0	0.1	0.16666666666666666	0.08571428571428572	0.047619047619047616	0.3333333333333333	0.25	0.07142857142857142	
gull sp.	0.3617021276595745	0.20588235294117646	0.20833333333333334	0.08928571428571429	0.3235294117647059	0.2	0.1935483870967742	0.15384615384615385	0.3076923076923077	0.29411764705882354	0.20689655172413793	0.2631578947368421	0.2	0.18181818181818182	0.30434782608695654	0.2	0.11764705882352941	0.21052631578947367	0.2	0.4166666666666667	0.058823529411764705	0.12	0.1	0.07692307692307693	0.1111111111111111	0.1875	0.12	0.10526315789473684	0.11764705882352941	0.08571428571428572	0.12	0.2	0.13793103448275862	0.08571428571428572	0.16129032258064516	0.1935483870967742	0.4358974358974359	0.28	0.3333333333333333	0.13513513513513514	0.5384615384615384	0.15	0.3	0.3142857142857143	0.3333333333333333	0.3333333333333333	0.0	0.2619047619047619	
Caspian Tern	0.0	0.0	0.0	0.0	0.0	0.0	0.0	0.0	0.0	0.0	0.0	0.0	0.1	0.09090909090909091	0.043478260869565216	0.0	0.0	0.05263157894736842	0.1	0.08333333333333333	0.0	0.04	0.2	0.07692307692307693	0.2222222222222222	0.0625	0.04	0.07894736842105263	0.0	0.08571428571428572	0.04	0.044444444444444446	0.0	0.05714285714285714	0.03225806451612903	0.03225806451612903	0.0	0.0	0.0	0.0	0.0	0.0	0.0	0.0	0.0	0.0	0.0	0.0	
Common Tern	0.0	0.0	0.0	0.0	0.0	0.0	0.0	0.0	0.0	0.0	0.0	0.0	0.0	0.0	0.0	0.0	0.0	0.0	0.0	0.0	0.0	0.0	0.0	0.07692307692307693	0.0	0.0	0.0	0.0	0.0	0.0015	0.04	0.022222222222222223	0.0	0.0	0.0967741935483871	0.0	0.0	0.0	0.0	0.0	0.0	0.0	0.0	0.0	0.0	0.0	0.0	0.0	
Arctic Tern	0.0	0.0	0.0	0.0	0.0	0.0	0.0	0.0	0.0	0.0	0.0	0.0	0.0	0.0	0.0	0.0	0.0	0.0	0.0	0.0	0.0	0.0	0.0	0.0	0.0	0.0	0.0	0.0	0.0	0.0015	0.0	0.0	0.0015	0.02857142857142857	0.0	0.0	0.0	0.0	0.0	0.0	0.0	0.0	0.0	0.0	0.0	0.0	0.0	0.0	
Common/Arctic Tern	0.0	0.0	0.0	0.0	0.0	0.0	0.0	0.0	0.0	0.0	0.0	0.0	0.0	0.0	0.0	0.0	0.0	0.0	0.0	0.0	0.0	0.0	0.0	0.0	0.0	0.0	0.0	0.0	0.0	0.0	0.0	0.0	0.0015	0.0	0.0	0.0	0.0	0.0	0.0	0.0	0.0	0.0	0.0	0.0	0.0	0.0	0.0	0.0	
Sterna sp.	0.0	0.0	0.0	0.0	0.0	0.0	0.0	0.0	0.0	0.0	0.0	0.0	0.0	0.0	0.0	0.0	0.0	0.0	0.0	0.0	0.0	0.0	0.0	0.0	0.0	0.0	0.0	0.0	0.0	0.0	0.0	0.0	0.034482758620689655	0.0	0.0	0.0	0.0	0.0	0.0	0.0	0.0	0.0	0.0	0.0	0.0	0.0	0.0	0.0	
tern sp.	0.0	0.0	0.0	0.0	0.0	0.0	0.0	0.0	0.0	0.0	0.0	0.0	0.0	0.0	0.0	0.0	0.0	0.0	0.0	0.0	0.058823529411764705	0.0	0.0	0.0	0.0	0.0	0.0	0.0	0.0	0.0	0.0	0.0	0.0	0.0	0.0	0.0	0.0	0.0	0.0	0.0	0.0	0.0	0.0	0.0	0.0	0.0	0.0	0.0	
Red-throated Loon	0.1276595744680851	0.20588235294117646	0.0625	0.08928571428571429	0.11764705882352941	0.16666666666666666	0.0967741935483871	0.15384615384615385	0.07692307692307693	0.17647058823529413	0.10344827586206896	0.0	0.05	0.18181818181818182	0.21739130434782608	0.15	0.058823529411764705	0.0	0.0	0.0	0.0	0.12	0.0	0.0	0.0	0.0	0.0	0.05263157894736842	0.0	0.0	0.0	0.022222222222222223	0.13793103448275862	0.0	0.12903225806451613	0.12903225806451613	0.02564102564102564	0.0	0.125	0.13513513513513514	0.07692307692307693	0.55	0.16666666666666666	0.45714285714285713	0.38095238095238093	0.0	0.5	0.2619047619047619	
Pacific Loon	0.3829787234042553	0.29411764705882354	0.1875	0.30357142857142855	0.17647058823529413	0.2	0.25806451612903225	0.3076923076923077	0.46153846153846156	0.23529411764705882	0.13793103448275862	0.10526315789473684	0.05	0.2727272727272727	0.13043478260869565	0.15	0.11764705882352941	0.2631578947368421	0.1	0.25	0.058823529411764705	0.0	0.2	0.07692307692307693	0.0	0.0	0.0	0.0	0.058823529411764705	0.0	0.12	0.044444444444444446	0.10344827586206896	0.05714285714285714	0.06451612903225806	0.0967741935483871	0.23076923076923078	0.2	0.125	0.24324324324324326	0.3076923076923077	0.35	0.4	0.2857142857142857	0.3333333333333333	0.0	0.25	0.3333333333333333	
Common Loon	0.7659574468085106	0.8529411764705882	0.7916666666666666	0.8571428571428571	0.8823529411764706	0.8333333333333334	0.8064516129032258	0.8461538461538461	0.9230769230769231	0.6470588235294118	0.8275862068965517	0.8947368421052632	0.85	0.9090909090909091	0.782608695652174	0.7	0.6470588235294118	0.631578947368421	0.6	0.3333333333333333	0.23529411764705882	0.08	0.1	0.15384615384615385	0.2222222222222222	0.0625	0.04	0.02631578947368421	0.17647058823529413	0.08571428571428572	0.12	0.1111111111111111	0.4482758620689655	0.5142857142857142	0.6129032258064516	0.7096774193548387	0.7692307692307693	0.68	0.9583333333333334	0.8378378378378378	0.8461538461538461	0.85	0.9	0.8285714285714286	0.8095238095238095	0.6666666666666666	1.0	0.8809523809523809	
Yellow-billed Loon	0.0015	0.0	0.0	0.017857142857142856	0.0	0.03333333333333333	0.0	0.0	0.0	0.0	0.0	0.0	0.0	0.045454545454545456	0.0	0.0	0.0	0.05263157894736842	0.0	0.0	0.0	0.0	0.0	0.0	0.0	0.0	0.0	0.0	0.0	0.0	0.0	0.0	0.0	0.0	0.0	0.0	0.0	0.0	0.0	0.02702702702702703	0.0	0.0	0.0	0.02857142857142857	0.09523809523809523	0.0	0.0	0.0	
loon sp.	0.0851063829787234	0.029411764705882353	0.020833333333333332	0.017857142857142856	0.0	0.06666666666666667	0.0	0.0	0.07692307692307693	0.058823529411764705	0.034482758620689655	0.0	0.1	0.045454545454545456	0.13043478260869565	0.05	0.0	0.0	0.0	0.0	0.0	0.0	0.0	0.0	0.0	0.0625	0.04	0.0	0.0	0.0	0.0	0.044444444444444446	0.034482758620689655	0.0	0.03225806451612903	0.0	0.0	0.04	0.0	0.05405405405405406	0.15384615384615385	0.05	0.0	0.05714285714285714	0.0	0.0	0.0	0.023809523809523808	
Fork-tailed Storm-Petrel	0.0	0.0	0.0	0.0	0.0	0.0	0.0	0.0	0.0	0.0	0.0	0.0	0.0	0.0	0.0	0.0	0.0	0.0	0.0	0.0	0.0	0.0	0.0	0.0	0.0	0.0	0.0	0.0	0.0	0.0	0.0	0.0	0.0	0.0	0.0	0.0	0.0	0.0	0.0	0.0	0.0	0.05	0.0	0.0	0.0	0.0	0.0	0.0	
Pink-footed Shearwater	0.0	0.0	0.0	0.0	0.0	0.0	0.0	0.0	0.0	0.0	0.0	0.0	0.0	0.0	0.0	0.0	0.0	0.0	0.0	0.0	0.0	0.0	0.0	0.0	0.0	0.0	0.0	0.0	0.0	0.0	0.0	0.0	0.0	0.0	0.0	0.03225806451612903	0.0	0.0	0.0	0.0	0.0	0.0	0.0	0.0	0.0	0.0	0.0	0.0	
Sooty Shearwater	0.0	0.0	0.0	0.0	0.0	0.0	0.0	0.0	0.0	0.0	0.0	0.0	0.0	0.0	0.0	0.0	0.0	0.0	0.0	0.0	0.0	0.0	0.0	0.0	0.0	0.0	0.0	0.0	0.0	0.0	0.0	0.0	0.0	0.0	0.0	0.03225806451612903	0.0	0.0	0.0	0.0	0.0	0.0	0.0	0.0	0.0	0.0	0.0	0.0	
Short-tailed Shearwater	0.0	0.0	0.0	0.0	0.0	0.0	0.0	0.0	0.0	0.0	0.0	0.0	0.0	0.0	0.0	0.0	0.0	0.0	0.0	0.0	0.0	0.0	0.0	0.0	0.0	0.0	0.0	0.0	0.0	0.0	0.0	0.0	0.0	0.0	0.0	0.03225806451612903	0.0	0.0	0.0	0.0	0.0	0.0	0.0	0.0015	0.047619047619047616	0.0	0.25	0.0015	
Brandt's Cormorant	0.46808510638297873	0.4117647058823529	0.22916666666666666	0.4107142857142857	0.3235294117647059	0.4666666666666667	0.41935483870967744	0.15384615384615385	0.38461538461538464	0.058823529411764705	0.20689655172413793	0.2631578947368421	0.2	0.22727272727272727	0.13043478260869565	0.1	0.058823529411764705	0.10526315789473684	0.1	0.0015	0.058823529411764705	0.12	0.0015	0.07692307692307693	0.2222222222222222	0.0625	0.0	0.10526315789473684	0.11764705882352941	0.22857142857142856	0.12	0.15555555555555556	0.2413793103448276	0.2	0.25806451612903225	0.25806451612903225	0.15384615384615385	0.4	0.25	0.2972972972972973	0.23076923076923078	0.5	0.4	0.4	0.42857142857142855	0.0	0.5	0.38095238095238093	
Pelagic Cormorant	0.7446808510638298	0.8235294117647058	0.7708333333333334	0.8035714285714286	0.8235294117647058	0.7666666666666667	0.7096774193548387	0.8461538461538461	0.7692307692307693	0.7058823529411765	0.7241379310344828	0.6842105263157895	0.8	0.8181818181818182	0.9130434782608695	0.65	0.7058823529411765	0.8421052631578947	0.7	1.0	0.9411764705882353	0.84	0.9	0.9230769230769231	0.8888888888888888	0.6875	0.64	0.7368421052631579	0.8235294117647058	0.8	0.72	0.6666666666666666	0.6896551724137931	0.7428571428571429	0.8387096774193549	0.7741935483870968	0.7692307692307693	0.64	0.8333333333333334	0.918918918918919	0.7692307692307693	0.9	0.8333333333333334	0.8571428571428571	0.8095238095238095	0.6666666666666666	0.75	0.8809523809523809	
Double-crested Cormorant	0.6382978723404256	0.5882352941176471	0.5833333333333334	0.6428571428571429	0.5588235294117647	0.4666666666666667	0.5161290322580645	0.6923076923076923	0.6153846153846154	0.5882352941176471	0.6206896551724138	0.47368421052631576	0.55	0.3181818181818182	0.34782608695652173	0.25	0.17647058823529413	0.05263157894736842	0.1	0.08333333333333333	0.11764705882352941	0.24	0.2	0.23076923076923078	0.4444444444444444	0.3125	0.08	0.15789473684210525	0.058823529411764705	0.2	0.28	0.26666666666666666	0.3103448275862069	0.34285714285714286	0.5483870967741935	0.41935483870967744	0.6410256410256411	0.48	0.625	0.5945945945945946	0.6153846153846154	0.8	0.7333333333333333	0.7428571428571429	0.6666666666666666	0.6666666666666666	0.75	0.5476190476190477	
cormorant sp.	0.2127659574468085	0.08823529411764706	0.1875	0.16071428571428573	0.058823529411764705	0.06666666666666667	0.16129032258064516	0.07692307692307693	0.23076923076923078	0.11764705882352941	0.20689655172413793	0.05263157894736842	0.1	0.045454545454545456	0.0015	0.0	0.058823529411764705	0.05263157894736842	0.3	0.08333333333333333	0.0	0.0	0.0	0.0015	0.1111111111111111	0.125	0.12	0.13157894736842105	0.058823529411764705	0.08571428571428572	0.0	0.044444444444444446	0.1724137931034483	0.05714285714285714	0.0967741935483871	0.12903225806451613	0.15384615384615385	0.16	0.041666666666666664	0.05405405405405406	0.07692307692307693	0.05	0.2	0.17142857142857143	0.09523809523809523	0.3333333333333333	0.0	0.047619047619047616	
Brown Pelican	0.0851063829787234	0.058823529411764705	0.0	0.0	0.0	0.0	0.0	0.0	0.0	0.058823529411764705	0.0	0.0	0.0	0.0	0.0	0.0	0.0	0.0	0.0	0.0	0.0	0.0	0.0	0.0	0.0	0.0	0.0	0.0	0.0	0.0	0.0	0.0	0.0015	0.0015	0.03225806451612903	0.0	0.05128205128205128	0.0	0.0	0.0	0.0	0.0	0.03333333333333333	0.05714285714285714	0.0	0.0	0.0	0.07142857142857142	
Great Blue Heron	0.5319148936170213	0.6176470588235294	0.5416666666666666	0.6071428571428571	0.6176470588235294	0.43333333333333335	0.5161290322580645	0.6153846153846154	0.23076923076923078	0.23529411764705882	0.20689655172413793	0.3157894736842105	0.3	0.18181818181818182	0.17391304347826086	0.1	0.23529411764705882	0.21052631578947367	0.1	0.25	0.35294117647058826	0.28	0.4	0.15384615384615385	0.3333333333333333	0.3125	0.24	0.3684210526315789	0.17647058823529413	0.42857142857142855	0.4	0.37777777777777777	0.4827586206896552	0.5142857142857142	0.4838709677419355	0.6451612903225806	0.6923076923076923	0.68	0.5833333333333334	0.7837837837837838	0.6923076923076923	0.65	0.7666666666666667	0.6857142857142857	0.5714285714285714	1.0	1.0	0.38095238095238093	
Green Heron	0.0	0.0	0.0	0.0	0.0	0.0	0.03225806451612903	0.0	0.0	0.0	0.0	0.0	0.0	0.0	0.0	0.0	0.0	0.0	0.0	0.0	0.0	0.0	0.0	0.0	0.0	0.0	0.0	0.0	0.0	0.0	0.0	0.0	0.0	0.0	0.0	0.0	0.0	0.0	0.0	0.0	0.0	0.0	0.0	0.0	0.0	0.0	0.0	0.0	
Turkey Vulture	0.0	0.0	0.0	0.0	0.0	0.0	0.0015	0.0	0.0	0.0	0.06896551724137931	0.05263157894736842	0.05	0.045454545454545456	0.043478260869565216	0.0	0.11764705882352941	0.0	0.0	0.0	0.0	0.0	0.0	0.07692307692307693	0.2222222222222222	0.0	0.0	0.02631578947368421	0.0	0.0	0.0	0.0	0.0	0.0015	0.0015	0.03225806451612903	0.0	0.0	0.0	0.02702702702702703	0.0	0.0	0.0	0.0	0.0	0.0	0.0	0.0	
Osprey	0.0	0.0	0.0	0.0	0.0	0.0	0.0	0.0	0.0	0.0	0.0	0.0	0.05	0.0	0.043478260869565216	0.0	0.0	0.0	0.0	0.08333333333333333	0.0	0.0	0.0	0.07692307692307693	0.2222222222222222	0.0625	0.0	0.0	0.0	0.0	0.0	0.0	0.034482758620689655	0.05714285714285714	0.06451612903225806	0.0	0.0	0.0	0.0	0.0	0.0	0.0	0.0	0.0	0.0	0.0	0.0	0.0	
Northern Harrier	0.02127659574468085	0.0	0.0	0.0	0.0	0.0	0.0	0.0	0.0	0.0	0.0	0.0	0.05	0.0	0.0	0.0	0.0	0.0	0.0	0.0	0.0	0.0	0.0	0.0	0.0	0.0	0.0	0.0	0.0	0.02857142857142857	0.04	0.022222222222222223	0.0015	0.0	0.0	0.0	0.0	0.04	0.0	0.02702702702702703	0.0	0.0	0.0	0.0	0.0	0.3333333333333333	0.0	0.0	
Sharp-shinned Hawk	0.02127659574468085	0.0	0.0015	0.0	0.0	0.0	0.03225806451612903	0.0	0.0	0.0	0.0	0.0	0.0	0.0	0.0	0.0	0.0	0.0	0.0	0.0	0.0	0.0	0.0	0.0	0.0	0.0	0.0	0.0	0.0	0.0	0.0	0.022222222222222223	0.034482758620689655	0.0	0.0	0.0	0.0	0.0	0.0	0.0	0.0	0.0015	0.0	0.02857142857142857	0.0	0.0	0.0	0.0	
Cooper's Hawk	0.02127659574468085	0.0	0.0	0.0	0.0	0.0	0.06451612903225806	0.0	0.0	0.0	0.034482758620689655	0.0	0.0	0.0	0.0	0.0	0.0	0.0	0.0	0.0	0.0	0.0	0.0	0.0	0.0	0.0	0.0	0.02631578947368421	0.0	0.0	0.04	0.022222222222222223	0.0	0.0	0.0	0.0	0.07692307692307693	0.0	0.0	0.0	0.0	0.0	0.0	0.0	0.0	0.0	0.0	0.0	
Accipiter sp.	0.0	0.0	0.0	0.0	0.0	0.0	0.0	0.0	0.0	0.0	0.0	0.0	0.0	0.0	0.0	0.0	0.0	0.0	0.0	0.0	0.0	0.0	0.0	0.0	0.0	0.0	0.0	0.0	0.0	0.0	0.0	0.022222222222222223	0.0	0.0	0.0	0.0	0.0	0.0	0.0	0.0	0.0	0.0	0.0	0.0	0.0	0.0	0.0	0.0	
Bald Eagle	0.425531914893617	0.38235294117647056	0.3125	0.30357142857142855	0.35294117647058826	0.36666666666666664	0.4838709677419355	0.46153846153846156	0.46153846153846156	0.4117647058823529	0.27586206896551724	0.3157894736842105	0.25	0.045454545454545456	0.34782608695652173	0.2	0.29411764705882354	0.3684210526315789	0.0015	0.3333333333333333	0.29411764705882354	0.2	0.1	0.3076923076923077	0.5555555555555556	0.0625	0.32	0.13157894736842105	0.0	0.08571428571428572	0.0	0.1111111111111111	0.06896551724137931	0.0	0.03225806451612903	0.06451612903225806	0.1282051282051282	0.12	0.125	0.13513513513513514	0.07692307692307693	0.3	0.26666666666666666	0.2	0.19047619047619047	0.3333333333333333	0.5	0.23809523809523808	
Red-tailed Hawk	0.0	0.029411764705882353	0.020833333333333332	0.05357142857142857	0.029411764705882353	0.06666666666666667	0.06451612903225806	0.07692307692307693	0.15384615384615385	0.058823529411764705	0.034482758620689655	0.05263157894736842	0.05	0.0	0.043478260869565216	0.0	0.0	0.0	0.0	0.0	0.0	0.0	0.0	0.0	0.0	0.0	0.0	0.0	0.0	0.11428571428571428	0.0	0.044444444444444446	0.034482758620689655	0.0	0.0	0.0	0.0	0.04	0.041666666666666664	0.02702702702702703	0.0	0.05	0.03333333333333333	0.08571428571428572	0.0	0.0	0.25	0.0	
Snowy Owl	0.0	0.0	0.0	0.0	0.0	0.0	0.0015	0.0	0.0	0.0	0.0	0.0	0.0	0.0	0.0	0.0	0.0	0.0	0.0	0.0	0.0	0.0	0.0	0.0	0.0	0.0	0.0	0.0	0.0	0.0	0.0	0.0	0.0	0.0	0.0	0.0	0.0	0.0	0.0	0.0	0.0	0.0	0.0	0.0015	0.047619047619047616	0.0	0.0	0.0015	
Northern Pygmy-Owl	0.0	0.0	0.0	0.0	0.0	0.0	0.0	0.0	0.0	0.0	0.0	0.0	0.0	0.0	0.0	0.0	0.0	0.0	0.0	0.0	0.0	0.0	0.0	0.0	0.0	0.0	0.0	0.0	0.0	0.02857142857142857	0.0	0.0	0.0	0.0	0.0	0.0	0.0	0.0	0.0	0.0	0.0	0.0	0.0	0.0	0.0	0.0	0.0	0.0	
Belted Kingfisher	0.0851063829787234	0.2647058823529412	0.125	0.35714285714285715	0.17647058823529413	0.2	0.22580645161290322	0.23076923076923078	0.15384615384615385	0.23529411764705882	0.2413793103448276	0.05263157894736842	0.0015	0.18181818181818182	0.17391304347826086	0.05	0.058823529411764705	0.05263157894736842	0.1	0.0	0.11764705882352941	0.24	0.1	0.15384615384615385	0.4444444444444444	0.3125	0.08	0.15789473684210525	0.058823529411764705	0.2	0.12	0.17777777777777778	0.27586206896551724	0.3142857142857143	0.16129032258064516	0.16129032258064516	0.28205128205128205	0.16	0.20833333333333334	0.24324324324324326	0.5384615384615384	0.4	0.2	0.2857142857142857	0.14285714285714285	0.3333333333333333	0.25	0.19047619047619047	
Red-breasted Sapsucker	0.0	0.0	0.0	0.0	0.0	0.0	0.0	0.0	0.0	0.0	0.0	0.0	0.0	0.0	0.0	0.0	0.0	0.0	0.0	0.0	0.0	0.0	0.0	0.0	0.0	0.0	0.0	0.0	0.0	0.0	0.0	0.0	0.0	0.0	0.0	0.0	0.0	0.0015	0.0	0.0	0.0	0.0	0.0	0.0	0.047619047619047616	0.0	0.0	0.0	
Downy Woodpecker	0.0	0.0	0.020833333333333332	0.017857142857142856	0.0	0.0	0.03225806451612903	0.0	0.0	0.0	0.06896551724137931	0.0	0.0	0.0	0.0	0.0	0.0	0.0	0.0	0.0	0.0	0.0	0.0	0.0	0.0	0.0625	0.0	0.0	0.0	0.0	0.0	0.0	0.0	0.0	0.0	0.0	0.02564102564102564	0.0	0.0	0.0	0.0	0.0	0.0	0.0	0.0	0.0	0.0	0.023809523809523808	
Northern Flicker	0.0425531914893617	0.029411764705882353	0.0	0.0	0.058823529411764705	0.03333333333333333	0.03225806451612903	0.07692307692307693	0.0	0.0	0.0	0.0	0.0	0.0	0.0	0.0	0.0	0.0	0.0	0.0	0.0	0.0	0.0	0.0	0.0	0.0	0.0	0.0	0.0	0.02857142857142857	0.04	0.0	0.0	0.0	0.0	0.0	0.10256410256410256	0.0015	0.041666666666666664	0.0	0.0	0.1	0.03333333333333333	0.0	0.14285714285714285	0.0	0.25	0.047619047619047616	
American Kestrel	0.0	0.0015	0.0015	0.0	0.0	0.0	0.0	0.0	0.0	0.0	0.0	0.0	0.0	0.0	0.0	0.0	0.0	0.0	0.0	0.0	0.0	0.0	0.0	0.0	0.0	0.0	0.0	0.05263157894736842	0.058823529411764705	0.02857142857142857	0.0	0.0	0.0	0.0	0.03225806451612903	0.0	0.0	0.0	0.0	0.0	0.0	0.0	0.0	0.0	0.0	0.0	0.0	0.0	
Merlin	0.0	0.0	0.0	0.0	0.0	0.0	0.0	0.0	0.0	0.0	0.0	0.0	0.0	0.0	0.0	0.0	0.0	0.0	0.0	0.0	0.0	0.0	0.0	0.0	0.0	0.0	0.0	0.0	0.0	0.0	0.0	0.022222222222222223	0.0	0.0	0.0	0.03225806451612903	0.02564102564102564	0.0015	0.0	0.0	0.0	0.05	0.0	0.0	0.09523809523809523	0.0	0.0	0.0	
Peregrine Falcon	0.06382978723404255	0.11764705882352941	0.020833333333333332	0.03571428571428571	0.029411764705882353	0.0	0.03225806451612903	0.07692307692307693	0.0	0.0	0.0	0.0	0.05	0.0	0.0	0.05	0.0	0.10526315789473684	0.0	0.0	0.0	0.0	0.0	0.0	0.1111111111111111	0.125	0.0015	0.05263157894736842	0.17647058823529413	0.05714285714285714	0.0	0.0	0.034482758620689655	0.0	0.0	0.06451612903225806	0.05128205128205128	0.0	0.0	0.02702702702702703	0.0	0.05	0.06666666666666667	0.05714285714285714	0.047619047619047616	0.3333333333333333	0.0	0.047619047619047616	
Willow Flycatcher	0.0	0.0	0.0	0.0	0.0	0.0	0.0	0.0	0.0	0.0	0.0	0.0	0.0	0.0	0.0	0.0	0.0	0.0	0.0	0.0	0.0	0.0	0.0	0.0	0.0	0.0	0.0	0.0	0.0	0.02857142857142857	0.0	0.0	0.0	0.0	0.0	0.0	0.0	0.0	0.0	0.0	0.0	0.0	0.0	0.0	0.0	0.0	0.0	0.0	
Hammond's Flycatcher	0.0	0.0	0.0	0.0	0.0	0.0	0.0	0.0	0.0	0.0	0.0	0.0	0.0	0.0	0.0	0.0	0.0	0.0	0.0	0.0	0.0	0.0	0.0	0.0	0.0	0.0	0.0	0.0	0.0	0.02857142857142857	0.0	0.0	0.0	0.0	0.0	0.0	0.0	0.0	0.0	0.0	0.0	0.0	0.0	0.0	0.0	0.0	0.0	0.0	
Pacific-slope Flycatcher	0.0	0.0	0.0	0.0	0.0	0.0	0.0	0.0	0.0	0.0	0.0	0.0	0.0	0.0	0.0	0.0	0.0	0.0	0.0	0.0	0.0	0.0	0.0	0.0	0.1111111111111111	0.0	0.0	0.0	0.0	0.02857142857142857	0.0	0.0	0.0	0.0	0.0	0.0	0.0	0.0	0.0	0.0	0.0	0.0	0.0	0.0	0.0	0.0	0.0	0.0	
Northern Shrike	0.0	0.029411764705882353	0.020833333333333332	0.0	0.0	0.0	0.0	0.0	0.0	0.0	0.0	0.0	0.0	0.0	0.0	0.0	0.0	0.0	0.0	0.0	0.0	0.0	0.0	0.0	0.0	0.0	0.0	0.0	0.0	0.0	0.0	0.0	0.0	0.0	0.0	0.0	0.0	0.0	0.0	0.0	0.0	0.0	0.0	0.0	0.0	0.0	0.25	0.0	
Hutton's Vireo	0.0	0.0	0.0	0.0	0.0	0.0	0.0	0.0	0.0	0.0	0.0	0.0	0.0	0.0	0.0	0.0	0.0	0.0	0.0	0.0	0.0	0.0	0.0	0.0	0.0	0.0	0.0	0.0	0.0	0.0	0.0	0.0	0.0	0.02857142857142857	0.0	0.0	0.0	0.0	0.0	0.0	0.0	0.0	0.0	0.02857142857142857	0.0	0.0	0.0	0.0	
Canada Jay	0.0	0.0	0.0	0.0	0.0	0.0	0.0	0.0	0.0	0.0	0.0	0.0	0.0	0.0	0.0	0.0	0.0	0.0	0.0	0.0	0.0	0.0	0.0	0.0	0.0	0.0	0.0	0.0	0.0	0.02857142857142857	0.0	0.022222222222222223	0.0	0.0	0.0	0.0	0.0	0.0015	0.0	0.0	0.0	0.0	0.0	0.0	0.0	0.0	0.0	0.0	
Steller's Jay	0.0	0.0	0.0015	0.017857142857142856	0.029411764705882353	0.03333333333333333	0.0	0.0	0.0	0.058823529411764705	0.0	0.0	0.0	0.0	0.0	0.0	0.0	0.0	0.0	0.0	0.0	0.0	0.0	0.0	0.1111111111111111	0.0	0.0	0.0	0.0	0.0	0.0	0.022222222222222223	0.0	0.0	0.0	0.03225806451612903	0.0	0.0015	0.0	0.0	0.0	0.0	0.0	0.02857142857142857	0.0	0.0	0.25	0.023809523809523808	
American Crow	0.0851063829787234	0.058823529411764705	0.08333333333333333	0.10714285714285714	0.029411764705882353	0.2	0.16129032258064516	0.38461538461538464	0.46153846153846156	0.17647058823529413	0.20689655172413793	0.2631578947368421	0.2	0.09090909090909091	0.2608695652173913	0.35	0.058823529411764705	0.21052631578947367	0.5	0.08333333333333333	0.23529411764705882	0.0	0.3	0.07692307692307693	0.3333333333333333	0.1875	0.0	0.21052631578947367	0.0	0.08571428571428572	0.2	0.13333333333333333	0.1724137931034483	0.22857142857142856	0.0967741935483871	0.12903225806451613	0.23076923076923078	0.2	0.25	0.1891891891891892	0.23076923076923078	0.1	0.16666666666666666	0.2571428571428571	0.0	0.0	0.25	0.047619047619047616	
Northwestern Crow	0.02127659574468085	0.058823529411764705	0.0	0.08928571428571429	0.14705882352941177	0.1	0.03225806451612903	0.15384615384615385	0.15384615384615385	0.058823529411764705	0.0	0.2631578947368421	0.15	0.09090909090909091	0.13043478260869565	0.2	0.17647058823529413	0.05263157894736842	0.0	0.08333333333333333	0.11764705882352941	0.16	0.2	0.38461538461538464	0.3333333333333333	0.125	0.12	0.18421052631578946	0.058823529411764705	0.2571428571428571	0.16	0.08888888888888889	0.034482758620689655	0.2	0.06451612903225806	0.16129032258064516	0.0	0.0015	0.0	0.08108108108108109	0.15384615384615385	0.05	0.03333333333333333	0.08571428571428572	0.09523809523809523	0.0	0.0	0.047619047619047616	
American/Northwestern Crow	0.2127659574468085	0.08823529411764706	0.125	0.17857142857142858	0.20588235294117646	0.23333333333333334	0.12903225806451613	0.38461538461538464	0.15384615384615385	0.4117647058823529	0.3103448275862069	0.0015	0.25	0.3181818181818182	0.30434782608695654	0.1	0.23529411764705882	0.15789473684210525	0.0	0.16666666666666666	0.29411764705882354	0.2	0.1	0.15384615384615385	0.1111111111111111	0.1875	0.04	0.13157894736842105	0.11764705882352941	0.17142857142857143	0.08	0.13333333333333333	0.1724137931034483	0.05714285714285714	0.0967741935483871	0.0967741935483871	0.4358974358974359	0.2	0.375	0.16216216216216217	0.07692307692307693	0.3	0.26666666666666666	0.11428571428571428	0.14285714285714285	0.0	0.0	0.07142857142857142	
Common Raven	0.02127659574468085	0.058823529411764705	0.0	0.017857142857142856	0.058823529411764705	0.03333333333333333	0.03225806451612903	0.23076923076923078	0.3076923076923077	0.0	0.06896551724137931	0.0	0.1	0.0	0.043478260869565216	0.05	0.11764705882352941	0.10526315789473684	0.1	0.08333333333333333	0.058823529411764705	0.0	0.0	0.07692307692307693	0.1111111111111111	0.125	0.04	0.05263157894736842	0.0	0.02857142857142857	0.0	0.044444444444444446	0.06896551724137931	0.08571428571428572	0.0	0.0967741935483871	0.1794871794871795	0.04	0.041666666666666664	0.02702702702702703	0.15384615384615385	0.15	0.06666666666666667	0.08571428571428572	0.09523809523809523	0.0	0.25	0.047619047619047616	
crow/raven sp.	0.0	0.0	0.0	0.0	0.0	0.0	0.0	0.0	0.0	0.0	0.0	0.0	0.0	0.0	0.0	0.0	0.0	0.0	0.0	0.0	0.0	0.0	0.0	0.0	0.0	0.0	0.0	0.0	0.0	0.0	0.0	0.0	0.0	0.0	0.0	0.0	0.02564102564102564	0.0	0.0	0.0	0.0	0.0	0.0	0.0	0.0	0.0	0.0	0.0	
Horned Lark	0.0	0.0	0.0	0.0	0.0	0.03333333333333333	0.0	0.0	0.0	0.0	0.0	0.0	0.0	0.0	0.0	0.0	0.0	0.0	0.0	0.0	0.0	0.0	0.0	0.0	0.0	0.0	0.04	0.0	0.0	0.0	0.0	0.0	0.0	0.0	0.0	0.03225806451612903	0.0	0.0	0.0	0.0	0.0	0.0	0.0	0.0	0.0	0.0	0.0	0.0	
Northern Rough-winged Swallow	0.0	0.0	0.0	0.0	0.0	0.0	0.0	0.0	0.0	0.0	0.0	0.0	0.0	0.0	0.043478260869565216	0.0015	0.0	0.05263157894736842	0.0	0.0	0.0	0.04	0.0	0.0	0.0	0.0	0.0	0.0	0.0	0.02857142857142857	0.0	0.0	0.0	0.0	0.0	0.0	0.0	0.0	0.0	0.0	0.0	0.0	0.0	0.0	0.0	0.0	0.0	0.0	
Purple Martin	0.0	0.0	0.0	0.0	0.0	0.0	0.0	0.0	0.0	0.0	0.0	0.0	0.0	0.0	0.0	0.0	0.0	0.0	0.0	0.0	0.0	0.0	0.0	0.07692307692307693	0.0	0.0	0.0	0.0	0.0	0.0	0.0	0.022222222222222223	0.0	0.0	0.0	0.0	0.0	0.0	0.0	0.0	0.0	0.0	0.0	0.0	0.0	0.0	0.0	0.0	
Tree Swallow	0.0	0.0	0.0	0.0	0.0	0.0	0.0	0.0	0.0	0.0	0.0	0.0	0.05	0.045454545454545456	0.08695652173913043	0.0	0.0015	0.0	0.2	0.16666666666666666	0.0	0.0	0.0	0.0	0.0	0.0	0.0	0.0	0.0	0.0	0.04	0.0	0.0	0.0	0.0	0.0	0.0	0.0	0.0	0.0	0.0	0.0	0.0	0.0	0.0	0.0	0.0	0.0	
Violet-green Swallow	0.0	0.0	0.0	0.0	0.0	0.0	0.0	0.07692307692307693	0.0	0.0	0.0	0.0	0.0	0.0	0.08695652173913043	0.15	0.17647058823529413	0.2631578947368421	0.1	0.16666666666666666	0.058823529411764705	0.04	0.1	0.07692307692307693	0.4444444444444444	0.1875	0.0	0.02631578947368421	0.0	0.02857142857142857	0.0	0.022222222222222223	0.06896551724137931	0.0	0.0	0.0	0.0	0.0	0.0	0.0	0.0	0.0	0.0	0.0	0.0	0.0	0.0	0.0	
Tree/Violet-green Swallow	0.0	0.0	0.0	0.0	0.0	0.0	0.0	0.0	0.0	0.0	0.0	0.0	0.0	0.0	0.0	0.0	0.0	0.0	0.0	0.0	0.0	0.0	0.0	0.0	0.0	0.0	0.0	0.0	0.0	0.0	0.0	0.0	0.0	0.0	0.0	0.03225806451612903	0.0	0.0	0.0	0.0	0.0	0.0	0.0	0.0	0.0	0.0	0.0	0.0	
Barn Swallow	0.0	0.0	0.0	0.0	0.0	0.0	0.0	0.0	0.0	0.0	0.0	0.0	0.0	0.0	0.08695652173913043	0.15	0.17647058823529413	0.5263157894736842	0.3	0.5	0.29411764705882354	0.24	0.3	0.3076923076923077	0.5555555555555556	0.3125	0.08	0.2631578947368421	0.4117647058823529	0.42857142857142855	0.6	0.4444444444444444	0.2413793103448276	0.2857142857142857	0.0967741935483871	0.0	0.0	0.0	0.0	0.0	0.0	0.0	0.0	0.0	0.0	0.0	0.0	0.0	
Cliff Swallow	0.0	0.0	0.0	0.0	0.0	0.0	0.0	0.0	0.0	0.0	0.0	0.0	0.0	0.0	0.0	0.0015	0.0	0.0	0.0	0.0	0.0	0.0	0.0	0.0	0.1111111111111111	0.0	0.0	0.0	0.0	0.0	0.04	0.0	0.0	0.0	0.0	0.0	0.0	0.0	0.0	0.0	0.0	0.0	0.0	0.0	0.0	0.0	0.0	0.0	
swallow sp.	0.0	0.0	0.0	0.0	0.0	0.0	0.0	0.0	0.0	0.0	0.034482758620689655	0.0	0.0	0.0	0.043478260869565216	0.0	0.0	0.05263157894736842	0.0	0.0	0.0	0.0	0.0	0.0	0.0	0.0625	0.0	0.0	0.0	0.05714285714285714	0.0	0.0	0.034482758620689655	0.0	0.0	0.0	0.0	0.0	0.0	0.0	0.0	0.0	0.0	0.0	0.0	0.0	0.0	0.0	
Black-capped Chickadee	0.0	0.029411764705882353	0.020833333333333332	0.0	0.0	0.03333333333333333	0.0	0.0015	0.0	0.11764705882352941	0.06896551724137931	0.0	0.0	0.0	0.043478260869565216	0.05	0.0	0.0	0.0	0.0	0.0	0.0	0.0	0.0	0.1111111111111111	0.0	0.0	0.0	0.0	0.0	0.0	0.0	0.0	0.0	0.0	0.0	0.0	0.0	0.0	0.0	0.0	0.0	0.0	0.02857142857142857	0.047619047619047616	0.0	0.0	0.0	
Mountain Chickadee	0.0	0.0	0.0	0.0	0.0	0.0	0.0	0.0	0.0	0.0	0.0	0.0	0.0	0.0	0.0	0.0	0.0	0.0	0.0	0.0	0.0	0.0	0.0	0.0	0.0	0.0	0.0	0.0	0.0	0.0	0.0	0.0	0.0	0.0	0.0	0.0	0.0015	0.0	0.0	0.0	0.0	0.0	0.0	0.0	0.0	0.0	0.0	0.0	
Chestnut-backed Chickadee	0.0	0.029411764705882353	0.020833333333333332	0.0	0.029411764705882353	0.0	0.06451612903225806	0.15384615384615385	0.0	0.058823529411764705	0.034482758620689655	0.0	0.05	0.0	0.0	0.0	0.0	0.0	0.0	0.0	0.0	0.0	0.0	0.0	0.1111111111111111	0.0625	0.0	0.0	0.0	0.02857142857142857	0.0	0.0	0.0	0.0	0.0	0.0	0.02564102564102564	0.0	0.041666666666666664	0.0	0.0	0.0	0.03333333333333333	0.02857142857142857	0.09523809523809523	0.0	0.0	0.0	
Bushtit	0.06382978723404255	0.0	0.0	0.0	0.0	0.0	0.03225806451612903	0.15384615384615385	0.0	0.058823529411764705	0.06896551724137931	0.0	0.0	0.0	0.0	0.0	0.0	0.0	0.0	0.0	0.0	0.0	0.0	0.0	0.0	0.0	0.0	0.0	0.0	0.0	0.0	0.0	0.0	0.0	0.0	0.0	0.0	0.0	0.041666666666666664	0.0	0.07692307692307693	0.0	0.0	0.0	0.0	0.0	0.0	0.0	
Red-breasted Nuthatch	0.0	0.0	0.0	0.0015	0.0	0.0	0.0	0.0	0.0	0.0	0.0	0.0	0.0	0.0	0.0	0.0	0.0	0.0	0.0	0.0	0.0	0.0	0.0	0.0	0.0	0.0	0.0	0.0	0.0	0.02857142857142857	0.0	0.0	0.0	0.0	0.0	0.0	0.0	0.0	0.041666666666666664	0.0	0.0	0.0	0.0	0.0	0.0	0.0	0.0	0.0	
Brown Creeper	0.0	0.0	0.0	0.0015	0.0	0.0	0.0	0.0	0.0	0.0	0.034482758620689655	0.0	0.0	0.0	0.0	0.0	0.0	0.0	0.0	0.0	0.0	0.0	0.0	0.0	0.0	0.0	0.0	0.0	0.0	0.0	0.0	0.0	0.0	0.0	0.0	0.0	0.0	0.0015	0.0	0.0	0.0	0.0	0.03333333333333333	0.0	0.0	0.0	0.0	0.0	
Rock Wren	0.0	0.0	0.0	0.0015	0.0	0.0015	0.0	0.0	0.0	0.0	0.0	0.0	0.0	0.0	0.0	0.0	0.0	0.0	0.0	0.0	0.0	0.0	0.0	0.0	0.0	0.0	0.0	0.0	0.0	0.0	0.0	0.0	0.0	0.0	0.0	0.0	0.0	0.0	0.0	0.0	0.0	0.0	0.0	0.0	0.0	0.0	0.0	0.0	
Pacific Wren	0.0	0.0	0.0	0.0015	0.029411764705882353	0.03333333333333333	0.03225806451612903	0.07692307692307693	0.0	0.058823529411764705	0.06896551724137931	0.0	0.05	0.0	0.0	0.0	0.0	0.0	0.0	0.0	0.0	0.0	0.0	0.0	0.0	0.0	0.0	0.0	0.0	0.02857142857142857	0.0	0.0	0.0	0.0	0.0	0.0	0.0	0.0015	0.0	0.0	0.0	0.0	0.0	0.02857142857142857	0.0	0.0	0.0	0.0	
Bewick's Wren	0.0	0.0	0.0	0.03571428571428571	0.0	0.03333333333333333	0.0	0.07692307692307693	0.0	0.0	0.0	0.0	0.0	0.0	0.0	0.0	0.0	0.0	0.0	0.0	0.0	0.04	0.0	0.0	0.0	0.0	0.0	0.0	0.0	0.0	0.0	0.0	0.0	0.0	0.0	0.0	0.0	0.0	0.041666666666666664	0.0	0.0	0.0	0.03333333333333333	0.02857142857142857	0.0	0.0	0.0	0.0	
American Dipper	0.0	0.0	0.0	0.0	0.0	0.0	0.0	0.0	0.0	0.0	0.0	0.0	0.0	0.0	0.0	0.0	0.0	0.0	0.0	0.0	0.0	0.0	0.0	0.0	0.0	0.0	0.0	0.0	0.0	0.02857142857142857	0.0	0.0	0.0	0.0	0.0	0.0	0.0	0.0015	0.0	0.0	0.0	0.0	0.0	0.02857142857142857	0.0	0.0	0.0	0.0	
Golden-crowned Kinglet	0.02127659574468085	0.0	0.020833333333333332	0.017857142857142856	0.0	0.0	0.06451612903225806	0.07692307692307693	0.0	0.0	0.06896551724137931	0.0	0.0	0.0	0.0	0.0	0.0	0.0	0.0	0.0	0.0	0.0	0.0	0.0	0.0	0.0	0.0	0.0	0.0	0.0	0.0	0.0	0.0	0.0	0.03225806451612903	0.0	0.02564102564102564	0.0015	0.041666666666666664	0.02702702702702703	0.0	0.0	0.03333333333333333	0.0	0.0	0.0	0.0	0.0	
Ruby-crowned Kinglet	0.0425531914893617	0.029411764705882353	0.020833333333333332	0.07142857142857142	0.0	0.0	0.06451612903225806	0.15384615384615385	0.0	0.11764705882352941	0.10344827586206896	0.0	0.05	0.0	0.0	0.0	0.0	0.0	0.0	0.0	0.0	0.0	0.0	0.0	0.0	0.0	0.0	0.0	0.0	0.0	0.0	0.0	0.0	0.0	0.0	0.0	0.05128205128205128	0.0015	0.0	0.02702702702702703	0.0	0.0	0.06666666666666667	0.08571428571428572	0.09523809523809523	0.0	0.0	0.0	
Townsend's Solitaire	0.0	0.0	0.0	0.0	0.0	0.0	0.0	0.0	0.0	0.0	0.0	0.0	0.0	0.0	0.0	0.0	0.0	0.0	0.0	0.0	0.0	0.0	0.0	0.0	0.1111111111111111	0.0	0.0	0.0	0.0	0.0	0.0	0.0	0.0	0.0	0.0	0.0	0.0	0.0	0.0	0.0	0.0	0.0	0.0	0.0	0.0	0.0	0.0	0.0	
Varied Thrush	0.02127659574468085	0.0	0.0	0.0	0.0	0.0	0.03225806451612903	0.07692307692307693	0.0	0.11764705882352941	0.0	0.0	0.05	0.0	0.0	0.0	0.0	0.0	0.0	0.0	0.058823529411764705	0.0	0.0	0.0	0.0	0.0	0.0	0.0	0.0	0.0	0.0	0.0	0.0	0.0	0.0	0.0	0.0	0.0	0.0	0.0	0.0	0.0	0.0	0.0	0.0	0.0	0.25	0.023809523809523808	
Swainson's Thrush	0.0	0.0	0.0	0.0	0.0	0.0	0.0	0.0	0.0	0.0	0.0	0.0	0.0	0.0	0.0	0.0	0.0	0.0	0.0	0.08333333333333333	0.0	0.0	0.0	0.0	0.1111111111111111	0.125	0.0	0.0	0.0	0.0	0.0	0.0	0.0	0.0	0.0	0.0	0.0	0.0	0.0	0.0	0.0	0.0	0.0	0.0	0.0	0.0	0.0	0.0	
Hermit Thrush	0.0	0.0	0.0	0.0	0.0	0.0	0.0	0.07692307692307693	0.0	0.0	0.0	0.0	0.0	0.0	0.0	0.0	0.0	0.0	0.0	0.0	0.0	0.0	0.0	0.0	0.0	0.0	0.0	0.0	0.0	0.0	0.0	0.0	0.0	0.0	0.0	0.0	0.0	0.0015	0.0	0.0	0.0	0.0	0.0	0.0	0.0	0.0	0.0	0.0	
American Robin	0.02127659574468085	0.029411764705882353	0.020833333333333332	0.10714285714285714	0.0	0.06666666666666667	0.12903225806451613	0.15384615384615385	0.15384615384615385	0.29411764705882354	0.20689655172413793	0.05263157894736842	0.2	0.0	0.043478260869565216	0.05	0.058823529411764705	0.10526315789473684	0.1	0.16666666666666666	0.17647058823529413	0.04	0.2	0.15384615384615385	0.2222222222222222	0.0625	0.0	0.05263157894736842	0.0	0.08571428571428572	0.04	0.0	0.0	0.0	0.0	0.0967741935483871	0.10256410256410256	0.0015	0.125	0.0	0.15384615384615385	0.0	0.0	0.0	0.0	0.0	0.25	0.023809523809523808	
European Starling	0.40425531914893614	0.5	0.2916666666666667	0.39285714285714285	0.38235294117647056	0.4666666666666667	0.3870967741935484	0.5384615384615384	0.38461538461538464	0.5294117647058824	0.3448275862068966	0.5789473684210527	0.6	0.5454545454545454	0.6956521739130435	0.4	0.5294117647058824	0.3157894736842105	0.5	0.4166666666666667	0.47058823529411764	0.44	0.6	0.5384615384615384	0.3333333333333333	0.0625	0.08	0.13157894736842105	0.23529411764705882	0.3142857142857143	0.32	0.1111111111111111	0.20689655172413793	0.34285714285714286	0.12903225806451613	0.25806451612903225	0.3333333333333333	0.2	0.3333333333333333	0.2972972972972973	0.5384615384615384	0.45	0.5	0.3142857142857143	0.2857142857142857	0.3333333333333333	0.5	0.2619047619047619	
American Pipit	0.0425531914893617	0.0	0.0	0.0	0.0	0.0	0.0	0.0	0.0	0.0	0.0	0.0	0.0	0.045454545454545456	0.08695652173913043	0.05	0.0	0.0	0.0	0.08333333333333333	0.0	0.0	0.0	0.0	0.0	0.0	0.0	0.0	0.0	0.0	0.0015	0.0	0.0015	0.05714285714285714	0.06451612903225806	0.03225806451612903	0.02564102564102564	0.0015	0.16666666666666666	0.05405405405405406	0.0	0.0	0.03333333333333333	0.0	0.0	0.0	0.0	0.0	
Cedar Waxwing	0.0	0.0	0.0	0.0	0.0	0.0	0.0	0.0	0.0	0.0	0.0	0.0	0.0	0.0	0.0	0.0	0.0	0.0	0.0	0.0	0.0	0.0	0.0	0.0	0.0	0.0625	0.0	0.0	0.0	0.05714285714285714	0.04	0.0	0.0	0.0	0.0	0.0	0.0	0.0	0.041666666666666664	0.0	0.0	0.0	0.0	0.02857142857142857	0.0	0.0	0.0	0.0	
Evening Grosbeak	0.0	0.0	0.0	0.0	0.0	0.0	0.0	0.0	0.0	0.0	0.0	0.0	0.0	0.0	0.0	0.05	0.0	0.0	0.0	0.0	0.0	0.0	0.0	0.0	0.0	0.0	0.0	0.0	0.0	0.0	0.0	0.0	0.0	0.0	0.0	0.0	0.0	0.0	0.0	0.0	0.0	0.0	0.0	0.0	0.0	0.0	0.0	0.0	
Gray-crowned Rosy-Finch	0.06382978723404255	0.029411764705882353	0.14583333333333334	0.03571428571428571	0.0	0.0	0.0	0.0	0.0	0.0	0.0	0.0015	0.0	0.0	0.0	0.0	0.0	0.0	0.0	0.0	0.0	0.0	0.0	0.0	0.0	0.0	0.0	0.0	0.0	0.0	0.0	0.0	0.0	0.0	0.0	0.0	0.0	0.0	0.0	0.0	0.0	0.0	0.0	0.0	0.0	0.0	0.0015	0.07142857142857142	
House Finch	0.14893617021276595	0.11764705882352941	0.020833333333333332	0.08928571428571429	0.029411764705882353	0.1	0.06451612903225806	0.3076923076923077	0.07692307692307693	0.23529411764705882	0.20689655172413793	0.05263157894736842	0.05	0.045454545454545456	0.043478260869565216	0.1	0.17647058823529413	0.21052631578947367	0.1	0.16666666666666666	0.058823529411764705	0.12	0.3	0.23076923076923078	0.2222222222222222	0.1875	0.04	0.13157894736842105	0.11764705882352941	0.08571428571428572	0.04	0.0	0.034482758620689655	0.11428571428571428	0.25806451612903225	0.1935483870967742	0.4358974358974359	0.28	0.5833333333333334	0.2972972972972973	0.6153846153846154	0.55	0.43333333333333335	0.4	0.47619047619047616	0.0	0.0	0.09523809523809523	
Purple Finch	0.0	0.0	0.041666666666666664	0.0	0.0	0.0	0.0	0.0	0.0	0.0	0.0	0.0	0.05	0.0	0.08695652173913043	0.0	0.0	0.0	0.0	0.0	0.0	0.0	0.1	0.0	0.1111111111111111	0.0	0.0	0.0	0.0	0.0	0.0	0.0	0.0	0.0	0.0	0.0	0.05128205128205128	0.0	0.0	0.0	0.0	0.0	0.0	0.0	0.0	0.0	0.0	0.0	
House/Purple Finch	0.0	0.0	0.0	0.0	0.0	0.0	0.0	0.0	0.0	0.0	0.0	0.0	0.0	0.0	0.0	0.0	0.0	0.0	0.0	0.0	0.0	0.0	0.0	0.0	0.0	0.0	0.0	0.0	0.0	0.0	0.0	0.0	0.0	0.0	0.0	0.0	0.0	0.0	0.041666666666666664	0.0	0.0	0.0	0.0	0.0	0.0	0.0	0.0	0.0	
Common Redpoll	0.0	0.0	0.0	0.0	0.0	0.0	0.0	0.0	0.0	0.0	0.0	0.0	0.0	0.0	0.0	0.0	0.0	0.0	0.0	0.0	0.0	0.0	0.0	0.0	0.0	0.0	0.0	0.0	0.0	0.0	0.0	0.0	0.0	0.0	0.0	0.0	0.0	0.0	0.0	0.0	0.0	0.0	0.0	0.0	0.09523809523809523	0.0	0.0	0.0	
Red Crossbill	0.0	0.0	0.0	0.0	0.0	0.0	0.0	0.0	0.0	0.0	0.0	0.0	0.0	0.0	0.0	0.0	0.0	0.0	0.0	0.0	0.0	0.0015	0.0	0.0	0.0	0.0	0.0	0.0	0.0	0.0	0.0	0.0	0.0	0.0	0.0	0.0	0.0	0.0	0.0	0.0	0.0	0.0	0.0	0.0	0.0	0.0	0.0	0.0	
Pine Siskin	0.0	0.029411764705882353	0.0	0.0	0.0	0.06666666666666667	0.03225806451612903	0.07692307692307693	0.0	0.058823529411764705	0.034482758620689655	0.0	0.05	0.0	0.0	0.0	0.0	0.05263157894736842	0.0	0.0	0.0	0.0	0.0	0.0	0.1111111111111111	0.0	0.0	0.0	0.0	0.0	0.0	0.0	0.0	0.0	0.0	0.0	0.0	0.0015	0.041666666666666664	0.0	0.0	0.0	0.06666666666666667	0.02857142857142857	0.09523809523809523	0.0	0.0	0.0	
American Goldfinch	0.0	0.0	0.0	0.03571428571428571	0.0	0.0	0.0	0.0	0.0	0.0	0.034482758620689655	0.0	0.0	0.0	0.0	0.0	0.058823529411764705	0.10526315789473684	0.1	0.08333333333333333	0.11764705882352941	0.0	0.1	0.23076923076923078	0.2222222222222222	0.0625	0.0	0.05263157894736842	0.0	0.02857142857142857	0.08	0.0015	0.06896551724137931	0.02857142857142857	0.03225806451612903	0.03225806451612903	0.02564102564102564	0.04	0.041666666666666664	0.0	0.0	0.0	0.0	0.02857142857142857	0.0	0.0	0.0	0.0	
finch sp.	0.0	0.0	0.0	0.0	0.0	0.0	0.0	0.0	0.0	0.0	0.0	0.0	0.0	0.0	0.0	0.0	0.0	0.0	0.0	0.0	0.0	0.0	0.0	0.0	0.0	0.0	0.0	0.0	0.0	0.0	0.0	0.0	0.0	0.0	0.0	0.0	0.0	0.0	0.0	0.0	0.0	0.0	0.0	0.0	0.0	0.0	0.0	0.023809523809523808	
Lapland Longspur	0.0	0.0	0.0	0.0	0.0	0.0	0.0	0.0	0.0	0.0	0.0	0.0	0.0	0.0	0.0	0.0	0.0	0.0015	0.0	0.0	0.0	0.0	0.0	0.0	0.0	0.0	0.0	0.0	0.0	0.0	0.0	0.0	0.0	0.0	0.0015	0.0015	0.02564102564102564	0.04	0.0	0.0	0.0	0.0	0.0	0.0	0.0	0.0	0.0	0.0	
Snow Bunting	0.1702127659574468	0.2647058823529412	0.22916666666666666	0.05357142857142857	0.0	0.0	0.0	0.0	0.0	0.058823529411764705	0.10344827586206896	0.0	0.0	0.0	0.0	0.0	0.0	0.0	0.0	0.0	0.0	0.0	0.0	0.0	0.0	0.0	0.0	0.0	0.0	0.0	0.0	0.0	0.0	0.0	0.0	0.0	0.0	0.0	0.0	0.0	0.15384615384615385	0.0	0.23333333333333334	0.02857142857142857	0.0	0.0	0.0	0.0015	
Fox Sparrow	0.0851063829787234	0.0	0.0	0.03571428571428571	0.029411764705882353	0.03333333333333333	0.0	0.0	0.0	0.058823529411764705	0.034482758620689655	0.0	0.0	0.0	0.0	0.0	0.0	0.0	0.0	0.0	0.0	0.0	0.0	0.0	0.0	0.0	0.0	0.0	0.0	0.0	0.0	0.0	0.0	0.0	0.0	0.0	0.02564102564102564	0.0	0.041666666666666664	0.0	0.0	0.0	0.0	0.11428571428571428	0.09523809523809523	0.0	0.0	0.0	
Dark-eyed Junco	0.0425531914893617	0.029411764705882353	0.0	0.0	0.0	0.03333333333333333	0.03225806451612903	0.15384615384615385	0.07692307692307693	0.11764705882352941	0.0	0.0	0.0	0.0	0.0	0.0	0.0	0.0	0.0	0.0	0.0	0.0	0.0	0.0	0.1111111111111111	0.0	0.0	0.0	0.0	0.05714285714285714	0.0	0.0	0.0	0.0	0.0	0.06451612903225806	0.10256410256410256	0.0015	0.041666666666666664	0.02702702702702703	0.0	0.0	0.0	0.02857142857142857	0.047619047619047616	0.0	0.25	0.07142857142857142	
White-crowned Sparrow	0.0425531914893617	0.0	0.0	0.05357142857142857	0.029411764705882353	0.03333333333333333	0.06451612903225806	0.0	0.0	0.0	0.034482758620689655	0.05263157894736842	0.35	0.4090909090909091	0.6521739130434783	0.45	0.5294117647058824	0.47368421052631576	0.6	0.4166666666666667	0.47058823529411764	0.32	0.6	0.3076923076923077	0.6666666666666666	0.25	0.08	0.10526315789473684	0.23529411764705882	0.02857142857142857	0.08	0.044444444444444446	0.06896551724137931	0.05714285714285714	0.06451612903225806	0.06451612903225806	0.10256410256410256	0.04	0.041666666666666664	0.02702702702702703	0.0	0.05	0.06666666666666667	0.08571428571428572	0.14285714285714285	0.0	0.25	0.047619047619047616	
Golden-crowned Sparrow	0.06382978723404255	0.0	0.0	0.07142857142857142	0.029411764705882353	0.0015	0.03225806451612903	0.07692307692307693	0.07692307692307693	0.058823529411764705	0.034482758620689655	0.0	0.05	0.0	0.0	0.05	0.058823529411764705	0.05263157894736842	0.1	0.0	0.0	0.0	0.0	0.0	0.0	0.0	0.0	0.0	0.0	0.0	0.0	0.0	0.06896551724137931	0.05714285714285714	0.06451612903225806	0.0	0.15384615384615385	0.08	0.08333333333333333	0.02702702702702703	0.07692307692307693	0.05	0.1	0.02857142857142857	0.09523809523809523	0.0	0.0	0.07142857142857142	
Savannah Sparrow	0.06382978723404255	0.0	0.0	0.017857142857142856	0.029411764705882353	0.03333333333333333	0.0	0.0	0.0	0.0	0.0	0.05263157894736842	0.0	0.045454545454545456	0.43478260869565216	0.55	0.29411764705882354	0.3684210526315789	0.2	0.16666666666666666	0.058823529411764705	0.04	0.0	0.0	0.1111111111111111	0.0	0.0	0.02631578947368421	0.0	0.0	0.04	0.06666666666666667	0.20689655172413793	0.42857142857142855	0.5483870967741935	0.5483870967741935	0.6410256410256411	0.44	0.5	0.16216216216216217	0.23076923076923078	0.1	0.03333333333333333	0.05714285714285714	0.0	0.0	0.0	0.047619047619047616	
Song Sparrow	0.3617021276595745	0.47058823529411764	0.20833333333333334	0.26785714285714285	0.20588235294117646	0.23333333333333334	0.22580645161290322	0.46153846153846156	0.15384615384615385	0.4117647058823529	0.2413793103448276	0.05263157894736842	0.25	0.18181818181818182	0.17391304347826086	0.05	0.17647058823529413	0.0	0.0	0.3333333333333333	0.11764705882352941	0.08	0.1	0.0	0.2222222222222222	0.1875	0.0	0.0	0.0	0.0	0.0	0.022222222222222223	0.10344827586206896	0.05714285714285714	0.16129032258064516	0.1935483870967742	0.358974358974359	0.12	0.25	0.21621621621621623	0.38461538461538464	0.3	0.23333333333333334	0.4	0.2857142857142857	0.0	0.75	0.30952380952380953	
Lincoln's Sparrow	0.0	0.0	0.0	0.0	0.0	0.0	0.0	0.0	0.0	0.0	0.0	0.0	0.0	0.0	0.043478260869565216	0.0	0.0	0.0	0.0	0.0	0.0	0.0	0.0	0.0	0.0	0.0	0.0	0.0	0.0	0.0	0.0	0.0	0.0	0.0	0.0	0.0	0.0	0.0	0.0	0.0	0.0	0.0	0.0	0.02857142857142857	0.0	0.0	0.0	0.0	
Spotted Towhee	0.06382978723404255	0.0	0.041666666666666664	0.03571428571428571	0.0	0.0	0.03225806451612903	0.15384615384615385	0.0	0.058823529411764705	0.034482758620689655	0.0	0.05	0.0	0.043478260869565216	0.05	0.0	0.0	0.1	0.0	0.0	0.0	0.0	0.07692307692307693	0.0	0.125	0.0	0.0	0.0	0.0	0.0	0.0	0.0	0.0	0.0	0.03225806451612903	0.05128205128205128	0.0	0.125	0.0	0.0	0.0	0.06666666666666667	0.05714285714285714	0.14285714285714285	0.0	0.0	0.023809523809523808	
sparrow sp.	0.0	0.0	0.0	0.0	0.029411764705882353	0.03333333333333333	0.0	0.0	0.0	0.0	0.0	0.0	0.0	0.0	0.0	0.0	0.0	0.05263157894736842	0.0	0.0	0.0	0.0	0.0	0.0	0.1111111111111111	0.0	0.0	0.02631578947368421	0.0	0.0	0.0	0.0	0.0	0.02857142857142857	0.0	0.0	0.02564102564102564	0.0	0.0	0.02702702702702703	0.0	0.0	0.0	0.0	0.0	0.0	0.0	0.0	
Western Meadowlark	0.02127659574468085	0.0	0.020833333333333332	0.0	0.0	0.0	0.0	0.0	0.0	0.0	0.0	0.0	0.0	0.0	0.0	0.0	0.0	0.0	0.0	0.08333333333333333	0.0	0.0	0.0	0.0	0.0	0.0	0.0	0.0	0.0	0.0	0.0	0.0	0.0	0.0	0.0	0.0	0.0	0.04	0.041666666666666664	0.0	0.0	0.0	0.0	0.0	0.0	0.0	0.0	0.0	
Red-winged Blackbird	0.0	0.0	0.0015	0.0	0.0	0.0	0.03225806451612903	0.15384615384615385	0.0	0.0	0.0	0.0	0.05	0.0	0.0	0.0	0.0	0.05263157894736842	0.1	0.0	0.0	0.0	0.1	0.07692307692307693	0.2222222222222222	0.0	0.0	0.0	0.0	0.0	0.0	0.022222222222222223	0.034482758620689655	0.0015	0.0	0.0	0.0	0.0	0.08333333333333333	0.0	0.0	0.0	0.0	0.02857142857142857	0.0	0.0	0.0	0.0	
Brown-headed Cowbird	0.0	0.0	0.0	0.0	0.0	0.0	0.0	0.0	0.0	0.0	0.0	0.0	0.0	0.0	0.0	0.0	0.058823529411764705	0.05263157894736842	0.0	0.16666666666666666	0.058823529411764705	0.08	0.0015	0.0	0.1111111111111111	0.0625	0.0	0.0	0.0	0.0	0.08	0.044444444444444446	0.0	0.0015	0.0	0.0	0.0	0.0	0.041666666666666664	0.0	0.0	0.0	0.0	0.0	0.0	0.0	0.0	0.0	
Brewer's Blackbird	0.02127659574468085	0.0	0.0	0.07142857142857142	0.0	0.0	0.03225806451612903	0.07692307692307693	0.23076923076923078	0.11764705882352941	0.1724137931034483	0.05263157894736842	0.1	0.18181818181818182	0.43478260869565216	0.3	0.23529411764705882	0.3684210526315789	0.4	0.3333333333333333	0.29411764705882354	0.2	0.3	0.07692307692307693	0.1111111111111111	0.0	0.0	0.0	0.0	0.02857142857142857	0.08	0.0	0.0	0.0	0.03225806451612903	0.06451612903225806	0.10256410256410256	0.04	0.125	0.02702702702702703	0.0	0.1	0.06666666666666667	0.0	0.0	0.0	0.0	0.0	
blackbird sp.	0.0	0.0	0.0	0.0	0.0	0.0	0.0	0.0	0.0	0.0	0.0	0.05263157894736842	0.0	0.0	0.0	0.0	0.0	0.0	0.0	0.0	0.0	0.0	0.0	0.0	0.0	0.0	0.0	0.0	0.0	0.0	0.0	0.0	0.0	0.0	0.0	0.0	0.0	0.0	0.0	0.0	0.0	0.0	0.0	0.0	0.0	0.0	0.0	0.0	
Orange-crowned Warbler	0.0	0.0	0.0	0.017857142857142856	0.029411764705882353	0.0	0.0	0.0	0.0	0.058823529411764705	0.0	0.0	0.0	0.0	0.043478260869565216	0.05	0.0	0.0	0.0	0.0	0.0	0.0	0.0	0.0	0.1111111111111111	0.0625	0.0	0.0	0.0	0.0	0.0	0.0	0.0	0.0	0.0	0.0	0.02564102564102564	0.0	0.0	0.0	0.0	0.0	0.0	0.02857142857142857	0.0	0.0	0.0	0.0	
Common Yellowthroat	0.0	0.0	0.0	0.0	0.0	0.0	0.0	0.0	0.0	0.0	0.0	0.0	0.0	0.0	0.0	0.0	0.0	0.0	0.1	0.0	0.0	0.0	0.0	0.0	0.0	0.0	0.0	0.0	0.0	0.0	0.0	0.0	0.0	0.02857142857142857	0.0	0.0	0.02564102564102564	0.0	0.0	0.0	0.0	0.0	0.0	0.0	0.0	0.0	0.0	0.0	
Yellow Warbler	0.0	0.0	0.0	0.0	0.0	0.0	0.0	0.0	0.0	0.0	0.0	0.0	0.0	0.0	0.0	0.0	0.0	0.0	0.0	0.0	0.0	0.0	0.0	0.0	0.1111111111111111	0.0	0.0	0.0	0.0	0.0	0.0	0.0	0.0	0.0	0.0	0.0	0.0	0.0	0.0	0.0	0.0	0.0	0.0	0.0	0.0	0.0	0.0	0.0	
Palm Warbler	0.0	0.0015	0.0	0.017857142857142856	0.058823529411764705	0.03333333333333333	0.0	0.0	0.0	0.058823529411764705	0.0	0.0	0.0	0.0	0.0	0.0	0.0	0.0	0.0	0.0	0.0	0.0	0.0	0.0	0.0	0.0	0.0	0.0	0.0	0.0	0.0	0.0	0.0	0.0	0.0	0.0	0.0	0.0	0.0	0.0	0.0	0.0	0.0	0.02857142857142857	0.14285714285714285	0.0015	0.0	0.0	
Yellow-rumped Warbler	0.23404255319148937	0.08823529411764706	0.08333333333333333	0.07142857142857142	0.029411764705882353	0.03333333333333333	0.06451612903225806	0.07692307692307693	0.0	0.17647058823529413	0.034482758620689655	0.05263157894736842	0.0	0.0	0.043478260869565216	0.05	0.0	0.0	0.0	0.0	0.0	0.0	0.0	0.0	0.1111111111111111	0.0	0.0	0.0	0.0	0.0	0.0	0.0	0.0	0.02857142857142857	0.0	0.03225806451612903	0.05128205128205128	0.0	0.041666666666666664	0.0	0.0	0.1	0.06666666666666667	0.11428571428571428	0.14285714285714285	0.0	0.25	0.047619047619047616	
Townsend's Warbler	0.0	0.0	0.0	0.0	0.0	0.0	0.0	0.0	0.0	0.0	0.0	0.0	0.0	0.0	0.0	0.0	0.0	0.0	0.0	0.0	0.0	0.0	0.0	0.0	0.0	0.0	0.0	0.0	0.0	0.02857142857142857	0.0	0.0	0.0	0.02857142857142857	0.0	0.0	0.0	0.0	0.0	0.02702702702702703	0.0	0.0	0.0	0.0	0.0	0.0	0.0	0.0	
Townsend's x Hermit Warbler (hybrid)	0.0	0.0	0.0	0.0	0.0	0.0	0.0	0.0	0.0	0.0	0.0	0.0	0.0	0.0	0.0	0.0	0.0	0.0	0.0	0.0	0.0	0.0	0.0	0.0	0.0	0.0	0.0	0.0	0.0	0.02857142857142857	0.0	0.0	0.0	0.0	0.0	0.0	0.0	0.0	0.0	0.0	0.0	0.0	0.0	0.0	0.0	0.0	0.0	0.0	
Wilson's Warbler	0.0	0.0	0.0	0.0	0.0	0.0	0.0	0.0	0.0	0.0	0.0	0.0	0.0	0.0	0.0	0.0	0.0	0.0	0.0	0.08333333333333333	0.0	0.0	0.0	0.0	0.0	0.0	0.0	0.0	0.0	0.02857142857142857	0.0	0.0	0.0	0.0	0.0	0.0	0.0	0.0	0.0	0.0	0.0	0.0	0.0	0.0	0.0	0.0	0.0	0.0	
House Sparrow	0.7446808510638298	0.7352941176470589	0.5416666666666666	0.5892857142857143	0.4411764705882353	0.5666666666666667	0.4838709677419355	0.5384615384615384	0.38461538461538464	0.7647058823529411	0.5172413793103449	0.631578947368421	0.5	0.45454545454545453	0.6086956521739131	0.4	0.5294117647058824	0.5263157894736842	0.5	0.5833333333333334	0.47058823529411764	0.48	0.6	0.5384615384615384	0.6666666666666666	0.5	0.4	0.631578947368421	0.5294117647058824	0.5428571428571428	0.64	0.4	0.2413793103448276	0.42857142857142855	0.45161290322580644	0.45161290322580644	0.5384615384615384	0.32	0.625	0.40540540540540543	0.6923076923076923	0.65	0.5333333333333333	0.6857142857142857	0.47619047619047616	0.3333333333333333	0.25	0.5	
passerine sp.	0.0	0.0	0.0	0.0	0.0	0.0	0.0	0.0	0.0	0.0	0.0	0.0	0.0	0.0	0.0	0.0	0.0	0.0	0.1	0.0	0.0	0.0	0.0	0.0	0.0	0.0	0.0	0.0	0.0	0.0	0.0	0.0	0.0	0.0	0.0	0.0	0.0	0.0	0.0	0.0	0.0	0.0	0.0	0.0	0.0	0.0	0.0	0.0	

