









Frequency of observations in the selected location(s).:
Number of taxa: 	206

	Jan				Feb				Mar				Apr				May				Jun				Jul				Aug				Sep				Oct				Nov				Dec				
Sample Size:	16.0	4.0	2.0	9.0	8.0	4.0	11.0	4.0	9.0	4.0	5.0	12.0	6.0	9.0	7.0	5.0	3.0	6.0	3.0	9.0	1.0	3.0	3.0	3.0	15.0	8.0	8.0	13.0	12.0	4.0	7.0	6.0	4.0	11.0	7.0	3.0	9.0	5.0	6.0	10.0	2.0	6.0	8.0	4.0	7.0	4.0	5.0	10.0	

Greater White-fronted Goose	0.0	0.0	0.0	0.0	0.0	0.0	0.0	0.0	0.0	0.0	0.0	0.0	0.0	0.0	0.0	0.0	0.0	0.0	0.0	0.1111111111111111	0.0	0.0	0.0	0.0	0.0	0.0	0.0	0.0	0.0	0.0	0.0	0.0	0.0	0.0	0.0	0.3333333333333333	0.0	0.0	0.0	0.0	0.0	0.0	0.0	0.0	0.0	0.0	0.0	0.0	
Brant	0.0625	0.0	0.0	0.3333333333333333	0.0	0.25	0.2727272727272727	0.0	0.2222222222222222	0.0	0.0	0.3333333333333333	0.5	0.2222222222222222	0.14285714285714285	0.0	0.0	0.0	0.0	0.0	0.0	0.0	0.0	0.0	0.0	0.0	0.0	0.0	0.0	0.0	0.0	0.0	0.0	0.0	0.0	0.0	0.0	0.0	0.0	0.0	0.5	0.0	0.0	0.0	0.14285714285714285	0.0	0.0	0.4	
Cackling Goose	0.0	0.0	0.0	0.0	0.0015	0.0	0.09090909090909091	0.0	0.0	0.25	0.4	0.0	0.16666666666666666	0.0	0.0	0.0	0.0	0.16666666666666666	0.3333333333333333	0.0	0.0	0.0	0.0	0.0	0.0	0.0	0.0	0.0	0.0	0.0	0.0	0.0	0.0	0.0	0.0	0.0	0.0	0.0	0.0	0.1	0.5	0.0	0.125	0.0	0.0	0.0	0.2	0.0	
Canada Goose	0.25	0.0	0.5	0.3333333333333333	0.375	0.25	0.18181818181818182	0.75	0.7777777777777778	0.75	0.8	0.75	0.6666666666666666	0.3333333333333333	0.7142857142857143	0.8	0.6666666666666666	0.8333333333333334	0.6666666666666666	0.8888888888888888	1.0	1.0	0.6666666666666666	0.6666666666666666	0.8	0.5	0.375	0.3076923076923077	0.4166666666666667	0.25	0.2857142857142857	0.16666666666666666	0.5	0.7272727272727273	0.42857142857142855	0.0	0.4444444444444444	0.2	0.16666666666666666	0.2	0.5	0.16666666666666666	0.25	0.25	0.0	0.0	0.2	0.1	
Trumpeter Swan	0.0	0.0	0.5	0.0	0.0	0.0	0.0	0.0	0.0	0.0	0.0	0.0	0.0	0.0	0.0	0.0	0.0	0.0	0.0	0.0	0.0	0.0	0.0	0.0	0.0	0.0	0.0	0.0	0.0	0.0	0.0	0.0	0.0	0.0	0.0	0.0	0.0	0.0	0.0	0.0	0.0	0.0	0.0	0.0	0.0	0.0	0.0	0.0	
Wood Duck	0.0	0.0	0.0	0.0	0.0	0.0	0.0	0.0	0.0	0.0	0.0	0.0	0.0	0.0	0.0	0.2	0.0	0.0	0.0	0.0	0.0	0.0	0.0	0.0	0.0	0.0	0.0	0.0	0.0	0.0	0.0	0.0	0.0	0.0	0.0	0.0	0.0	0.0	0.0	0.0	0.5	0.0	0.0	0.0	0.0	0.0	0.0	0.0	
Cinnamon Teal	0.0	0.0	0.0	0.0	0.0	0.0	0.0	0.0	0.0	0.0	0.0	0.0	0.0	0.0	0.0	0.0	0.0	0.0	0.0	0.0	0.0	0.0	0.0	0.0	0.0	0.0	0.0	0.0	0.0	0.0	0.0	0.0	0.25	0.0	0.0	0.0	0.0	0.0	0.0	0.0	0.0	0.0	0.0	0.0	0.0	0.0	0.0	0.0	
Northern Shoveler	0.4375	0.0	0.5	0.3333333333333333	0.375	0.5	0.36363636363636365	0.0	0.1111111111111111	0.25	0.2	0.4166666666666667	0.6666666666666666	0.3333333333333333	0.5714285714285714	0.4	0.3333333333333333	0.0	0.0	0.0	0.0	0.0	0.0	0.0	0.0	0.0	0.0	0.0	0.08333333333333333	0.0	0.0	0.0	0.25	0.09090909090909091	0.0	0.0	0.1111111111111111	0.4	0.8333333333333334	0.5	0.0015	0.3333333333333333	0.25	0.0	0.2857142857142857	0.25	0.2	0.6	
Gadwall	0.25	0.0	0.0	0.2222222222222222	0.125	0.0	0.18181818181818182	0.0	0.3333333333333333	0.0	0.0	0.3333333333333333	0.5	0.1111111111111111	0.42857142857142855	0.4	0.6666666666666666	0.8333333333333334	0.6666666666666666	0.6666666666666666	1.0	1.0	0.3333333333333333	0.3333333333333333	0.3333333333333333	0.375	0.25	0.3076923076923077	0.16666666666666666	0.0	0.14285714285714285	0.16666666666666666	0.5	0.09090909090909091	0.42857142857142855	0.0	0.5555555555555556	0.2	0.8333333333333334	0.1	0.0015	0.5	0.25	0.0	0.14285714285714285	0.25	0.0	0.2	
Eurasian Wigeon	0.0	0.25	0.0	0.0	0.0	0.0	0.0	0.0	0.0	0.0	0.0	0.0	0.0	0.0	0.0	0.0	0.0	0.0	0.0	0.0	0.0	0.0	0.0	0.0	0.0	0.0	0.0	0.0	0.0	0.0	0.0	0.0	0.0	0.0	0.0	0.0	0.0	0.0	0.0	0.0	0.5	0.0	0.0	0.0	0.0	0.0	0.0	0.0	
American Wigeon	0.4375	0.25	0.0	0.0	0.25	0.75	0.45454545454545453	0.75	0.4444444444444444	0.25	0.8	0.5833333333333334	0.8333333333333334	0.1111111111111111	0.5714285714285714	0.6	0.3333333333333333	0.0	0.0	0.0	0.0	0.0	0.0	0.0	0.0	0.0	0.0	0.0	0.0	0.0	0.0	0.0	0.5	0.2727272727272727	0.42857142857142855	0.3333333333333333	0.6666666666666666	0.4	1.0	0.8	0.5	1.0	0.875	1.0	0.7142857142857143	0.5	0.2	0.6	
Eurasian/American Wigeon	0.0	0.0	0.0	0.0	0.0	0.0	0.0	0.25	0.0	0.0	0.0	0.0	0.0	0.0	0.0	0.0	0.0	0.0	0.0	0.0	0.0	0.0	0.0	0.0	0.0	0.0	0.0	0.0	0.0	0.0	0.14285714285714285	0.0	0.0	0.0	0.0	0.0	0.0	0.0	0.0	0.0	0.0	0.0	0.0	0.0	0.0	0.0	0.0	0.0	
Mallard	0.875	1.0	0.5	1.0	1.0	1.0	0.7272727272727273	1.0	0.8888888888888888	0.75	0.8	0.9166666666666666	1.0	0.6666666666666666	0.7142857142857143	0.6	1.0	0.8333333333333334	0.6666666666666666	0.6666666666666666	1.0	1.0	0.6666666666666666	0.6666666666666666	0.6666666666666666	0.25	0.625	0.6153846153846154	0.5	0.5	0.42857142857142855	0.16666666666666666	0.75	0.6363636363636364	0.42857142857142855	1.0	0.5555555555555556	0.6	1.0	0.8	0.5	1.0	1.0	1.0	0.8571428571428571	0.75	0.6	0.8	
Northern Pintail	0.0	0.0	0.0	0.0	0.0	0.0	0.0	0.25	0.0	0.0	0.0	0.16666666666666666	0.0	0.0	0.0	0.0	0.0	0.0	0.0	0.0	0.0	0.0	0.0	0.0	0.0	0.0	0.0	0.0	0.0	0.0	0.0	0.16666666666666666	0.5	0.0	0.0	0.0	0.2222222222222222	0.0	0.0	0.0	0.0	0.0	0.125	0.0	0.0	0.0	0.0	0.0	
Green-winged Teal	0.125	0.0	0.0	0.0	0.125	0.0	0.09090909090909091	0.25	0.1111111111111111	0.0	0.0	0.08333333333333333	0.0	0.1111111111111111	0.0	0.0	0.0	0.0	0.0	0.0	0.0	0.0	0.0	0.0	0.0	0.0	0.0	0.0	0.0	0.0	0.0	0.0	0.25	0.09090909090909091	0.0	0.0	0.0	0.0	0.0	0.1	0.0	0.5	0.0	0.0	0.14285714285714285	0.0	0.0	0.1	
Ring-necked Duck	0.0	0.0	0.0	0.0	0.0	0.0	0.0	0.25	0.0	0.0	0.0	0.08333333333333333	0.16666666666666666	0.2222222222222222	0.14285714285714285	0.0	0.0	0.0	0.3333333333333333	0.0	0.0	0.0	0.0	0.0	0.0	0.0	0.0	0.0	0.08333333333333333	0.0	0.0	0.0	0.0	0.0	0.0	0.3333333333333333	0.0	0.0	0.0	0.0	0.5	0.0	0.0	0.0	0.0	0.0	0.0	0.2	
Greater Scaup	0.125	0.0	0.5	0.0	0.0	0.0	0.0	0.0	0.0	0.0	0.0	0.25	0.0	0.1111111111111111	0.2857142857142857	0.2	0.3333333333333333	0.3333333333333333	0.0	0.1111111111111111	0.0	0.0	0.0	0.0	0.0	0.0	0.0	0.0	0.0	0.0	0.0	0.0	0.0	0.0	0.0	0.3333333333333333	0.0	0.0	0.0	0.5	0.0	0.16666666666666666	0.0	0.0	0.0	0.0	0.0	0.0	
Lesser Scaup	0.25	0.25	0.0	0.2222222222222222	0.125	0.5	0.5454545454545454	0.0	0.1111111111111111	0.0	0.0	0.16666666666666666	0.3333333333333333	0.0	0.2857142857142857	0.0	0.3333333333333333	0.3333333333333333	0.3333333333333333	0.0	0.0	0.0	0.0	0.0	0.0	0.0	0.0	0.07692307692307693	0.0	0.0	0.2857142857142857	0.0	0.0	0.0	0.0	0.0	0.2222222222222222	0.0	0.16666666666666666	0.3	0.5	0.3333333333333333	0.375	0.25	0.2857142857142857	0.0	0.0	0.3	
Greater/Lesser Scaup	0.0	0.0	0.0	0.0	0.0	0.0	0.0	0.0	0.0	0.0	0.2	0.0	0.0	0.0	0.0	0.0	0.0	0.0	0.0	0.0	0.0	0.0	0.0	0.0	0.0	0.0	0.0	0.0	0.0	0.0	0.0	0.0	0.0	0.0	0.0	0.0	0.0	0.0	0.0	0.0	0.0	0.16666666666666666	0.0	0.25	0.0	0.0	0.0	0.0	
Harlequin Duck	0.5	0.75	0.5	0.4444444444444444	0.375	0.75	0.45454545454545453	0.5	0.4444444444444444	0.25	0.4	0.3333333333333333	0.8333333333333334	0.2222222222222222	0.5714285714285714	0.4	0.3333333333333333	0.16666666666666666	0.6666666666666666	0.3333333333333333	0.0	0.0	0.0	0.3333333333333333	0.2	0.25	0.0	0.07692307692307693	0.0	0.0	0.5714285714285714	0.3333333333333333	0.5	0.36363636363636365	0.42857142857142855	0.3333333333333333	0.1111111111111111	0.6	0.5	0.8	1.0	0.6666666666666666	0.5	0.0	0.5714285714285714	0.75	0.4	0.8	
Surf Scoter	0.3125	0.5	0.5	0.3333333333333333	0.125	0.25	0.36363636363636365	0.5	0.5555555555555556	0.0	0.4	0.25	0.6666666666666666	0.0	0.14285714285714285	0.2	0.0	0.0	1.0	0.0015	0.0	0.0	0.0	0.0015	0.06666666666666667	0.0	0.25	0.0	0.08333333333333333	0.0	0.0	0.0	0.5	0.0	0.14285714285714285	0.3333333333333333	0.0	0.2	0.0	0.3	0.0015	0.5	0.375	0.0	0.0	0.0	0.2	0.4	
White-winged Scoter	0.0	0.0	0.0	0.1111111111111111	0.0	0.0	0.0	0.0	0.0	0.0	0.0	0.16666666666666666	0.0	0.0	0.0	0.0	0.0	0.0	0.3333333333333333	0.0015	0.0	0.0	0.0	0.0	0.0	0.0	0.0	0.0	0.16666666666666666	0.0	0.0	0.0	0.0	0.0	0.0	0.0	0.0	0.0	0.16666666666666666	0.1	0.0	0.16666666666666666	0.25	0.0	0.14285714285714285	0.0	0.2	0.0	
Black Scoter	0.0	0.0	0.0	0.0	0.0	0.0	0.0	0.0	0.0	0.0	0.0	0.16666666666666666	0.0	0.0	0.0	0.0	0.0	0.0	0.0	0.0	0.0	0.0	0.0	0.0	0.0	0.0	0.0	0.0	0.0	0.0	0.0	0.0	0.0	0.0	0.0	0.0	0.0	0.0	0.0	0.0	0.0	0.0	0.0	0.0	0.0	0.0	0.0	0.0	
Surf/Black Scoter	0.0	0.0	0.0	0.0	0.0	0.0	0.0	0.0	0.0	0.0	0.0	0.08333333333333333	0.0	0.0	0.0	0.0	0.0	0.0	0.0	0.0	0.0	0.0	0.0	0.0	0.0	0.0	0.0	0.0	0.0	0.0	0.0	0.0	0.0	0.0	0.0	0.0	0.0	0.0	0.0	0.0	0.0	0.0	0.0	0.0	0.0	0.0	0.0	0.0	
scoter sp.	0.0	0.0	0.0	0.0	0.0	0.0	0.09090909090909091	0.0	0.0	0.0	0.0	0.0	0.0	0.0	0.0	0.0	0.0	0.0	0.0	0.0	0.0	0.0	0.0	0.0	0.0	0.0	0.0	0.0	0.0	0.0	0.0	0.0	0.0	0.0	0.0	0.0	0.1111111111111111	0.0	0.0	0.0	0.0	0.0	0.0	0.0	0.0	0.0	0.0	0.0	
Long-tailed Duck	0.0	0.0	0.0	0.1111111111111111	0.0	0.0	0.09090909090909091	0.25	0.0	0.0	0.0	0.0	0.0	0.0	0.0	0.0	0.0	0.0	0.0	0.0	0.0	0.0	0.0	0.0	0.0	0.0	0.0	0.0	0.0	0.0	0.0	0.0	0.0	0.0	0.0	0.0	0.0	0.0	0.0	0.1	0.5	0.0	0.0	0.25	0.0	0.0	0.2	0.0	
Bufflehead	0.5	0.75	0.5	0.5555555555555556	0.625	0.5	0.6363636363636364	1.0	0.7777777777777778	0.5	0.8	0.8333333333333334	0.8333333333333334	0.6666666666666666	0.8571428571428571	0.8	0.6666666666666666	0.3333333333333333	0.0	0.0	0.0	0.0	0.0	0.0	0.0	0.0	0.0	0.15384615384615385	0.0	0.0	0.0	0.0	0.0	0.0	0.0	0.0	0.0	0.2	0.8333333333333334	0.9	0.5	0.8333333333333334	0.875	0.75	0.7142857142857143	0.25	0.6	0.5	
Common Goldeneye	0.5625	0.5	1.0	0.4444444444444444	0.5	0.25	0.5454545454545454	0.5	0.2222222222222222	0.5	0.2	0.16666666666666666	0.5	0.2222222222222222	0.0	0.2	0.0	0.0	0.3333333333333333	0.1111111111111111	0.0	0.0	0.0	0.0	0.0	0.0	0.0	0.0	0.0	0.0	0.0	0.0	0.0	0.0	0.0	0.0	0.0	0.0	0.0	0.3	0.0	0.3333333333333333	0.125	0.0	0.14285714285714285	0.75	0.4	0.6	
Barrow's Goldeneye	0.0625	0.0	0.0	0.0	0.0	0.0	0.0	0.0	0.0	0.0	0.0	0.16666666666666666	0.0	0.0	0.0	0.0	0.0	0.0	0.0	0.0	0.0	0.0	0.0	0.0	0.0	0.0	0.0	0.0	0.0	0.0	0.0	0.0	0.0	0.0	0.0	0.0	0.0	0.0	0.5	0.0	0.5	0.0	0.0	0.0	0.0	0.0	0.0	0.1	
Hooded Merganser	0.0	0.0	0.0	0.0	0.0	0.0	0.0	0.0	0.0	0.0	0.0	0.0	0.0	0.1111111111111111	0.0	0.0	0.0	0.0	0.0	0.0	0.0	0.0	0.0	0.0	0.0	0.0	0.0	0.0	0.0	0.0	0.0	0.0	0.0	0.09090909090909091	0.0	0.0	0.0	0.0	0.0	0.1	0.5	0.16666666666666666	0.0	0.0	0.14285714285714285	0.25	0.0	0.2	
Common Merganser	0.0625	0.0	0.0	0.0	0.0	0.0	0.0	0.0	0.0	0.0	0.0	0.08333333333333333	0.5	0.1111111111111111	0.14285714285714285	0.4	0.0	0.0	0.0	0.0	0.0	0.0	0.0	0.0	0.0015	0.0	0.0	0.0	0.0	0.0	0.0	0.0	0.0	0.0	0.0	0.0	0.0	0.2	0.0	0.1	0.5	0.0	0.0	0.5	0.0	0.25	0.0	0.1	
Red-breasted Merganser	0.5	1.0	0.5	0.7777777777777778	0.5	0.75	0.7272727272727273	0.75	0.5555555555555556	0.75	0.4	0.3333333333333333	0.8333333333333334	0.2222222222222222	0.2857142857142857	0.2	0.0	0.0	0.0	0.0	0.0	0.0	0.0	0.0	0.0	0.0	0.0	0.0	0.0	0.0	0.0	0.0	0.0	0.0	0.0	0.0	0.0	0.2	0.16666666666666666	0.9	0.5	0.8333333333333334	0.75	0.75	0.5714285714285714	0.5	0.4	0.9	
Common/Red-breasted Merganser	0.0	0.0	0.0	0.0	0.0	0.0	0.0	0.0	0.0	0.0	0.0	0.0	0.0	0.0	0.0	0.0	0.0	0.0	0.0	0.0	0.0	0.0	0.0	0.0	0.0	0.0	0.0	0.0	0.0	0.0	0.0	0.0	0.0	0.0	0.0	0.0	0.0	0.4	0.0	0.0	0.0	0.0	0.0	0.0	0.0	0.0	0.0	0.0	
Ruddy Duck	0.8125	0.5	0.5	0.8888888888888888	0.625	1.0	0.45454545454545453	1.0	0.6666666666666666	0.5	0.6	0.4166666666666667	0.8333333333333334	0.3333333333333333	0.7142857142857143	0.2	0.3333333333333333	0.6666666666666666	0.6666666666666666	0.5555555555555556	1.0	1.0	0.3333333333333333	0.6666666666666666	0.8	0.375	0.625	0.38461538461538464	0.5	0.25	0.2857142857142857	0.5	0.75	0.6363636363636364	0.2857142857142857	0.3333333333333333	0.4444444444444444	0.2	0.0	0.5	0.0015	0.5	0.625	1.0	0.42857142857142855	0.75	0.4	0.7	
duck sp.	0.0	0.0	0.0	0.0	0.0	0.0	0.0	0.0	0.0	0.0	0.0	0.0	0.0	0.0	0.0	0.0	0.0	0.0	0.0	0.0	0.0	0.0	0.0	0.0	0.0	0.0	0.0	0.0	0.0	0.0	0.0	0.0	0.0	0.0	0.14285714285714285	0.0	0.0	0.0	0.0	0.0	0.5	0.0	0.125	0.0	0.0	0.0	0.0	0.0	
California Quail	0.0625	0.0	0.5	0.0	0.0	0.0	0.0	0.0	0.0	0.0	0.0	0.08333333333333333	0.16666666666666666	0.1111111111111111	0.0	0.4	0.3333333333333333	0.0	0.0	0.0	0.0	0.0	0.0	0.0015	0.0	0.0	0.375	0.0	0.08333333333333333	0.0	0.0	0.0	0.25	0.09090909090909091	0.0	0.0	0.0	0.0	0.0	0.1	0.0	0.0	0.0	0.0	0.0	0.0	0.0	0.0	
Sooty Grouse	0.0	0.0	0.0	0.0	0.0	0.0	0.0	0.0	0.0	0.0	0.0	0.0	0.0	0.2222222222222222	0.0	0.4	0.0	0.0	0.3333333333333333	0.0	0.0	0.0	0.0	0.0	0.0	0.0	0.0	0.0	0.0	0.0	0.0	0.0	0.0	0.0	0.0	0.0	0.0	0.0	0.0	0.0	0.0	0.0	0.0	0.0	0.0	0.0	0.0	0.0	
Pied-billed Grebe	0.0	0.0	0.0	0.0	0.125	0.0	0.0	0.0	0.0	0.0	0.0	0.0	0.16666666666666666	0.2222222222222222	0.14285714285714285	0.4	0.0	0.16666666666666666	0.3333333333333333	0.0	0.0	0.0	0.0	0.0	0.0	0.0	0.0	0.0	0.0	0.0	0.0	0.0	0.0	0.0	0.0	0.0	0.0	0.0	0.0	0.0	0.5	0.0	0.0	0.0	0.0	0.0	0.0	0.0	
Horned Grebe	0.25	0.75	0.5	0.6666666666666666	0.375	0.5	0.36363636363636365	0.25	0.3333333333333333	0.5	0.0	0.16666666666666666	0.8333333333333334	0.0	0.14285714285714285	0.0	0.0	0.0	0.0	0.1111111111111111	0.0	0.0	0.0	0.0	0.0	0.0	0.0	0.0	0.0	0.0	0.0	0.0	0.0	0.0	0.0	0.3333333333333333	0.2222222222222222	0.6	0.0	0.5	1.0	0.8333333333333334	0.5	0.25	0.14285714285714285	0.5	0.4	0.4	
Red-necked Grebe	0.25	0.5	0.5	0.6666666666666666	0.125	0.25	0.0	0.5	0.2222222222222222	0.0	0.0	0.08333333333333333	0.5	0.0	0.14285714285714285	0.0	0.0	0.0	0.0	0.0	0.0	0.0	0.0	0.0	0.0	0.0	0.0	0.0	0.08333333333333333	0.0	0.0	0.16666666666666666	0.25	0.36363636363636365	0.14285714285714285	0.3333333333333333	0.2222222222222222	0.2	0.0	0.5	0.5	0.3333333333333333	0.125	0.25	0.2857142857142857	0.5	0.4	0.4	
Eared Grebe	0.125	0.0	0.0	0.0	0.0	0.0	0.09090909090909091	0.0	0.0	0.0	0.0	0.0	0.0	0.0	0.0	0.0	0.0	0.0	0.0	0.0	0.0	0.0	0.0	0.0	0.0	0.0	0.0	0.0	0.0	0.0	0.0	0.0	0.0	0.0	0.0	0.0	0.0	0.0	0.0	0.0	0.5	0.3333333333333333	0.0	0.0	0.0	0.0	0.0	0.0	
Western Grebe	0.0	0.25	0.5	0.1111111111111111	0.25	0.0	0.0	0.25	0.0	0.0	0.2	0.25	0.16666666666666666	0.0	0.0	0.0	0.0	0.0	0.0	0.0	0.0	0.0	0.0	0.0	0.0	0.0	0.0	0.0	0.0	0.0	0.0	0.16666666666666666	0.0	0.09090909090909091	0.2857142857142857	0.0	0.1111111111111111	0.0	0.0	0.1	0.5	0.16666666666666666	0.125	0.0	0.0	0.0	0.0	0.1	
Rock Pigeon	0.0	0.0	0.0	0.0	0.25	0.0	0.09090909090909091	0.25	0.0	0.0	0.0	0.0	0.16666666666666666	0.0	0.0	0.0	0.0	0.0	0.0	0.0	0.0	0.0	0.0	0.0	0.13333333333333333	0.0	0.0	0.07692307692307693	0.16666666666666666	0.0	0.2857142857142857	0.0	0.25	0.09090909090909091	0.0	0.0	0.1111111111111111	0.0	0.0	0.3	0.0	0.0	0.125	0.25	0.0	0.0	0.0	0.0	
Band-tailed Pigeon	0.0	0.0	0.0	0.0	0.0	0.0	0.0	0.0	0.0	0.0	0.0	0.08333333333333333	0.0	0.0	0.14285714285714285	0.2	0.0	0.3333333333333333	0.0	0.1111111111111111	0.0	0.0	0.0	0.0	0.0	0.125	0.0	0.07692307692307693	0.16666666666666666	0.0	0.0	0.0	0.0	0.09090909090909091	0.14285714285714285	0.0	0.0	0.2	0.0	0.0	0.0	0.0	0.0	0.0	0.0	0.0	0.0	0.0	
Eurasian Collared-Dove	0.1875	0.5	0.5	0.2222222222222222	0.5	0.5	0.2727272727272727	0.5	0.3333333333333333	0.25	0.0	0.0	0.6666666666666666	0.1111111111111111	0.2857142857142857	0.0	0.3333333333333333	0.6666666666666666	0.3333333333333333	0.3333333333333333	1.0	0.6666666666666666	0.0	0.3333333333333333	0.6	0.5	0.5	0.23076923076923078	0.16666666666666666	0.0	0.2857142857142857	0.3333333333333333	0.5	0.36363636363636365	0.14285714285714285	0.3333333333333333	0.1111111111111111	0.4	0.3333333333333333	0.2	0.5	0.16666666666666666	0.25	0.25	0.0	0.25	0.2	0.2	
Mourning Dove	0.0	0.0	0.5	0.1111111111111111	0.0	0.25	0.09090909090909091	0.25	0.0	0.0	0.0	0.16666666666666666	0.16666666666666666	0.3333333333333333	0.5714285714285714	0.6	0.0	0.0	0.3333333333333333	0.0	0.0	0.0	0.0	0.3333333333333333	0.13333333333333333	0.125	0.0	0.07692307692307693	0.08333333333333333	0.25	0.0	0.3333333333333333	0.0	0.09090909090909091	0.14285714285714285	0.0	0.0	0.2	0.0	0.0	0.5	0.0	0.0	0.0	0.0	0.0	0.0	0.1	
Common Nighthawk	0.0	0.0	0.0	0.0	0.0	0.0	0.0	0.0	0.0	0.0	0.0	0.0	0.0	0.0	0.0	0.0	0.0	0.0	0.0	0.0	0.0	0.0	0.0	0.0	0.0	0.0	0.0	0.0	0.08333333333333333	0.0	0.0	0.0	0.0	0.0	0.0	0.0	0.0	0.0	0.0	0.0	0.0	0.0	0.0	0.0	0.0	0.0	0.0	0.0	
Anna's Hummingbird	0.3125	0.25	0.5	0.4444444444444444	0.125	0.25	0.18181818181818182	0.5	0.6666666666666666	0.5	0.2	0.16666666666666666	0.5	0.0	0.14285714285714285	0.0	0.0	0.0	0.0	0.1111111111111111	0.0	0.0	0.0	0.0	0.0	0.0	0.25	0.0	0.08333333333333333	0.0	0.0	0.16666666666666666	0.25	0.0	0.14285714285714285	0.3333333333333333	0.1111111111111111	0.2	0.5	0.2	0.0	0.3333333333333333	0.125	0.75	0.2857142857142857	0.25	0.4	0.0	
Rufous Hummingbird	0.0	0.0	0.0	0.0	0.0	0.0	0.0	0.0	0.0	0.0	0.0	0.25	0.3333333333333333	0.2222222222222222	0.14285714285714285	0.4	0.0	0.16666666666666666	0.3333333333333333	0.1111111111111111	0.0	0.0	0.3333333333333333	0.0	0.2	0.125	0.125	0.0	0.16666666666666666	0.0	0.0	0.16666666666666666	0.0	0.0	0.0	0.0	0.0	0.0	0.0	0.0	0.0	0.0	0.0	0.0	0.0	0.0	0.0	0.0	
hummingbird sp.	0.0	0.0	0.0	0.0	0.0	0.0	0.0	0.0	0.0	0.0	0.0	0.0	0.3333333333333333	0.0	0.0	0.0	0.0	0.0	0.0	0.0	0.0	0.0	0.0	0.0	0.0015	0.0	0.0	0.0	0.0	0.0	0.0	0.0	0.0	0.0	0.0	0.0	0.0	0.0	0.0	0.0	0.0	0.0	0.0	0.0	0.0	0.0	0.0	0.0	
Virginia Rail	0.0	0.0	0.0	0.0	0.0	0.0	0.0	0.0	0.0	0.0	0.0	0.0	0.0	0.1111111111111111	0.0	0.0	0.0	0.0	0.0	0.0	0.0	0.0	0.0	0.0	0.0	0.0	0.0	0.0	0.0	0.0	0.0	0.0	0.0	0.0	0.0	0.0	0.0	0.0	0.0	0.0	0.0	0.0	0.0	0.0	0.0	0.0	0.0	0.0	
American Coot	0.3125	0.25	0.5	0.1111111111111111	0.25	0.25	0.18181818181818182	0.0	0.2222222222222222	0.0	0.0	0.16666666666666666	0.16666666666666666	0.0	0.0	0.0	0.0	0.0	0.0	0.0	0.0	0.0	0.0	0.0	0.0	0.0	0.0	0.0	0.0	0.0	0.0	0.0	0.0	0.0	0.0	0.0	0.1111111111111111	0.0	0.0	0.0	0.5	0.3333333333333333	0.125	0.25	0.14285714285714285	0.5	0.0	0.4	
Black Oystercatcher	0.0	0.0	0.0	0.0	0.0	0.0	0.0	0.0	0.0	0.0	0.0	0.0	0.16666666666666666	0.0	0.0	0.0	0.0	0.16666666666666666	0.0	0.0	0.0	0.0	0.0	0.3333333333333333	0.0	0.125	0.0	0.0	0.08333333333333333	0.0	0.0	0.0	0.0	0.0	0.0	0.0	0.0	0.0	0.0	0.0	0.0	0.0	0.0	0.0	0.0	0.0	0.0	0.0	
Black-bellied Plover	0.0625	0.0	0.0	0.0	0.125	0.0	0.0	0.0	0.0	0.0	0.0	0.0	0.0	0.0	0.0	0.0	0.0	0.0	0.0	0.0	0.0	0.0	0.0	0.0	0.0	0.0	0.0	0.0	0.0	0.0	0.0	0.0	0.0	0.0	0.14285714285714285	0.0	0.0	0.0	0.0	0.0	0.0	0.3333333333333333	0.125	0.25	0.0	0.25	0.0	0.4	
Semipalmated Plover	0.0	0.0	0.0	0.0	0.0	0.0	0.0	0.0	0.0	0.0	0.0	0.0	0.0	0.0	0.0	0.0	0.0	0.0	0.0	0.0	0.0	0.0	0.0	0.0	0.0	0.0	0.125	0.0	0.0	0.0	0.0	0.0	0.0	0.0	0.0	0.0	0.0	0.0	0.0	0.0	0.0	0.0	0.0	0.0	0.0	0.0	0.0	0.0	
Killdeer	0.0	0.0	0.0	0.1111111111111111	0.25	0.0	0.09090909090909091	0.25	0.0	0.0	0.2	0.3333333333333333	0.3333333333333333	0.0	0.42857142857142855	0.0	0.0	0.0	0.6666666666666666	0.3333333333333333	0.0	0.6666666666666666	0.0	0.3333333333333333	0.4666666666666667	0.0	0.5	0.15384615384615385	0.16666666666666666	0.0	0.0	0.16666666666666666	0.25	0.09090909090909091	0.0	1.0	0.1111111111111111	0.6	0.3333333333333333	0.0	0.5	0.16666666666666666	0.0	0.5	0.14285714285714285	0.25	0.4	0.1	
Marbled Godwit	0.0	0.0	0.0	0.0	0.0	0.0	0.0	0.0	0.0	0.0	0.0	0.08333333333333333	0.0	0.0	0.0	0.0	0.0	0.0	0.0	0.0	0.0	0.0	0.0	0.0	0.0	0.25	0.0	0.0	0.0	0.0	0.0	0.0	0.0	0.0	0.0	0.0	0.0	0.0	0.0	0.0	0.5	0.0	0.0	0.0	0.0	0.0	0.0	0.0	
Black Turnstone	0.0	0.0	0.0	0.0	0.0	0.0	0.0	0.0	0.0	0.0	0.0	0.0	0.0	0.0	0.0	0.0	0.0	0.0	0.0	0.0	0.0	0.0	0.0	0.0	0.0	0.0	0.0	0.0	0.0	0.0	0.0	0.0	0.0	0.0	0.0	0.0	0.0	0.0	0.0	0.0	0.5	0.0	0.0	0.0	0.0	0.0	0.0	0.0	
Sanderling	0.0	0.0	0.0	0.0	0.0	0.0	0.0	0.0	0.0	0.0	0.0	0.0	0.0	0.0	0.0	0.0	0.0	0.0	0.3333333333333333	0.0	0.0	0.0	0.0	0.0	0.0	0.0	0.125	0.0	0.0	0.0	0.0	0.0	0.0	0.0	0.0	0.0	0.0	0.0	0.0	0.0	0.5	0.0	0.125	0.25	0.0	0.0	0.0	0.2	
Dunlin	0.0	0.0	0.0	0.0	0.125	0.0	0.0	0.0	0.0	0.0	0.0	0.0	0.0	0.0	0.0	0.0	0.0	0.0	0.0	0.0	0.0	0.0	0.0	0.0	0.0	0.0	0.0	0.0	0.0	0.0	0.0	0.0	0.0	0.0	0.0	0.0	0.0	0.0	0.0	0.0	1.0	0.0	0.0	0.0	0.0	0.0	0.0	0.0	
Least Sandpiper	0.0	0.0	0.0	0.0	0.0	0.0	0.0	0.0	0.0	0.0	0.0	0.0	0.0	0.0	0.0	0.0	0.0	0.0	0.0	0.0	0.0	0.0	0.0	0.0	0.2	0.25	0.375	0.15384615384615385	0.16666666666666666	0.25	0.0	0.5	0.5	0.0	0.0	0.0	0.0	0.0	0.0	0.0	0.0	0.0	0.0	0.0	0.0	0.0	0.0	0.0	
Western Sandpiper	0.0	0.0	0.0	0.0	0.0	0.0	0.0	0.0	0.0	0.0	0.0	0.08333333333333333	0.0	0.0	0.0	0.0	0.0	0.0	0.3333333333333333	0.0	0.0	0.0	0.0	0.3333333333333333	0.3333333333333333	0.0	0.375	0.0	0.0	0.0	0.14285714285714285	0.0	0.0	0.0	0.0	0.0	0.0	0.0	0.0	0.0	0.5	0.0	0.0	0.0	0.0	0.0	0.0	0.0	
peep sp.	0.0	0.0	0.0	0.0	0.0	0.0	0.0	0.0	0.0	0.0	0.0	0.0	0.0	0.0	0.0	0.0	0.0	0.0	0.0	0.0	0.0	0.0	0.0	0.0	0.0	0.0	0.0	0.0	0.0	0.0	0.14285714285714285	0.0	0.0	0.0	0.0	0.0	0.0	0.0	0.0	0.0	0.5	0.0	0.0	0.0	0.0	0.0	0.0	0.0	
Calidris sp.	0.0	0.0	0.0	0.0	0.0	0.0	0.0	0.0	0.0	0.0	0.0	0.0	0.0	0.0	0.0	0.0	0.0	0.0	0.0	0.0	0.0	0.0	0.0	0.0	0.0	0.0	0.0	0.0	0.0	0.0	0.0	0.0	0.0	0.0	0.0	0.0	0.0	0.0	0.0	0.0	0.0	0.0	0.0	0.0	0.0	0.0	0.0	0.1	
Long-billed Dowitcher	0.0	0.0	0.0	0.0	0.0	0.0	0.0	0.0	0.0	0.0	0.0	0.0	0.0	0.0	0.0	0.0	0.0	0.0	0.0	0.0	0.0	0.0	0.0	0.0	0.0	0.0	0.0	0.07692307692307693	0.0	0.0	0.0	0.0	0.0	0.0	0.0	0.0	0.0	0.0	0.0	0.0	0.5	0.0	0.0	0.0	0.0	0.0	0.0	0.0	
Short-billed/Long-billed Dowitcher	0.0	0.0	0.0	0.0	0.0	0.0	0.0	0.0	0.0	0.0	0.0	0.0	0.0	0.0	0.0	0.0	0.0	0.0	0.0	0.0	0.0	0.0	0.0	0.0	0.0	0.0	0.0	0.0	0.0	0.0	0.0	0.0	0.0	0.0	0.0	0.0	0.0	0.0	0.0	0.0	0.5	0.0	0.0	0.0	0.0	0.0	0.0	0.0	
Wilson's Snipe	0.0	0.0	0.0	0.0	0.0	0.0	0.0	0.0	0.0	0.0	0.0	0.0	0.0	0.0	0.0	0.0	0.0	0.0	0.0	0.0	0.0	0.3333333333333333	0.0	0.0	0.0	0.0	0.0	0.0	0.0	0.0	0.0	0.0	0.0	0.0	0.0	0.0	0.0	0.0	0.0	0.0	0.5	0.0	0.0	0.0	0.0	0.0	0.0	0.0	
Red-necked Phalarope	0.0	0.0	0.0	0.0	0.0	0.0	0.0	0.0	0.0	0.0	0.0	0.0	0.0	0.0	0.0	0.0	0.0	0.0	0.0	0.1111111111111111	0.0	0.0	0.0	0.0	0.0	0.0	0.0	0.0015	0.0	0.0	0.0	0.0	0.5	0.0	0.0	0.0	0.0	0.0	0.0	0.0	0.0	0.0	0.0	0.0	0.0	0.0	0.0	0.0	
Red Phalarope	0.0	0.0	0.0	0.0	0.0	0.0	0.0	0.0	0.0	0.0	0.0	0.0	0.0	0.0	0.0	0.0	0.0	0.0	0.0	0.0	0.0	0.0	0.0	0.0	0.0	0.0	0.0	0.0	0.0	0.0	0.0	0.0	0.0	0.09090909090909091	0.0	0.0	0.0	0.0	0.0	0.0	0.0	0.0	0.0	0.0	0.0	0.0	0.0015	0.0	
Red-necked/Red Phalarope	0.0	0.0	0.0	0.0	0.0	0.0	0.0	0.0	0.0	0.0	0.0	0.0	0.0	0.0	0.0	0.0	0.0	0.0	0.0	0.0	0.0	0.0	0.0	0.0	0.0	0.0	0.0	0.0	0.0	0.0	0.0	0.0	0.0	0.09090909090909091	0.0	0.0	0.0	0.0	0.0	0.0	0.0	0.0	0.0	0.0	0.0	0.0	0.0	0.0	
Spotted Sandpiper	0.0	0.0	0.0	0.0	0.0	0.0	0.0	0.0	0.0	0.0	0.0	0.0	0.16666666666666666	0.0	0.0	0.0	0.0	0.0	0.0	0.2222222222222222	0.0	0.0	0.0	0.0	0.0	0.125	0.125	0.07692307692307693	0.0	0.0	0.14285714285714285	0.0	0.0	0.0	0.0	0.0	0.0	0.0	0.0	0.0	0.0	0.0	0.0	0.0	0.0	0.0	0.0	0.0	
Greater Yellowlegs	0.0	0.0	0.0	0.0	0.0	0.0	0.0	0.0	0.0	0.0	0.0	0.0	0.0	0.1111111111111111	0.0	0.0	0.0	0.0	0.0	0.0	0.0	0.0	0.0	0.0	0.0	0.0	0.0	0.0	0.08333333333333333	0.0	0.0	0.0	0.5	0.0	0.0	0.0	0.0	0.0	0.3333333333333333	0.0	0.5	0.0	0.0	0.0	0.0	0.0	0.0	0.0	
Lesser Yellowlegs	0.0	0.0	0.0	0.0	0.0	0.0	0.0	0.0	0.0	0.0	0.0	0.0	0.0	0.0	0.0	0.0	0.0	0.0	0.0	0.0	0.0	0.0	0.0	0.0	0.0	0.0	0.0	0.0	0.0015	0.0	0.0	0.0	0.0	0.0	0.0	0.0	0.0	0.0	0.0	0.0	0.0	0.0	0.0	0.0	0.0	0.0	0.0	0.0	
shorebird sp.	0.0	0.0	0.0	0.0	0.0	0.0	0.09090909090909091	0.0	0.0	0.0	0.0	0.0	0.0	0.0	0.0	0.0	0.0	0.0	0.0	0.0	0.0	0.0	0.0	0.0	0.0	0.0	0.0	0.0	0.0	0.0	0.0	0.0	0.0	0.0	0.0	0.0	0.0	0.0	0.0	0.0	0.0	0.0	0.0	0.0	0.0	0.0	0.0	0.0	
Parasitic Jaeger	0.0	0.0	0.0	0.0	0.0	0.0	0.0	0.0	0.0	0.0	0.0	0.0	0.0	0.0	0.0	0.0	0.0	0.0	0.0	0.0	0.0	0.0	0.0	0.0	0.0	0.0	0.0	0.07692307692307693	0.0	0.0	0.0	0.0	0.0	0.0	0.0	0.0	0.0	0.0	0.0	0.0	0.0	0.0	0.0	0.0	0.0	0.0	0.0	0.0	
Common Murre	0.625	0.0	0.5	0.6666666666666666	0.125	0.25	0.5454545454545454	0.25	0.4444444444444444	0.5	0.2	0.0	0.3333333333333333	0.2222222222222222	0.14285714285714285	0.2	0.3333333333333333	0.0	0.0	0.0015	0.0	0.0	0.0	0.3333333333333333	0.06666666666666667	0.0	0.125	0.23076923076923078	0.08333333333333333	0.0	0.0	0.16666666666666666	0.75	0.36363636363636365	0.14285714285714285	0.3333333333333333	0.6666666666666666	0.8	0.6666666666666666	0.7	0.5	0.5	0.875	0.75	0.2857142857142857	0.5	0.2	0.9	
Thick-billed Murre	0.0	0.0	0.0	0.0	0.0	0.0	0.0	0.0	0.0	0.0	0.0	0.0	0.0	0.0	0.0	0.0	0.0	0.0	0.0	0.0	0.0	0.0	0.0	0.0	0.0	0.0	0.0	0.0	0.0	0.0	0.0	0.0	0.0	0.0	0.0	0.0	0.0	0.0	0.0	0.0	0.0	0.0	0.0	0.0	0.0	0.0	0.0015	0.0	
Pigeon Guillemot	0.625	0.5	0.5	0.6666666666666666	0.25	0.25	0.7272727272727273	0.75	0.5555555555555556	0.75	0.4	0.5833333333333334	1.0	0.2222222222222222	0.7142857142857143	0.4	1.0	0.6666666666666666	1.0	0.7777777777777778	1.0	0.6666666666666666	1.0	0.6666666666666666	0.8666666666666667	0.625	0.75	0.9230769230769231	0.75	0.75	1.0	0.5	0.5	0.7272727272727273	0.42857142857142855	0.6666666666666666	0.4444444444444444	0.8	0.6666666666666666	0.8	0.5	0.6666666666666666	0.75	1.0	0.5714285714285714	0.5	0.4	1.0	
Marbled Murrelet	0.5	0.25	0.0	0.3333333333333333	0.125	0.0	0.09090909090909091	0.25	0.0	0.0	0.0	0.0	0.16666666666666666	0.0	0.0015	0.2	0.0	0.0	0.6666666666666666	0.0	0.0	0.0	0.3333333333333333	0.0	0.06666666666666667	0.125	0.0	0.15384615384615385	0.16666666666666666	0.0	0.0	0.5	0.0	0.18181818181818182	0.14285714285714285	0.6666666666666666	0.0	0.0	0.3333333333333333	0.1	0.5	0.5	0.375	0.25	0.2857142857142857	0.5	0.2	0.8	
Ancient Murrelet	0.0	0.0	0.0	0.1111111111111111	0.0	0.0	0.09090909090909091	0.0	0.0	0.0	0.0	0.0	0.16666666666666666	0.0	0.0	0.0	0.0	0.0	0.0	0.0	0.0	0.0	0.0	0.0	0.0	0.0	0.0	0.0	0.0	0.0	0.0	0.0	0.0	0.0	0.0	0.0	0.0	0.0	0.0	0.0	0.5	0.0	0.0	0.0	0.14285714285714285	0.25	0.0	0.0	
murrelet sp.	0.0	0.0	0.0	0.0	0.0	0.0	0.0	0.0	0.0	0.0	0.0	0.0	0.0	0.0	0.0	0.0	0.0	0.0	0.0	0.0	0.0	0.0	0.0	0.0	0.0	0.0	0.0	0.0	0.0	0.0	0.0	0.0	0.0	0.0	0.0	0.0	0.0	0.0	0.0	0.0	0.0	0.16666666666666666	0.0	0.0	0.0	0.0	0.0	0.0	
Cassin's Auklet	0.0	0.0	0.0	0.0	0.0	0.0	0.0	0.0	0.0	0.0	0.0	0.0	0.0	0.0	0.0	0.0	0.0	0.0	0.0	0.0	0.0	0.0	0.0	0.0	0.0	0.0	0.0	0.0	0.0	0.25	0.0	0.0	0.0	0.0	0.0	0.0	0.0	0.0	0.0	0.0	0.0	0.0	0.0	0.0	0.0	0.0	0.2	0.0	
Rhinoceros Auklet	0.0	0.0	0.0	0.1111111111111111	0.125	0.0	0.2727272727272727	0.25	0.2222222222222222	0.25	0.0	0.3333333333333333	0.8333333333333334	0.3333333333333333	0.2857142857142857	0.2	0.6666666666666666	0.5	0.6666666666666666	0.4444444444444444	1.0	0.6666666666666666	0.6666666666666666	0.6666666666666666	0.6666666666666666	0.625	0.875	0.9230769230769231	0.4166666666666667	0.5	0.42857142857142855	0.5	0.5	0.36363636363636365	0.2857142857142857	0.3333333333333333	0.3333333333333333	0.2	0.16666666666666666	0.3	0.0015	0.16666666666666666	0.25	0.0	0.0	0.0	0.2	0.4	
Tufted Puffin	0.0	0.0	0.0	0.0	0.0	0.0	0.0	0.0	0.0	0.0	0.0	0.0	0.0	0.0	0.0	0.0015	0.0	0.0	0.0	0.0	0.0015	0.0	0.3333333333333333	0.3333333333333333	0.26666666666666666	0.0	0.5	0.3076923076923077	0.3333333333333333	0.5	0.2857142857142857	0.3333333333333333	0.0	0.0	0.0	0.0	0.0	0.0	0.0	0.0	0.0	0.0	0.0	0.0	0.0	0.0	0.0	0.0	
alcid sp.	0.0	0.0	0.0	0.0	0.0	0.0	0.0	0.0	0.0	0.0	0.0	0.0	0.0	0.0	0.0	0.0	0.3333333333333333	0.0	0.3333333333333333	0.0	0.0	0.0	0.0	0.3333333333333333	0.06666666666666667	0.0	0.0	0.0	0.0	0.0	0.0	0.0	0.0	0.0	0.0	0.0	0.0	0.0	0.0	0.1	0.5	0.0	0.0	0.0	0.0	0.0	0.0	0.2	
Bonaparte's Gull	0.0	0.0	0.0	0.0	0.0	0.0	0.0	0.0	0.0	0.0	0.0	0.0	0.0	0.0	0.0	0.0	0.0	0.0	0.3333333333333333	0.1111111111111111	0.0	0.0	0.0	0.0	0.06666666666666667	0.0	0.0	0.0	0.16666666666666666	0.0	0.0	0.0	0.0	0.0	0.14285714285714285	0.0	0.0	0.0	0.0	0.1	0.0	0.0	0.0	0.0	0.0	0.0	0.0	0.0	
Heermann's Gull	0.0	0.0	0.0	0.0	0.0	0.0	0.0	0.0	0.0	0.0	0.0	0.0	0.0	0.0	0.0	0.0	0.0	0.0	0.0	0.0	0.0	0.0	0.0	0.0	0.13333333333333333	0.5	0.25	0.38461538461538464	0.25	0.0	0.5714285714285714	0.6666666666666666	0.25	0.9090909090909091	0.5714285714285714	1.0	0.7777777777777778	0.8	0.6666666666666666	0.5	1.0	0.16666666666666666	0.0	0.0	0.0	0.0	0.0	0.0	
Mew Gull	0.5625	0.75	0.5	0.4444444444444444	0.0	0.75	0.36363636363636365	0.0	0.2222222222222222	0.25	0.2	0.0	0.6666666666666666	0.0	0.0	0.0	0.3333333333333333	0.0	0.0	0.0	0.0	0.0	0.0	0.0	0.0	0.0	0.0	0.15384615384615385	0.0015	0.0	0.2857142857142857	0.16666666666666666	0.5	0.36363636363636365	0.14285714285714285	0.3333333333333333	0.4444444444444444	0.8	0.8333333333333334	0.6	1.0	0.8333333333333334	0.375	0.75	0.42857142857142855	0.75	0.8	0.5	
Ring-billed Gull	0.0625	0.0	0.0	0.0	0.0	0.0	0.0	0.0	0.0	0.25	0.0	0.0	0.0	0.0	0.0	0.2	0.0	0.0	0.0	0.0	0.0	0.0	0.0	0.0	0.0	0.0	0.125	0.07692307692307693	0.0015	0.0	0.0	0.16666666666666666	0.25	0.09090909090909091	0.2857142857142857	0.0	0.0	0.0	0.0	0.1	0.5	0.0	0.0	0.0	0.0	0.0	0.0	0.0	
Western Gull	0.25	0.0	0.0	0.0	0.0	0.25	0.0	0.0	0.1111111111111111	0.0	0.0	0.16666666666666666	0.16666666666666666	0.2222222222222222	0.0	0.0	0.0	0.16666666666666666	0.0	0.2222222222222222	0.0	0.0	0.0	0.0	0.06666666666666667	0.0	0.0	0.0	0.0	0.25	0.14285714285714285	0.0	0.25	0.36363636363636365	0.0	0.0	0.0	0.2	0.0	0.0	0.0	0.0	0.0	0.0	0.0	0.5	0.0	0.2	
California Gull	0.0625	0.0	0.0	0.0	0.125	0.0	0.0	0.0	0.0	0.0	0.0	0.0	0.0	0.0	0.0	0.0	0.0	0.0	0.6666666666666666	0.1111111111111111	0.0	0.0	0.0	0.0	0.0015	0.375	0.25	0.5384615384615384	0.16666666666666666	0.5	0.7142857142857143	0.5	0.5	0.45454545454545453	0.2857142857142857	1.0	0.4444444444444444	0.2	0.3333333333333333	0.4	0.0	0.16666666666666666	0.375	0.0	0.0	0.25	0.2	0.2	
Herring Gull	0.0	0.0	0.0	0.0	0.0	0.0	0.0	0.0	0.0	0.0	0.2	0.08333333333333333	0.0	0.0	0.0	0.0	0.0	0.0	0.0	0.1111111111111111	0.0	0.0	0.0	0.0	0.0	0.0	0.0	0.0	0.08333333333333333	0.0	0.0	0.0	0.0	0.0	0.0	0.0	0.1111111111111111	0.0	0.0	0.1	0.0	0.0	0.0	0.0	0.0	0.25	0.4	0.0	
Iceland Gull	0.0	0.0	0.0	0.0	0.0	0.0	0.0	0.0	0.0	0.0	0.0	0.0	0.0	0.0	0.0	0.0	0.0	0.0	0.0	0.0	0.0	0.0	0.0	0.0	0.0	0.0	0.0	0.0	0.0	0.0	0.0	0.0	0.0	0.0	0.14285714285714285	0.0	0.0	0.0	0.0	0.0	0.5	0.16666666666666666	0.125	0.0	0.0	0.0	0.4	0.0	
Glaucous-winged Gull	0.5625	0.5	1.0	0.3333333333333333	0.75	1.0	0.6363636363636364	0.75	0.5555555555555556	0.75	0.8	0.5	1.0	0.2222222222222222	0.42857142857142855	0.2	1.0	0.8333333333333334	1.0	0.6666666666666666	1.0	1.0	1.0	0.6666666666666666	0.6666666666666666	0.75	0.875	0.9230769230769231	0.5833333333333334	0.5	0.42857142857142855	0.5	0.75	0.45454545454545453	0.2857142857142857	0.6666666666666666	0.6666666666666666	0.6	0.8333333333333334	0.9	0.5	1.0	0.625	0.75	0.7142857142857143	0.25	0.4	0.8	
Western x Glaucous-winged Gull (hybrid)	0.1875	0.0	0.0	0.2222222222222222	0.375	0.0	0.09090909090909091	0.25	0.2222222222222222	0.0	0.0	0.0	0.3333333333333333	0.0	0.0	0.0	0.0	0.16666666666666666	0.0	0.0	0.0	0.0	0.0	0.0	0.13333333333333333	0.375	0.0	0.07692307692307693	0.0	0.0	0.0	0.0	0.0	0.09090909090909091	0.0	0.0	0.0	0.0	0.5	0.3	0.0	0.0	0.125	0.25	0.2857142857142857	0.0	0.0	0.3	
Western/Glaucous-winged Gull	0.1875	0.25	0.0	0.2222222222222222	0.125	0.0	0.09090909090909091	0.0	0.0	0.0	0.0	0.0	0.3333333333333333	0.0	0.0	0.2	0.0	0.0	0.0	0.0	0.0	0.3333333333333333	0.0	0.3333333333333333	0.13333333333333333	0.125	0.0	0.0	0.16666666666666666	0.0	0.0	0.0	0.0	0.09090909090909091	0.14285714285714285	0.0	0.1111111111111111	0.4	0.16666666666666666	0.1	1.0	0.0	0.0	0.0	0.0	0.0	0.4	0.1	
Larus sp.	0.25	0.5	0.0	0.2222222222222222	0.25	0.5	0.09090909090909091	0.25	0.2222222222222222	0.25	0.6	0.16666666666666666	0.6666666666666666	0.0	0.14285714285714285	0.0	0.6666666666666666	0.16666666666666666	0.3333333333333333	0.3333333333333333	0.0	0.6666666666666666	0.0	0.0	0.26666666666666666	0.25	0.125	0.0	0.16666666666666666	0.0	0.0	0.0	0.25	0.09090909090909091	0.0	0.0	0.1111111111111111	0.2	0.8333333333333334	0.2	1.0	0.3333333333333333	0.5	0.5	0.42857142857142855	0.25	0.2	0.0	
gull sp.	0.25	0.25	0.5	0.2222222222222222	0.25	0.5	0.18181818181818182	0.0	0.4444444444444444	0.5	0.4	0.25	0.16666666666666666	0.1111111111111111	0.2857142857142857	0.2	0.3333333333333333	0.6666666666666666	0.6666666666666666	0.2222222222222222	1.0	0.3333333333333333	0.0	0.0	0.13333333333333333	0.375	0.25	0.3076923076923077	0.16666666666666666	0.25	0.5714285714285714	0.16666666666666666	0.5	0.36363636363636365	0.42857142857142855	0.3333333333333333	0.4444444444444444	0.6	0.8333333333333334	0.4	1.0	0.3333333333333333	0.375	0.25	0.5714285714285714	0.5	0.8	0.6	
Caspian Tern	0.0	0.0	0.0	0.0	0.0	0.0	0.0	0.0	0.0	0.0	0.0	0.0	0.0	0.0	0.0	0.2	0.0	0.0	0.3333333333333333	0.2222222222222222	0.0	0.3333333333333333	0.3333333333333333	0.3333333333333333	0.06666666666666667	0.125	0.125	0.38461538461538464	0.16666666666666666	0.0	0.0	0.16666666666666666	0.25	0.18181818181818182	0.0	0.3333333333333333	0.0	0.0	0.0	0.0	0.0	0.0	0.0	0.0	0.0	0.0	0.0	0.0	
Common Tern	0.0	0.0	0.0	0.0	0.0	0.0	0.0	0.0	0.0	0.0	0.0	0.0	0.0	0.0	0.0	0.0	0.0	0.0	0.0	0.0	0.0	0.0	0.0	0.0	0.0	0.0	0.0	0.0	0.0	0.0	0.0	0.16666666666666666	0.0	0.0	0.0	0.0	0.0	0.0	0.0	0.0	0.0	0.0	0.0	0.0	0.0	0.0	0.0	0.0	
tern sp.	0.0	0.0	0.0	0.0	0.0	0.0	0.0	0.0	0.0	0.0	0.0	0.0	0.0	0.0	0.0	0.0	0.0	0.0	0.0	0.0	0.0	0.0	0.0	0.0	0.0	0.0	0.0	0.0	0.0	0.0	0.0	0.0	0.0	0.0	0.0	0.0	0.0	0.0	0.16666666666666666	0.0	0.0	0.0	0.0	0.0	0.0	0.0	0.0	0.0	
Red-throated Loon	0.125	0.0	0.0	0.1111111111111111	0.0	0.0	0.0	0.0	0.0	0.0	0.0	0.0015	0.0	0.0	0.0015	0.0	0.0	0.0	0.0	0.0	0.0	0.0	0.0	0.0	0.0	0.0	0.0	0.0	0.0	0.0	0.0	0.0	0.0	0.0	0.0	0.0	0.1111111111111111	0.0	0.0	0.2	0.5	0.16666666666666666	0.125	0.25	0.14285714285714285	0.0	0.4	0.3	
Pacific Loon	0.5	0.75	0.0	0.3333333333333333	0.125	0.0	0.2727272727272727	0.5	0.1111111111111111	0.0	0.0	0.08333333333333333	0.0	0.1111111111111111	0.0	0.0	0.0	0.0	0.0	0.0	0.0	0.0	0.0	0.0	0.0	0.0	0.0	0.0	0.0	0.0	0.0	0.0	0.0	0.18181818181818182	0.14285714285714285	0.0	0.4444444444444444	0.8	0.5	0.8	1.0	0.8333333333333334	0.75	1.0	0.5714285714285714	0.5	0.4	0.8	
Common Loon	0.1875	0.5	0.5	0.2222222222222222	0.125	0.0	0.2727272727272727	0.5	0.4444444444444444	0.5	0.0	0.3333333333333333	0.3333333333333333	0.0	0.2857142857142857	0.2	0.0	0.16666666666666666	0.3333333333333333	0.1111111111111111	0.0	0.0	0.0	0.0	0.06666666666666667	0.0	0.0	0.0	0.08333333333333333	0.25	0.14285714285714285	0.16666666666666666	0.0	0.18181818181818182	0.7142857142857143	0.3333333333333333	0.4444444444444444	0.4	0.5	0.4	0.5	0.6666666666666666	0.25	0.75	0.2857142857142857	0.25	0.4	0.7	
loon sp.	0.0	0.0	0.0	0.1111111111111111	0.0	0.0	0.0	0.0	0.0	0.0	0.0	0.0	0.0	0.0	0.0	0.0	0.0	0.0	0.0	0.0	0.0	0.0	0.0	0.0	0.0	0.0	0.0	0.0	0.0	0.0	0.0	0.0	0.0	0.18181818181818182	0.0	0.0	0.0	0.0	0.3333333333333333	0.1	0.5	0.0	0.25	0.25	0.0	0.0	0.0	0.4	
Brown Booby	0.0	0.0	0.0	0.0	0.0	0.0	0.0	0.0	0.0	0.0	0.0	0.0	0.0	0.0	0.0	0.0	0.0	0.0	0.0	0.0	0.0	0.0	0.0	0.0	0.0	0.0	0.0	0.0	0.0	0.0	0.0	0.0	0.0	0.0	0.0	0.0	0.0	0.0	0.0015	0.0	0.0	0.0	0.0	0.0	0.0	0.0	0.0	0.0	
Brandt's Cormorant	0.25	0.0	0.0	0.0	0.125	0.0	0.09090909090909091	0.0	0.1111111111111111	0.0	0.0	0.0	0.5	0.0	0.0	0.0	0.0	0.16666666666666666	0.3333333333333333	0.1111111111111111	0.0	0.0	0.0	0.0	0.0	0.0	0.0	0.0	0.0	0.0	0.0	0.0	0.0	0.18181818181818182	0.0	0.0	0.0	0.0	0.0	0.0	0.0	0.0	0.0	0.25	0.0	0.0	0.0	0.2	
Pelagic Cormorant	0.3125	0.5	0.5	0.4444444444444444	0.25	0.5	0.18181818181818182	0.5	0.5555555555555556	0.0	0.0	0.08333333333333333	0.5	0.0	0.0015	0.0	0.3333333333333333	0.3333333333333333	0.6666666666666666	0.2222222222222222	0.0	0.0	0.3333333333333333	0.6666666666666666	0.06666666666666667	0.125	0.125	0.15384615384615385	0.16666666666666666	0.0	0.0	0.0	0.25	0.09090909090909091	0.0	0.0	0.2222222222222222	0.4	0.16666666666666666	0.1	0.0	0.5	0.25	0.0	0.2857142857142857	0.25	0.4	0.4	
Double-crested Cormorant	0.5	0.75	0.5	0.5555555555555556	0.375	0.75	0.6363636363636364	0.75	0.2222222222222222	0.5	0.2	0.25	0.5	0.0	0.0	0.2	0.0	0.16666666666666666	0.3333333333333333	0.0015	0.0	0.0	0.0	0.3333333333333333	0.13333333333333333	0.125	0.375	0.07692307692307693	0.25	0.0	0.0	0.16666666666666666	0.5	0.09090909090909091	0.2857142857142857	0.3333333333333333	0.5555555555555556	0.4	0.5	0.8	0.5	0.8333333333333334	0.5	0.75	0.42857142857142855	0.5	0.6	0.7	
cormorant sp.	0.0625	0.0	0.0	0.0	0.0	0.0	0.09090909090909091	0.0	0.1111111111111111	0.0	0.0	0.0	0.16666666666666666	0.0	0.0	0.0	0.0	0.16666666666666666	0.3333333333333333	0.0	0.0	0.0	0.0	0.0	0.0	0.0	0.0	0.07692307692307693	0.0	0.0	0.0	0.0	0.0	0.0	0.0	0.0	0.2222222222222222	0.2	0.0	0.1	0.5	0.0	0.125	0.0	0.0	0.0	0.0	0.2	
Great Blue Heron	0.25	0.25	1.0	0.5555555555555556	0.25	0.25	0.36363636363636365	0.75	0.6666666666666666	0.5	0.2	0.3333333333333333	0.5	0.0	0.2857142857142857	0.0	0.3333333333333333	0.16666666666666666	0.0	0.4444444444444444	1.0	0.3333333333333333	0.6666666666666666	0.3333333333333333	0.26666666666666666	0.625	0.375	0.3076923076923077	0.5833333333333334	0.25	0.14285714285714285	0.3333333333333333	0.5	0.36363636363636365	0.2857142857142857	0.3333333333333333	0.6666666666666666	0.4	0.6666666666666666	0.3	0.0	0.6666666666666666	0.375	0.25	0.0	0.25	0.2	0.3	
Turkey Vulture	0.0	0.0	0.0	0.0	0.0	0.0	0.0	0.0	0.0	0.0	0.0	0.08333333333333333	0.16666666666666666	0.0	0.2857142857142857	0.2	0.0	0.0	0.0	0.1111111111111111	0.0	0.0	0.0	0.0	0.0	0.0	0.125	0.0	0.0	0.0	0.0	0.0	0.0	0.09090909090909091	0.0	0.0	0.0	0.0	0.0	0.0	0.0	0.0	0.0	0.0	0.0	0.0	0.0	0.0	
Golden Eagle	0.0	0.0	0.0	0.0	0.0	0.0	0.0	0.0	0.0	0.0	0.0	0.0	0.0	0.0	0.0	0.0	0.0	0.0	0.0	0.0	0.0	0.0	0.0	0.0	0.0015	0.0	0.0	0.0	0.0	0.0	0.0	0.0	0.0	0.0	0.0	0.0	0.0	0.0	0.0	0.0	0.0	0.0	0.0	0.0	0.0	0.0	0.0	0.0	
Northern Harrier	0.0	0.25	0.0	0.0	0.125	0.0	0.09090909090909091	0.0	0.0	0.0	0.0	0.25	0.0	0.0	0.0	0.0	0.0	0.0	0.0	0.0	0.0	0.0	0.0	0.0	0.06666666666666667	0.0	0.0	0.15384615384615385	0.08333333333333333	0.0	0.0	0.16666666666666666	0.0	0.0	0.0	0.0	0.2222222222222222	0.0	0.3333333333333333	0.3	0.5	0.0	0.125	0.0	0.0	0.25	0.0	0.0	
Sharp-shinned Hawk	0.0	0.0	0.0	0.0	0.125	0.0	0.09090909090909091	0.0	0.1111111111111111	0.0	0.0	0.0	0.0	0.1111111111111111	0.14285714285714285	0.0	0.0	0.0	0.0	0.0	0.0	0.0	0.0	0.0	0.0	0.0	0.0	0.0015	0.08333333333333333	0.0	0.0	0.0	0.0	0.09090909090909091	0.0	0.0	0.0	0.0	0.0	0.0	0.5	0.0	0.0	0.0	0.0	0.25	0.0	0.0	
Cooper's Hawk	0.125	0.0	0.0	0.1111111111111111	0.125	0.0	0.18181818181818182	0.0	0.2222222222222222	0.0	0.0	0.0	0.0	0.0	0.0	0.0	0.0	0.0	0.3333333333333333	0.0	0.0	0.0	0.0	0.0	0.0	0.0	0.0	0.0	0.0	0.0	0.14285714285714285	0.0	0.25	0.09090909090909091	0.0	0.3333333333333333	0.1111111111111111	0.0	0.16666666666666666	0.0	0.5	0.3333333333333333	0.0	0.0	0.0	0.0	0.0	0.0	
Sharp-shinned/Cooper's Hawk	0.0	0.0	0.0	0.0	0.0	0.0	0.0	0.0	0.0	0.0	0.0	0.0	0.0	0.0	0.0	0.0	0.0	0.0	0.0	0.0	0.0	0.0	0.0	0.0	0.0	0.0	0.0	0.0	0.0	0.0	0.0	0.0	0.0	0.0	0.0	0.0	0.1111111111111111	0.0	0.0	0.0	0.5	0.0	0.0	0.0	0.0	0.0	0.0	0.0	
Accipiter sp.	0.0	0.0	0.0	0.0	0.0	0.0	0.0	0.0	0.0	0.0	0.0	0.0	0.0	0.0	0.0	0.0	0.0	0.0	0.0	0.0	0.0	0.0	0.0	0.0	0.0	0.0	0.0	0.0	0.0	0.0	0.0	0.0	0.0	0.0	0.0	0.0	0.0	0.0	0.0	0.0	0.5	0.0	0.0	0.0	0.0	0.0	0.0	0.0	
Bald Eagle	0.25	0.75	0.5	0.3333333333333333	0.5	1.0	0.45454545454545453	0.5	0.4444444444444444	0.25	0.4	0.5	0.3333333333333333	0.3333333333333333	0.2857142857142857	0.6	0.3333333333333333	0.5	1.0	0.4444444444444444	1.0	0.3333333333333333	0.6666666666666666	0.6666666666666666	0.8	0.5	0.375	0.6153846153846154	0.5833333333333334	1.0	0.0	0.3333333333333333	0.5	0.18181818181818182	0.2857142857142857	0.0	0.3333333333333333	0.6	0.16666666666666666	0.6	0.5	0.8333333333333334	0.625	0.75	0.0	0.5	0.4	0.6	
Red-tailed Hawk	0.1875	0.25	0.5	0.0	0.125	0.25	0.09090909090909091	0.5	0.1111111111111111	0.0	0.0	0.25	0.0	0.2222222222222222	0.0	0.0	0.0	0.0	0.0	0.1111111111111111	0.0	0.0	0.0	0.0	0.0	0.0	0.0	0.07692307692307693	0.0	0.0	0.0	0.0	0.0	0.0	0.0	0.0	0.0	0.2	0.0	0.1	0.0	0.0	0.0	0.0	0.2857142857142857	0.0	0.2	0.6	
Buteo sp.	0.0	0.0	0.0	0.0	0.0	0.0	0.0	0.0	0.0	0.0	0.0	0.0	0.16666666666666666	0.0	0.0	0.0	0.0	0.0	0.0	0.0	0.0	0.0	0.0	0.0	0.0	0.0	0.0	0.0	0.0	0.0	0.0	0.0	0.0	0.0	0.0	0.0	0.0	0.0	0.0	0.0	0.0	0.0	0.0	0.0	0.0	0.0	0.0	0.0	
Western Screech-Owl	0.0	0.0	0.0	0.0	0.0	0.0	0.0	0.0	0.0	0.0	0.0	0.0	0.0	0.0	0.0	0.0	0.0	0.0	0.0	0.0	0.0	0.0	0.0	0.0	0.0	0.0	0.0	0.0	0.0	0.0	0.0	0.0	0.0	0.09090909090909091	0.0	0.0	0.0	0.0	0.0	0.0	0.0	0.0	0.0	0.0	0.0	0.0	0.0	0.0	
Great Horned Owl	0.0	0.0	0.0	0.0	0.0	0.0	0.09090909090909091	0.0	0.0	0.0	0.0	0.0	0.0	0.0	0.0	0.0	0.0	0.0	0.3333333333333333	0.0	0.0	0.0	0.0	0.0	0.0	0.0	0.0	0.0	0.0	0.0	0.0	0.0	0.0	0.0	0.0	0.0	0.0	0.0	0.0	0.0	0.0	0.0	0.0	0.0	0.0	0.0	0.0	0.0	
Barred Owl	0.0	0.0	0.0	0.0	0.0	0.0	0.09090909090909091	0.0	0.0	0.0	0.0	0.0	0.0	0.0	0.0	0.0	0.0	0.0	0.0	0.0	0.0	0.0	0.0	0.0	0.0	0.0	0.0	0.0	0.0	0.0	0.0	0.16666666666666666	0.0	0.0	0.0	0.0	0.1111111111111111	0.0	0.0	0.0	0.0	0.0	0.0	0.0	0.0	0.25	0.0	0.0	
Belted Kingfisher	0.0625	0.0	0.0	0.0	0.0	0.25	0.0	0.25	0.1111111111111111	0.25	0.0	0.4166666666666667	0.16666666666666666	0.0	0.14285714285714285	0.0	0.3333333333333333	0.16666666666666666	0.0	0.2222222222222222	0.0	0.0	0.0	0.0	0.0	0.125	0.25	0.15384615384615385	0.25	0.25	0.2857142857142857	0.3333333333333333	0.5	0.45454545454545453	0.2857142857142857	1.0	0.3333333333333333	0.4	0.5	0.0	1.0	0.16666666666666666	0.0	0.5	0.0	0.25	0.2	0.0	
Red-breasted Sapsucker	0.0	0.0	0.0	0.0	0.125	0.0	0.0	0.0	0.0	0.0	0.0	0.08333333333333333	0.16666666666666666	0.2222222222222222	0.0	0.4	0.0	0.0	0.0	0.0	0.0	0.0	0.0	0.0	0.0	0.0	0.0	0.0	0.0	0.0	0.0	0.0	0.0	0.0	0.0	0.0	0.0	0.0	0.0	0.0	0.0	0.0	0.0	0.0	0.0	0.0	0.0	0.0	
Downy Woodpecker	0.0	0.0	0.0	0.0	0.0	0.0	0.18181818181818182	0.0	0.0	0.0	0.0	0.0	0.0	0.0	0.14285714285714285	0.0	0.0	0.0	0.0	0.0	0.0	0.0	0.0	0.0	0.0	0.0	0.125	0.0	0.0	0.0	0.0	0.0	0.25	0.0	0.0	0.3333333333333333	0.0	0.0	0.0	0.0	0.5	0.16666666666666666	0.0	0.0	0.0	0.0	0.0	0.0	
Hairy Woodpecker	0.0	0.0	0.0	0.0	0.0	0.0	0.0	0.0	0.0	0.0	0.0	0.08333333333333333	0.0	0.1111111111111111	0.14285714285714285	0.0	0.0	0.0	0.0	0.0	0.0	0.0	0.0	0.0	0.0	0.0	0.125	0.07692307692307693	0.0	0.0	0.0	0.0	0.0	0.18181818181818182	0.0	0.0	0.0	0.0	0.0	0.0	0.5	0.0	0.0	0.0	0.0	0.0	0.0	0.0	
Pileated Woodpecker	0.0	0.25	0.0	0.0	0.0	0.0	0.18181818181818182	0.0	0.0	0.0	0.0	0.08333333333333333	0.0	0.1111111111111111	0.0	0.0	0.0	0.0	0.0	0.0	0.0	0.0	0.0	0.0	0.0	0.0	0.0	0.0	0.08333333333333333	0.0	0.0	0.0	0.0	0.0	0.14285714285714285	0.0	0.1111111111111111	0.0	0.0	0.0	0.0	0.0	0.0	0.0	0.0	0.0	0.0	0.0	
Northern Flicker	0.375	0.75	0.5	0.2222222222222222	0.375	0.25	0.09090909090909091	0.5	0.2222222222222222	0.0	0.0	0.25	0.16666666666666666	0.1111111111111111	0.14285714285714285	0.4	0.0	0.16666666666666666	0.3333333333333333	0.0	0.0	0.0	0.0	0.3333333333333333	0.2	0.125	0.25	0.15384615384615385	0.16666666666666666	0.0	0.0	0.0	0.25	0.09090909090909091	0.42857142857142855	0.3333333333333333	0.5555555555555556	0.8	0.5	0.7	0.0	0.5	0.25	0.5	0.14285714285714285	0.25	0.6	0.2	
woodpecker sp.	0.0	0.0	0.0	0.0	0.0	0.0	0.0	0.0	0.0	0.0	0.0	0.0	0.0	0.0	0.0	0.0	0.0	0.0	0.0	0.0	0.0	0.0	0.0	0.0	0.0	0.0	0.0	0.0	0.0	0.0	0.0	0.0	0.0	0.0	0.0	0.0	0.0	0.0	0.0	0.1	0.0	0.0	0.0	0.0	0.0	0.0	0.0	0.0	
American Kestrel	0.0	0.0	0.0	0.0	0.0	0.0	0.0	0.0	0.0	0.0	0.0	0.0	0.0	0.0	0.0	0.0	0.0	0.0	0.0	0.0	0.0	0.0	0.0	0.0	0.0	0.0	0.0	0.07692307692307693	0.0	0.0	0.0	0.0	0.0	0.0	0.0	0.0	0.0	0.0	0.0	0.0	0.5	0.16666666666666666	0.0	0.25	0.0	0.0	0.0	0.0	
Merlin	0.0625	0.0	0.0	0.0	0.0	0.0	0.0	0.0	0.0	0.0	0.0	0.0	0.0	0.0	0.0	0.0	0.0	0.0	0.0	0.0	0.0	0.0	0.0	0.0	0.0	0.0	0.0	0.0	0.0	0.0	0.0	0.16666666666666666	0.0	0.0	0.0	0.0	0.1111111111111111	0.0	0.0	0.0	0.5	0.0	0.125	0.0015	0.0	0.0	0.2	0.0	
Peregrine Falcon	0.0	0.0	0.0	0.0	0.0	0.0	0.09090909090909091	0.0	0.0	0.0	0.0	0.0	0.0	0.0	0.0	0.0	0.0	0.0	0.3333333333333333	0.0	0.0	0.0	0.0	0.0	0.0	0.0	0.125	0.07692307692307693	0.08333333333333333	0.0	0.0	0.0	0.0	0.0	0.0	0.0	0.0	0.0	0.0	0.0	0.0	0.0	0.0	0.0	0.0	0.0	0.0	0.0	
Olive-sided Flycatcher	0.0	0.0	0.0	0.0	0.0	0.0	0.0	0.0	0.0	0.0	0.0	0.0	0.0	0.0	0.0	0.0	0.0	0.0	0.0	0.0	0.0	0.0	0.0	0.3333333333333333	0.06666666666666667	0.0	0.125	0.0	0.08333333333333333	0.0	0.0	0.0	0.0	0.0	0.0	0.0	0.0	0.0	0.0	0.0	0.0	0.0	0.0	0.0	0.0	0.0	0.0	0.0	
Western Wood-Pewee	0.0	0.0	0.0	0.0	0.0	0.0	0.0	0.0	0.0	0.0	0.0	0.0	0.0	0.0	0.0	0.0	0.0	0.0	0.0	0.0015	0.0	0.0	0.0	0.0	0.0	0.0	0.125	0.0	0.08333333333333333	0.0	0.0	0.0	0.0	0.0	0.0	0.0	0.0	0.0	0.0	0.0	0.0	0.0	0.0	0.0	0.0	0.0	0.0	0.0	
Willow Flycatcher	0.0	0.0	0.0	0.0	0.0	0.0	0.0	0.0	0.0	0.0	0.0	0.0	0.0	0.0	0.0	0.0	0.0	0.0	0.0	0.0	0.0	0.3333333333333333	0.0	0.0	0.06666666666666667	0.0	0.0	0.0	0.0	0.0	0.0	0.0	0.0	0.0	0.0	0.0	0.0	0.0	0.0	0.0	0.0	0.0	0.0	0.0	0.0	0.0	0.0	0.0	
Hammond's Flycatcher	0.0	0.0	0.0	0.0	0.0	0.0	0.0	0.0	0.0	0.0	0.0	0.0	0.0	0.0	0.0	0.0	0.0	0.0	0.0	0.0	0.0	0.0	0.0	0.0	0.06666666666666667	0.0	0.0	0.0	0.0	0.0	0.0	0.0	0.0	0.0	0.0	0.0	0.0	0.0	0.0	0.0	0.0	0.0	0.0	0.0	0.0	0.0	0.0	0.0	
Pacific-slope Flycatcher	0.0	0.0	0.0	0.0	0.0	0.0	0.0	0.0	0.0	0.0	0.0	0.0	0.0	0.0	0.0	0.4	0.3333333333333333	0.16666666666666666	0.6666666666666666	0.1111111111111111	0.0	0.0	0.0	0.0015	0.13333333333333333	0.25	0.0	0.0	0.0	0.0	0.0	0.0	0.0	0.0	0.0	0.0	0.0	0.0	0.0	0.0	0.0	0.0	0.0	0.0	0.0	0.0	0.0	0.0	
Hutton's Vireo	0.0625	0.0	0.0	0.0	0.0	0.0	0.0	0.0	0.0	0.0	0.0	0.08333333333333333	0.0	0.3333333333333333	0.14285714285714285	0.4	0.0	0.0	0.0	0.0	0.0	0.0	0.0	0.0	0.0	0.0	0.0	0.0	0.0	0.0	0.0	0.0	0.0	0.0	0.0	0.0	0.0	0.0	0.0	0.0	0.5	0.0	0.0	0.0	0.0	0.0	0.0	0.0	
Steller's Jay	0.1875	0.5	0.5	0.3333333333333333	0.25	0.25	0.18181818181818182	0.0	0.1111111111111111	0.25	0.0	0.16666666666666666	0.3333333333333333	0.1111111111111111	0.14285714285714285	0.2	0.3333333333333333	0.0	0.0	0.1111111111111111	0.0	0.0	0.0	0.0	0.2	0.125	0.125	0.07692307692307693	0.0	0.0	0.14285714285714285	0.0	0.5	0.36363636363636365	0.2857142857142857	0.6666666666666666	0.2222222222222222	0.4	0.0	0.3	0.0	0.5	0.25	0.5	0.0	0.25	0.4	0.3	
American Crow	0.25	0.25	0.5	0.4444444444444444	0.125	0.25	0.36363636363636365	0.5	0.2222222222222222	0.75	0.2	0.4166666666666667	0.3333333333333333	0.0	0.42857142857142855	0.0	1.0	0.16666666666666666	0.3333333333333333	0.5555555555555556	0.0	0.6666666666666666	0.0	0.6666666666666666	0.4666666666666667	0.5	0.25	0.38461538461538464	0.16666666666666666	0.25	0.14285714285714285	0.16666666666666666	0.25	0.45454545454545453	0.42857142857142855	0.6666666666666666	0.2222222222222222	0.4	0.6666666666666666	0.4	0.0	0.0	0.375	0.5	0.14285714285714285	0.25	0.2	0.3	
Northwestern Crow	0.25	0.25	0.0	0.1111111111111111	0.0	0.25	0.09090909090909091	0.25	0.1111111111111111	0.5	0.6	0.3333333333333333	0.0	0.0	0.0015	0.2	0.3333333333333333	0.16666666666666666	0.3333333333333333	0.1111111111111111	0.0	0.0	0.6666666666666666	0.3333333333333333	0.3333333333333333	0.75	0.25	0.46153846153846156	0.3333333333333333	0.0	0.0	0.16666666666666666	0.5	0.2727272727272727	0.42857142857142855	0.0	0.3333333333333333	0.0	0.0	0.0	0.5	0.0	0.375	0.0	0.0	0.25	0.2	0.0	
American/Northwestern Crow	0.25	0.5	0.5	0.3333333333333333	0.625	0.25	0.18181818181818182	0.25	0.4444444444444444	0.0	0.4	0.16666666666666666	0.6666666666666666	0.2222222222222222	0.0015	0.2	0.3333333333333333	0.0	0.3333333333333333	0.0	1.0	0.3333333333333333	0.3333333333333333	0.3333333333333333	0.13333333333333333	0.125	0.0	0.23076923076923078	0.16666666666666666	0.25	0.42857142857142855	0.0	0.25	0.45454545454545453	0.14285714285714285	0.6666666666666666	0.1111111111111111	0.4	0.16666666666666666	0.3	0.0015	0.5	0.125	0.0	0.2857142857142857	0.25	0.4	0.2	
Common Raven	0.0625	0.25	0.5	0.0	0.125	0.5	0.36363636363636365	0.25	0.2222222222222222	0.25	0.0	0.16666666666666666	0.16666666666666666	0.2222222222222222	0.0	0.4	0.3333333333333333	0.16666666666666666	0.0	0.0	0.0	0.0	0.0	0.0	0.06666666666666667	0.0	0.0	0.07692307692307693	0.16666666666666666	0.25	0.0	0.0	0.0	0.18181818181818182	0.0	0.0	0.1111111111111111	0.2	0.0	0.0	0.0	0.16666666666666666	0.25	0.25	0.0	0.25	0.4	0.1	
Horned Lark	0.0	0.0	0.0	0.0	0.0	0.0	0.0	0.0	0.0	0.0	0.0	0.0	0.0	0.0	0.0	0.0	0.0	0.0	0.0	0.0	0.0	0.0	0.0	0.0	0.0	0.0	0.0	0.0	0.0	0.0	0.14285714285714285	0.0	0.0	0.0	0.0	0.0	0.0	0.0	0.0	0.0	0.0	0.0	0.0	0.0	0.0	0.0	0.0	0.0	
Northern Rough-winged Swallow	0.0	0.0	0.0	0.0	0.0	0.0	0.0	0.0	0.0	0.0	0.0	0.0	0.0	0.0	0.0	0.2	0.3333333333333333	0.5	0.6666666666666666	0.3333333333333333	0.0	0.6666666666666666	0.0	0.0	0.4666666666666667	0.5	0.25	0.15384615384615385	0.25	0.0	0.0	0.0	0.25	0.0	0.0	0.0	0.0	0.0	0.0	0.0	0.0	0.0	0.0	0.0	0.0	0.0	0.0	0.0	
Purple Martin	0.0	0.0	0.0	0.0	0.0	0.0	0.0	0.0	0.0	0.0	0.0	0.0	0.0	0.0	0.0	0.0	0.3333333333333333	0.16666666666666666	0.3333333333333333	0.2222222222222222	0.0	0.6666666666666666	0.0	0.6666666666666666	0.4	0.25	0.375	0.0	0.3333333333333333	0.25	0.2857142857142857	0.16666666666666666	0.25	0.0	0.0	0.0	0.0	0.0	0.0	0.0	0.0	0.0	0.0	0.0	0.0	0.0	0.0	0.0	
Tree Swallow	0.0	0.0	0.0	0.0	0.0	0.0	0.0	0.0	0.1111111111111111	0.0	0.0	0.4166666666666667	0.6666666666666666	0.3333333333333333	0.5714285714285714	0.6	0.6666666666666666	0.6666666666666666	0.6666666666666666	0.4444444444444444	1.0	1.0	0.0	0.3333333333333333	0.4666666666666667	0.25	0.625	0.15384615384615385	0.08333333333333333	0.0	0.0	0.3333333333333333	0.0	0.0	0.0	0.0	0.0	0.0	0.0	0.0	0.0	0.0	0.0	0.0	0.0	0.0	0.0	0.0	
Violet-green Swallow	0.0	0.0	0.0	0.0	0.0	0.0	0.0	0.0	0.0	0.0	0.0	0.25	0.6666666666666666	0.2222222222222222	0.7142857142857143	0.6	0.3333333333333333	0.5	0.6666666666666666	0.6666666666666666	0.0	1.0	0.6666666666666666	0.3333333333333333	0.9333333333333333	0.5	0.375	0.07692307692307693	0.25	0.0	0.2857142857142857	0.16666666666666666	0.5	0.0	0.0	0.0	0.0	0.0	0.0	0.0	0.0	0.0	0.0	0.0	0.0	0.0	0.0	0.0	
Tree/Violet-green Swallow	0.0	0.0	0.0	0.0	0.0	0.0	0.0	0.0	0.0	0.0	0.0	0.0	0.0	0.0	0.0	0.0	0.0	0.0	0.0	0.0	0.0	0.0	0.0	0.0	0.06666666666666667	0.0	0.125	0.0	0.08333333333333333	0.0	0.0	0.0	0.0	0.0	0.0	0.0	0.0	0.0	0.0	0.0	0.0	0.0	0.0	0.0	0.0	0.0	0.0	0.0	
Barn Swallow	0.0	0.0	0.0	0.0	0.0	0.0	0.0	0.0	0.0	0.0	0.0	0.0	0.0	0.0	0.14285714285714285	0.0	0.6666666666666666	0.6666666666666666	1.0	0.7777777777777778	1.0	1.0	0.6666666666666666	0.3333333333333333	0.7333333333333333	0.75	0.625	0.46153846153846156	0.5	0.25	0.7142857142857143	0.5	0.75	0.18181818181818182	0.14285714285714285	0.0	0.0	0.0	0.0	0.0	0.0	0.0	0.0	0.0	0.0	0.0	0.0	0.0	
Cliff Swallow	0.0	0.0	0.0	0.0	0.0	0.0	0.0	0.0	0.0	0.0	0.0	0.0	0.0	0.0	0.0	0.0	0.0	0.3333333333333333	0.6666666666666666	0.3333333333333333	1.0	0.6666666666666666	0.0	0.0	0.26666666666666666	0.125	0.625	0.15384615384615385	0.08333333333333333	0.0	0.0	0.0	0.0	0.0	0.0	0.0	0.0	0.0	0.0	0.0	0.0	0.0	0.0	0.0	0.0	0.0	0.0	0.0	
swallow sp.	0.0	0.0	0.0	0.0	0.0	0.0	0.0	0.0	0.0	0.0	0.0	0.0	0.0	0.1111111111111111	0.14285714285714285	0.0	0.0	0.3333333333333333	0.6666666666666666	0.0	0.0	0.0	0.0	0.0	0.2	0.25	0.125	0.07692307692307693	0.08333333333333333	0.0	0.14285714285714285	0.16666666666666666	0.0	0.0	0.0	0.0	0.0	0.0	0.0	0.0	0.0	0.0	0.0	0.0	0.0	0.0	0.0	0.0	
Black-capped Chickadee	0.0	0.0	0.5	0.0	0.0	0.25	0.18181818181818182	0.5	0.2222222222222222	0.0	0.0	0.16666666666666666	0.16666666666666666	0.1111111111111111	0.0	0.4	0.0	0.0	0.3333333333333333	0.0	0.0	0.0	0.0	0.0	0.0	0.0	0.25	0.0	0.0	0.0	0.0	0.16666666666666666	0.0	0.18181818181818182	0.0	0.3333333333333333	0.2222222222222222	0.0	0.16666666666666666	0.0	0.0	0.5	0.125	0.0	0.0	0.0	0.2	0.0	
Chestnut-backed Chickadee	0.0625	0.5	0.5	0.0	0.25	0.0	0.09090909090909091	0.5	0.2222222222222222	0.0	0.2	0.16666666666666666	0.16666666666666666	0.2222222222222222	0.2857142857142857	0.6	0.0	0.3333333333333333	0.3333333333333333	0.1111111111111111	0.0	0.0	0.0	0.3333333333333333	0.06666666666666667	0.0	0.25	0.07692307692307693	0.16666666666666666	0.25	0.14285714285714285	0.16666666666666666	0.0	0.09090909090909091	0.0	0.3333333333333333	0.0	0.2	0.0	0.2	0.0	0.3333333333333333	0.25	0.0	0.0	0.0	0.4	0.0	
chickadee sp.	0.0	0.0	0.0	0.0	0.0	0.0	0.0	0.0	0.0	0.0	0.0	0.0	0.0	0.0	0.0	0.0	0.0	0.0	0.0	0.0	0.0	0.0	0.0	0.0	0.0	0.0	0.0	0.0	0.0	0.0	0.14285714285714285	0.0	0.0	0.0	0.0	0.0	0.0	0.0	0.0	0.0	0.0	0.0	0.0	0.0	0.0	0.0	0.0	0.0	
Bushtit	0.0	0.0	0.0	0.0	0.0	0.0	0.0	0.25	0.1111111111111111	0.25	0.0	0.08333333333333333	0.16666666666666666	0.2222222222222222	0.14285714285714285	0.4	0.0	0.0	0.0	0.0	1.0	0.0	0.0	0.0	0.0	0.0	0.0	0.0	0.08333333333333333	0.25	0.0	0.16666666666666666	0.0	0.0	0.0	0.0	0.0	0.0	0.0	0.0	0.0	0.16666666666666666	0.125	0.25	0.0	0.0	0.0	0.0	
Red-breasted Nuthatch	0.125	0.0	0.5	0.0	0.0	0.0	0.0	0.0	0.1111111111111111	0.0	0.0	0.16666666666666666	0.0	0.1111111111111111	0.14285714285714285	0.4	0.0	0.16666666666666666	0.0	0.0	0.0	0.0	0.0	0.3333333333333333	0.0	0.0	0.125	0.07692307692307693	0.08333333333333333	0.25	0.0	0.0	0.0	0.0	0.14285714285714285	0.0	0.0	0.0	0.0	0.1	0.0	0.16666666666666666	0.0	0.0	0.0	0.0	0.2	0.0	
Brown Creeper	0.0625	0.25	0.0	0.0	0.0	0.0	0.0	0.0	0.0	0.0	0.0	0.08333333333333333	0.0	0.0	0.0	0.0	0.0	0.0	0.0	0.0	0.0	0.0	0.0	0.0	0.0	0.0	0.0	0.0	0.0	0.0	0.0	0.0	0.0	0.0	0.0	0.0	0.0	0.0	0.0	0.1	0.0	0.16666666666666666	0.125	0.0	0.0	0.0	0.0	0.0	
House Wren	0.0	0.0	0.0	0.0	0.0	0.0	0.0	0.0	0.0	0.0	0.0	0.0	0.0	0.0	0.14285714285714285	0.4	0.3333333333333333	0.0	0.3333333333333333	0.1111111111111111	0.0	0.3333333333333333	0.0	0.0	0.0	0.0	0.125	0.0	0.0	0.0	0.0	0.0	0.0	0.0	0.0	0.0	0.0	0.0	0.0	0.0	0.0	0.0	0.0	0.0	0.0	0.0	0.0	0.0	
Pacific Wren	0.1875	0.25	0.0	0.1111111111111111	0.0	0.0	0.09090909090909091	0.5	0.0	0.0	0.2	0.08333333333333333	0.16666666666666666	0.2222222222222222	0.14285714285714285	0.2	0.0	0.16666666666666666	0.3333333333333333	0.0	0.0	0.0	0.0	0.0	0.0	0.0	0.0	0.0	0.0	0.0	0.0	0.0	0.0	0.0	0.14285714285714285	0.0	0.0	0.0	0.0	0.0	0.0	0.16666666666666666	0.25	0.0	0.0	0.25	0.4	0.1	
Marsh Wren	0.0625	0.25	0.0	0.0	0.0	0.0	0.0	0.0	0.1111111111111111	0.0	0.0	0.08333333333333333	0.0	0.1111111111111111	0.2857142857142857	0.4	0.0	0.0	0.3333333333333333	0.0	0.0	0.0	0.0	0.0	0.0	0.0	0.0	0.0	0.0	0.0	0.0	0.0	0.0	0.0	0.0	0.0	0.0	0.0	0.0	0.0	0.0015	0.0	0.0	0.0	0.0	0.0	0.0	0.0	
Bewick's Wren	0.0	0.0	0.5	0.0	0.0	0.0	0.0	0.25	0.0	0.0	0.0	0.16666666666666666	0.16666666666666666	0.2222222222222222	0.2857142857142857	0.4	0.0	0.0	0.0	0.0	0.0	0.3333333333333333	0.0	0.0	0.06666666666666667	0.0	0.125	0.0	0.08333333333333333	0.0	0.0	0.0	0.0	0.0	0.0	0.0	0.1111111111111111	0.2	0.0	0.0	0.0	0.16666666666666666	0.0	0.25	0.0	0.0	0.4	0.0	
Golden-crowned Kinglet	0.125	0.5	0.5	0.1111111111111111	0.0	0.0	0.2727272727272727	0.25	0.0	0.0	0.2	0.08333333333333333	0.3333333333333333	0.2222222222222222	0.14285714285714285	0.4	0.0	0.0	0.0	0.0	0.0	0.0	0.0	0.0	0.0	0.0	0.0	0.0	0.08333333333333333	0.0	0.0	0.0	0.0	0.0	0.0	0.0	0.0	0.0	0.0	0.1	0.0	0.3333333333333333	0.25	0.25	0.0	0.0	0.4	0.0	
Ruby-crowned Kinglet	0.125	0.25	0.5	0.1111111111111111	0.125	0.0	0.2727272727272727	0.25	0.2222222222222222	0.0	0.0	0.16666666666666666	0.5	0.2222222222222222	0.14285714285714285	0.2	0.0	0.0	0.0	0.0	0.0	0.0	0.0	0.0	0.0	0.0	0.0	0.0	0.0	0.0	0.0	0.0	0.0	0.09090909090909091	0.0	0.0	0.0	0.0	0.0	0.2	0.0015	0.3333333333333333	0.125	0.0	0.14285714285714285	0.0	0.4	0.0	
Varied Thrush	0.125	0.5	0.5	0.0	0.0	0.0	0.18181818181818182	0.25	0.3333333333333333	0.25	0.0	0.08333333333333333	0.16666666666666666	0.0	0.0	0.0	0.0	0.0	0.3333333333333333	0.0	0.0	0.0	0.0	0.0	0.0	0.0	0.0	0.0	0.0	0.0	0.0	0.0	0.0	0.0	0.0	0.0	0.0	0.0	0.0	0.0	0.0	0.0	0.0	0.25	0.0	0.0	0.2	0.1	
Swainson's Thrush	0.0	0.0	0.0	0.0	0.0	0.0	0.0	0.0	0.0	0.0	0.0	0.0	0.0	0.0	0.0	0.0	0.0	0.0	0.3333333333333333	0.1111111111111111	0.0	0.0	0.0	0.3333333333333333	0.13333333333333333	0.25	0.125	0.07692307692307693	0.0	0.25	0.0	0.0	0.0	0.0	0.0	0.0	0.0	0.0	0.0	0.0	0.0	0.0	0.0	0.0	0.0	0.0	0.0	0.0	
Hermit Thrush	0.0	0.25	0.0	0.0	0.0	0.0	0.0	0.0	0.0	0.0	0.0	0.0	0.0	0.0	0.0	0.0	0.0	0.0	0.0	0.0	0.0	0.0	0.0	0.0	0.0	0.0	0.0	0.0	0.0	0.0	0.0	0.0	0.0	0.0	0.0	0.0	0.0	0.0	0.0	0.0	0.0	0.0	0.0	0.0	0.0	0.0	0.2	0.0	
American Robin	0.3125	0.75	1.0	0.0	0.5	0.75	0.5454545454545454	1.0	0.2222222222222222	0.25	0.4	0.4166666666666667	0.6666666666666666	0.3333333333333333	0.5714285714285714	0.8	0.3333333333333333	0.8333333333333334	1.0	0.7777777777777778	1.0	0.6666666666666666	0.3333333333333333	0.0	0.5333333333333333	0.5	0.25	0.07692307692307693	0.16666666666666666	0.0	0.0	0.0	0.25	0.36363636363636365	0.42857142857142855	0.3333333333333333	0.1111111111111111	0.4	0.5	0.6	0.0	0.5	0.25	0.5	0.14285714285714285	0.25	0.6	0.3	
European Starling	0.625	0.75	1.0	0.5555555555555556	0.5	0.5	0.45454545454545453	0.5	0.4444444444444444	0.25	0.0	0.25	1.0	0.1111111111111111	0.2857142857142857	0.6	0.3333333333333333	0.6666666666666666	0.6666666666666666	0.4444444444444444	0.0	0.6666666666666666	0.3333333333333333	0.3333333333333333	0.7333333333333333	0.375	0.5	0.15384615384615385	0.08333333333333333	0.5	0.14285714285714285	0.0	0.25	0.36363636363636365	0.0	0.3333333333333333	0.1111111111111111	0.8	0.6666666666666666	0.6	0.0015	0.5	0.375	1.0	0.2857142857142857	0.25	0.4	0.5	
American Pipit	0.0	0.0	0.0	0.0	0.0	0.0	0.0	0.0	0.0	0.0	0.0	0.0	0.0	0.0	0.0	0.0	0.0	0.0	0.0	0.0	0.0	0.0	0.0	0.0	0.0	0.0	0.0	0.0	0.0	0.0	0.0	0.0	0.0	0.0	0.0	0.0	0.1111111111111111	0.0	0.0	0.0	0.0	0.0	0.0	0.0	0.0	0.0	0.0	0.0	
Cedar Waxwing	0.0	0.0	0.0	0.0	0.0	0.0	0.0	0.0	0.0	0.0	0.0	0.0	0.0	0.0	0.0	0.0	0.0	0.0	0.0	0.1111111111111111	1.0	0.0	0.0	0.0	0.06666666666666667	0.0	0.25	0.15384615384615385	0.16666666666666666	0.0	0.14285714285714285	0.16666666666666666	0.0	0.0	0.14285714285714285	0.3333333333333333	0.0	0.0	0.16666666666666666	0.0	0.0	0.0	0.0	0.0	0.0	0.0	0.0	0.0	
Evening Grosbeak	0.0	0.0	0.0	0.0	0.0	0.0	0.18181818181818182	0.0	0.0	0.0	0.0	0.0	0.0	0.0	0.0	0.0	0.0	0.0	0.0	0.0	0.0	0.0	0.0	0.0	0.0	0.0	0.0	0.0	0.0	0.0	0.0	0.0	0.0	0.0	0.0	0.0	0.0	0.0	0.0	0.0	0.0	0.0	0.0	0.0	0.0	0.0	0.0	0.0	
House Finch	0.625	0.5	0.5	0.4444444444444444	0.5	0.5	0.45454545454545453	0.75	0.4444444444444444	1.0	0.2	0.5	1.0	0.2222222222222222	0.5714285714285714	0.2	0.3333333333333333	0.5	0.6666666666666666	0.5555555555555556	1.0	1.0	0.3333333333333333	0.3333333333333333	0.7333333333333333	0.375	0.625	0.3076923076923077	0.25	0.0	0.14285714285714285	0.3333333333333333	0.5	0.36363636363636365	0.42857142857142855	1.0	0.3333333333333333	0.8	0.6666666666666666	0.5	0.0	0.8333333333333334	0.5	0.5	0.42857142857142855	0.25	0.4	0.7	
Purple Finch	0.0	0.0	0.0	0.0	0.0	0.0	0.0	0.0	0.1111111111111111	0.0	0.0	0.08333333333333333	0.6666666666666666	0.2222222222222222	0.14285714285714285	0.6	0.3333333333333333	0.0	0.6666666666666666	0.0	0.0	0.3333333333333333	0.0	0.0	0.06666666666666667	0.0	0.125	0.07692307692307693	0.16666666666666666	0.0	0.0	0.0	0.0	0.0	0.0	0.0	0.0	0.0	0.0	0.0	0.5	0.0	0.0	0.0	0.0	0.0	0.0	0.0	
House/Purple Finch	0.0	0.0	0.0	0.0	0.0	0.0	0.0	0.0	0.0	0.0	0.0	0.0	0.0	0.0	0.0	0.0	0.0	0.0	0.0	0.0	0.0	0.0	0.0	0.0	0.0	0.0	0.0	0.0	0.0	0.0	0.0	0.16666666666666666	0.0	0.0	0.0	0.0	0.0	0.0	0.0	0.0	0.0	0.0	0.0	0.0	0.0	0.0	0.0	0.0	
Red Crossbill	0.0	0.0	0.0	0.0	0.0	0.0	0.0	0.0	0.0	0.0	0.0	0.0	0.0	0.0	0.0	0.0	0.0	0.0	0.3333333333333333	0.0	0.0	0.0	0.0	0.0	0.0	0.125	0.0	0.07692307692307693	0.0	0.25	0.0	0.0	0.0	0.0	0.0	0.0	0.0	0.0	0.0	0.1	0.0	0.0	0.0	0.0	0.0	0.0	0.0	0.0	
Pine Siskin	0.0625	0.0	0.5	0.0	0.125	0.0	0.09090909090909091	0.0	0.0	0.0	0.0	0.0	0.0	0.0	0.14285714285714285	0.2	0.0	0.0	0.0	0.0	0.0	0.3333333333333333	0.0	0.0	0.0	0.0	0.25	0.07692307692307693	0.0	0.0	0.14285714285714285	0.16666666666666666	0.0	0.0	0.0	0.0	0.0	0.0	0.0	0.2	0.5	0.16666666666666666	0.0	0.25	0.0	0.25	0.2	0.0	
American Goldfinch	0.125	0.0	0.0	0.0	0.0	0.0	0.0	0.0	0.0	0.0	0.0	0.08333333333333333	0.0	0.0	0.42857142857142855	0.0	0.0015	0.6666666666666666	0.6666666666666666	0.5555555555555556	1.0	0.6666666666666666	0.6666666666666666	0.0	0.4666666666666667	0.625	0.625	0.6153846153846154	0.6666666666666666	0.75	0.5714285714285714	0.16666666666666666	0.5	0.2727272727272727	0.2857142857142857	0.0	0.0	0.2	0.0	0.0	0.5	0.0	0.0	0.0	0.0	0.0	0.0	0.0	
Chipping Sparrow	0.0	0.0	0.0	0.0	0.0	0.0	0.0	0.0	0.0	0.0	0.0	0.0	0.0	0.0	0.0	0.0	0.0	0.0	0.0	0.0	0.0	0.0	0.0	0.0	0.0	0.0	0.0	0.0	0.0	0.0	0.0	0.16666666666666666	0.0	0.0	0.0	0.0	0.0	0.0	0.0	0.0	0.0	0.0	0.0	0.0	0.0	0.0	0.0	0.0	
Fox Sparrow	0.3125	0.25	0.5	0.1111111111111111	0.0	0.25	0.09090909090909091	0.0	0.1111111111111111	0.25	0.0	0.08333333333333333	0.0	0.0	0.14285714285714285	0.2	0.0	0.0	0.0	0.0	0.0	0.0	0.0	0.0	0.0	0.0	0.0	0.0	0.0	0.0	0.0	0.0	0.0	0.0	0.0	0.3333333333333333	0.1111111111111111	0.4	0.0	0.1	0.0015	0.0	0.125	0.0	0.42857142857142855	0.0	0.4	0.0	
Dark-eyed Junco	0.4375	0.75	0.5	0.5555555555555556	0.25	0.5	0.45454545454545453	1.0	0.4444444444444444	0.75	0.2	0.3333333333333333	0.6666666666666666	0.2222222222222222	0.2857142857142857	0.6	0.0	0.16666666666666666	0.6666666666666666	0.0	0.0	0.3333333333333333	0.0	0.0	0.26666666666666666	0.25	0.0	0.0	0.25	0.0	0.0	0.0	0.0	0.18181818181818182	0.14285714285714285	0.3333333333333333	0.1111111111111111	1.0	0.5	0.2	0.0	0.6666666666666666	0.25	0.5	0.2857142857142857	0.25	0.4	0.5	
White-crowned Sparrow	0.375	1.0	0.5	0.5555555555555556	0.5	0.75	0.2727272727272727	0.25	0.5555555555555556	0.75	0.2	0.6666666666666666	0.8333333333333334	0.5555555555555556	0.5714285714285714	0.8	1.0	0.6666666666666666	0.6666666666666666	0.6666666666666666	1.0	1.0	0.6666666666666666	0.3333333333333333	0.9333333333333333	0.875	0.5	0.46153846153846156	0.4166666666666667	0.25	0.42857142857142855	0.3333333333333333	0.5	0.45454545454545453	0.14285714285714285	0.6666666666666666	0.1111111111111111	0.8	0.5	0.3	0.0	0.5	0.125	0.75	0.2857142857142857	0.25	0.4	0.3	
Golden-crowned Sparrow	0.375	0.5	0.5	0.4444444444444444	0.5	0.75	0.18181818181818182	0.75	0.3333333333333333	0.5	0.0	0.0	0.3333333333333333	0.0	0.14285714285714285	0.2	0.0	0.0	0.0	0.0	0.0	0.0	0.0	0.0	0.0	0.0	0.0	0.0	0.0	0.0	0.0	0.0	0.0	0.18181818181818182	0.0	0.6666666666666666	0.0	0.6	0.0	0.2	0.0015	0.5	0.125	0.5	0.2857142857142857	0.25	0.4	0.3	
White-throated Sparrow	0.0	0.0	0.0	0.0	0.0	0.0	0.0	0.0	0.0	0.0	0.0	0.0	0.0	0.0	0.0	0.0	0.0	0.0	0.0	0.0	0.0	0.0	0.0	0.0	0.0	0.0	0.0	0.0	0.0	0.0	0.0	0.0	0.0	0.0	0.0	0.0	0.0	0.0	0.0	0.0	0.0	0.16666666666666666	0.0	0.0	0.0	0.0	0.0	0.0	
Zonotrichia sp.	0.0	0.0	0.0	0.0	0.0	0.0	0.0	0.0	0.0	0.0	0.0	0.0	0.0	0.0	0.0	0.0	0.0	0.0	0.0	0.0	0.0	0.0	0.0	0.0	0.0	0.0	0.0	0.0	0.0	0.0	0.0	0.0	0.0	0.0	0.0	0.3333333333333333	0.0	0.0	0.0	0.0	0.0	0.0	0.0	0.0	0.0	0.0	0.0	0.0	
Savannah Sparrow	0.0	0.0	0.0	0.0	0.0	0.0	0.0	0.0	0.0	0.0	0.0	0.0	0.3333333333333333	0.1111111111111111	0.2857142857142857	0.0	0.3333333333333333	0.6666666666666666	0.6666666666666666	0.3333333333333333	0.0	0.6666666666666666	0.3333333333333333	0.0	0.26666666666666666	0.125	0.125	0.23076923076923078	0.16666666666666666	0.0	0.0	0.16666666666666666	0.75	0.2727272727272727	0.0	0.6666666666666666	0.1111111111111111	0.0	0.0	0.0	0.0	0.0	0.0	0.0	0.0	0.0	0.0	0.0	
Song Sparrow	0.625	1.0	0.5	0.4444444444444444	0.5	0.75	0.5454545454545454	0.75	0.5555555555555556	1.0	0.2	0.4166666666666667	1.0	0.3333333333333333	0.42857142857142855	0.4	0.3333333333333333	0.8333333333333334	0.6666666666666666	0.4444444444444444	1.0	1.0	0.3333333333333333	0.6666666666666666	0.6666666666666666	0.625	0.5	0.23076923076923078	0.16666666666666666	0.0	0.14285714285714285	0.0	0.5	0.36363636363636365	0.2857142857142857	1.0	0.4444444444444444	0.2	0.6666666666666666	0.3	0.0015	0.8333333333333334	0.375	0.75	0.2857142857142857	0.25	0.4	0.6	
Lincoln's Sparrow	0.0	0.0	0.0	0.1111111111111111	0.0	0.0	0.0	0.0	0.0	0.0	0.0	0.0	0.0	0.0	0.0	0.0	0.0	0.0	0.0	0.0	0.0	0.0	0.0	0.0	0.0	0.0	0.0	0.0	0.0	0.0	0.0	0.0	0.0	0.0	0.14285714285714285	0.0	0.0	0.0	0.0	0.0	0.0015	0.16666666666666666	0.0	0.0	0.0	0.0	0.0	0.0	
Spotted Towhee	0.125	0.75	0.5	0.3333333333333333	0.5	0.75	0.18181818181818182	0.5	0.6666666666666666	0.75	0.0	0.4166666666666667	1.0	0.2222222222222222	0.42857142857142855	0.6	0.0	0.6666666666666666	0.6666666666666666	0.3333333333333333	0.0	0.3333333333333333	0.3333333333333333	0.3333333333333333	0.5333333333333333	0.625	0.25	0.15384615384615385	0.25	0.0	0.0	0.0	0.25	0.36363636363636365	0.14285714285714285	0.6666666666666666	0.2222222222222222	0.4	0.3333333333333333	0.2	0.0	0.5	0.125	0.25	0.42857142857142855	0.25	0.4	0.3	
sparrow sp.	0.0	0.0	0.0	0.0	0.0	0.0	0.0	0.0	0.0	0.0	0.0	0.0	0.0	0.0	0.0	0.0	0.0	0.0	0.0	0.0	0.0	0.0	0.0	0.0	0.0	0.0	0.0	0.0	0.0	0.0	0.0	0.0	0.0	0.0	0.0	0.0	0.0	0.2	0.0	0.0	0.5	0.0	0.0	0.0	0.0	0.0	0.0	0.0	
Red-winged Blackbird	0.5625	0.75	1.0	0.8888888888888888	0.625	0.75	0.36363636363636365	0.75	0.8888888888888888	1.0	0.2	0.6666666666666666	0.8333333333333334	0.4444444444444444	0.8571428571428571	0.8	0.6666666666666666	0.6666666666666666	1.0	0.6666666666666666	1.0	1.0	0.6666666666666666	0.3333333333333333	0.5333333333333333	0.375	0.375	0.07692307692307693	0.0	0.0	0.0	0.0	0.0	0.09090909090909091	0.0	0.6666666666666666	0.2222222222222222	0.4	0.5	0.5	0.0	0.6666666666666666	0.125	0.5	0.14285714285714285	0.25	0.4	0.7	
Brown-headed Cowbird	0.0	0.0	0.0	0.0	0.0	0.0	0.0	0.0	0.0	0.0	0.0	0.0	0.0	0.0	0.14285714285714285	0.2	0.6666666666666666	0.16666666666666666	0.6666666666666666	0.4444444444444444	1.0	0.3333333333333333	0.3333333333333333	0.0	0.4	0.125	0.5	0.38461538461538464	0.16666666666666666	0.25	0.0	0.0	0.0	0.0	0.0	0.0	0.0	0.0	0.0	0.0	0.0	0.0	0.0	0.0	0.0	0.0	0.0	0.0	
Brewer's Blackbird	0.0	0.0	0.0	0.0	0.0	0.0	0.0	0.0	0.0	0.0	0.0	0.0	0.0	0.0	0.0	0.0	0.0	0.3333333333333333	0.0	0.3333333333333333	0.0	0.0	0.3333333333333333	0.0	0.13333333333333333	0.0	0.125	0.0	0.0015	0.0	0.0	0.0	0.0	0.0	0.0	0.0	0.1111111111111111	0.0	0.0	0.0	0.0	0.0	0.0	0.0	0.0	0.0	0.0	0.0	
Orange-crowned Warbler	0.0	0.0	0.0	0.0	0.0	0.0	0.0	0.0	0.0	0.0	0.0	0.08333333333333333	0.3333333333333333	0.2222222222222222	0.2857142857142857	0.4	0.3333333333333333	0.16666666666666666	0.3333333333333333	0.0	0.0	0.0	0.0	0.0015	0.13333333333333333	0.0	0.0	0.0	0.0	0.25	0.0	0.0	0.0	0.09090909090909091	0.0	0.3333333333333333	0.0	0.0	0.0	0.0	0.0	0.0	0.0	0.0	0.0	0.0	0.0	0.0	
Common Yellowthroat	0.0	0.0	0.0	0.0	0.0	0.0	0.0	0.0	0.0	0.0	0.0	0.0	0.0	0.2222222222222222	0.14285714285714285	0.4	0.0	0.0	0.0	0.0	0.0	0.0	0.0	0.0	0.0	0.0	0.0	0.0	0.0	0.0	0.0	0.0	0.25	0.0	0.14285714285714285	0.0	0.0	0.0	0.0	0.0	0.0	0.0	0.0	0.0	0.0	0.0	0.0	0.0	
Yellow Warbler	0.0	0.0	0.0	0.0	0.0	0.0	0.0	0.0	0.0	0.0	0.0	0.0	0.0	0.0	0.0	0.0	0.0	0.0	0.0	0.0	0.0	0.0	0.0	0.0	0.06666666666666667	0.0	0.0	0.0	0.0	0.0	0.0	0.0	0.25	0.0	0.0	0.0	0.0	0.0	0.0	0.0	0.0	0.0	0.0	0.0	0.0	0.0	0.0	0.0	
Yellow-rumped Warbler	0.0	0.0	0.0	0.0	0.0	0.0	0.0	0.0	0.0	0.0	0.0	0.08333333333333333	0.0	0.1111111111111111	0.2857142857142857	0.0	0.3333333333333333	0.16666666666666666	0.0	0.0	0.0	0.0	0.0	0.0	0.0	0.0	0.0	0.0	0.0	0.0	0.0	0.0	0.0	0.09090909090909091	0.0	0.0	0.1111111111111111	0.4	0.16666666666666666	0.0	0.0	0.0	0.0	0.0	0.0	0.0	0.0	0.1	
Black-throated Gray Warbler	0.0	0.0	0.0	0.0	0.0	0.0	0.0	0.0	0.0	0.0	0.0	0.0	0.0	0.0	0.14285714285714285	0.2	0.0	0.0	0.0	0.0	0.0	0.0	0.0	0.0	0.06666666666666667	0.0	0.0	0.0	0.0	0.0	0.0	0.0	0.0	0.0	0.0	0.0	0.0	0.0	0.0	0.0	0.0	0.0	0.0	0.0	0.0	0.0	0.0	0.0	
Townsend's Warbler	0.0	0.0	0.0	0.0	0.0	0.0	0.0	0.0	0.0	0.0	0.0	0.0	0.0	0.0	0.0	0.4	0.0	0.0	0.0	0.0	0.0	0.0	0.0	0.0	0.0	0.0	0.0	0.0	0.0	0.0	0.0	0.0	0.0	0.0	0.0	0.0	0.0	0.0	0.0	0.1	0.0	0.0	0.0	0.0	0.0	0.0	0.0	0.0	
Wilson's Warbler	0.0	0.0	0.0	0.0	0.0	0.0	0.0	0.0	0.0	0.0	0.0	0.0	0.0	0.0	0.0	0.2	0.3333333333333333	0.3333333333333333	0.6666666666666666	0.0	0.0	0.0	0.0	0.3333333333333333	0.13333333333333333	0.0	0.0	0.0	0.08333333333333333	0.0	0.0	0.0	0.0	0.09090909090909091	0.0	0.0	0.0	0.0	0.0	0.0	0.0	0.0	0.0	0.0	0.0	0.0	0.0	0.0	
Western Tanager	0.0	0.0	0.0	0.0	0.0	0.0	0.0	0.0	0.0	0.0	0.0	0.0	0.0	0.0	0.0	0.0	0.0	0.16666666666666666	0.0	0.1111111111111111	0.0	0.0	0.0	0.0	0.06666666666666667	0.0	0.0	0.0	0.08333333333333333	0.0	0.0	0.0	0.0	0.09090909090909091	0.0	0.0	0.0	0.0	0.0	0.0	0.0	0.0	0.0	0.0	0.0	0.0	0.0	0.0	
Black-headed Grosbeak	0.0	0.0	0.0	0.0	0.0	0.0	0.0	0.0	0.0	0.0	0.0	0.0	0.0	0.0	0.0	0.0	0.0	0.16666666666666666	0.0	0.1111111111111111	0.0015	0.0	0.0	0.0	0.0	0.0	0.0	0.0	0.0	0.0	0.0	0.0	0.0	0.0	0.0	0.0	0.0	0.0	0.0	0.0	0.0	0.0	0.0	0.0	0.0	0.0	0.0	0.0	
House Sparrow	0.25	0.25	1.0	0.3333333333333333	0.375	0.75	0.0	0.5	0.4444444444444444	0.5	0.0	0.3333333333333333	0.6666666666666666	0.1111111111111111	0.42857142857142855	0.0	0.3333333333333333	0.5	0.6666666666666666	0.5555555555555556	1.0	1.0	0.6666666666666666	0.3333333333333333	0.8	0.375	0.5	0.38461538461538464	0.25	0.0	0.14285714285714285	0.0	0.0	0.18181818181818182	0.0	0.0	0.1111111111111111	0.2	0.16666666666666666	0.1	0.5	0.3333333333333333	0.125	0.25	0.0	0.0	0.2	0.1	
passerine sp.	0.0	0.0	0.0	0.0	0.0	0.0	0.0	0.0	0.0	0.0	0.0	0.0	0.0	0.0	0.0	0.0	0.0	0.0	0.0	0.0	0.0	0.0	0.0	0.0	0.0	0.0	0.0	0.0	0.0	0.0	0.0	0.0	0.0	0.0	0.0	0.0	0.0	0.0	0.0	0.0	0.5	0.0	0.0	0.0	0.0	0.0	0.0	0.0	

