









Frequency of observations in the selected location(s).:
Number of taxa: 	275

	Jan				Feb				Mar				Apr				May				Jun				Jul				Aug				Sep				Oct				Nov				Dec				
Sample Size:	6.0	5.0	3.0	3.0	2.0	3.0	3.0	5.0	3.0	4.0	10.0	12.0	5.0	9.0	22.0	29.0	19.0	20.0	9.0	11.0	4.0	10.0	3.0	7.0	2.0	7.0	1.0	5.0	8.0	11.0	14.0	26.0	22.0	21.0	11.0	34.0	14.0	17.0	29.0	55.0	49.0	43.0	29.0	10.0	10.0	4.0	7.0	7.0	

Snow Goose	0.0	0.0	0.0	0.0	0.0	0.0	0.0	0.0	0.0	0.0	0.0	0.0	0.0	0.0	0.0	0.0	0.0	0.0	0.0	0.0	0.0	0.0	0.0	0.0	0.0	0.0	0.0	0.0	0.0	0.0	0.0	0.0	0.0	0.0	0.0	0.0	0.0	0.058823529411764705	0.06896551724137931	0.05454545454545454	0.0	0.0	0.0	0.0	0.0	0.0	0.0	0.0	
Greater White-fronted Goose	0.0	0.0	0.0	0.0	0.0	0.0	0.0	0.0	0.0	0.0	0.0	0.0	0.0	0.0	0.0	0.06896551724137931	0.05263157894736842	0.05	0.0	0.0	0.0	0.0	0.0	0.0	0.0	0.0	0.0	0.0	0.0	0.0	0.0	0.0	0.0	0.0	0.09090909090909091	0.29411764705882354	0.2857142857142857	0.058823529411764705	0.13793103448275862	0.07272727272727272	0.061224489795918366	0.0	0.034482758620689655	0.0	0.0	0.0	0.0	0.0	
Brant	0.0	0.0	0.0	0.0	0.0	0.0	0.0	0.0	0.0	0.0	0.0	0.0	0.2	0.0	0.0	0.0	0.0015	0.0	0.0	0.09090909090909091	0.0	0.0	0.0	0.0	0.0	0.0	0.0	0.0	0.0	0.0	0.0	0.0	0.0	0.0	0.0	0.0	0.0	0.0	0.0	0.0	0.0	0.023255813953488372	0.0	0.0	0.0	0.25	0.0	0.0	
Cackling Goose	0.0	0.0	0.0	0.0	0.0	0.0	0.0	0.0	0.0	0.0	0.0	0.0	0.2	0.0	0.0	0.034482758620689655	0.05263157894736842	0.05	0.0	0.0	0.0	0.0	0.0	0.0	0.0	0.0	0.0	0.0	0.0	0.0	0.0	0.0	0.0	0.0	0.0015	0.08823529411764706	0.42857142857142855	0.17647058823529413	0.5517241379310345	0.43636363636363634	0.32653061224489793	0.09302325581395349	0.10344827586206896	0.2	0.0	0.0	0.0	0.0	
Canada Goose	0.0	0.0	0.0	0.0	0.0	0.0	0.0	0.0	0.0	0.25	0.0	0.08333333333333333	0.2	0.0	0.13636363636363635	0.10344827586206896	0.0	0.05	0.2222222222222222	0.0	0.0	0.0	0.0	0.0	0.0	0.0	0.0	0.0	0.0	0.0	0.0	0.038461538461538464	0.0	0.0	0.0	0.11764705882352941	0.07142857142857142	0.058823529411764705	0.10344827586206896	0.12727272727272726	0.10204081632653061	0.11627906976744186	0.13793103448275862	0.3	0.2	0.0	0.0	0.0	
Cackling/Canada Goose	0.0	0.0	0.0	0.0	0.0	0.0	0.0	0.0	0.0	0.0	0.0	0.0	0.0	0.0	0.0	0.0	0.0	0.0	0.0	0.0	0.0	0.0	0.0	0.0	0.0	0.0	0.0	0.0	0.0	0.0	0.0	0.0	0.0	0.0	0.0	0.0	0.0	0.0	0.0	0.05454545454545454	0.0	0.0	0.0	0.0	0.0	0.0	0.0	0.0	
goose sp.	0.0	0.0	0.0	0.0	0.0	0.0	0.0	0.0	0.0	0.0	0.0	0.0	0.0	0.0	0.0	0.034482758620689655	0.0	0.0	0.0	0.0	0.0	0.0	0.0	0.0	0.0	0.0	0.0	0.0	0.0	0.0	0.0	0.0	0.0	0.0	0.0	0.0	0.0	0.0	0.0	0.0	0.02040816326530612	0.0	0.0	0.0	0.0	0.0	0.0	0.0	
Trumpeter Swan	0.16666666666666666	0.2	0.3333333333333333	0.0	0.0	0.0	0.3333333333333333	0.0	0.0	0.0	0.0	0.08333333333333333	0.0	0.0	0.0	0.0	0.0	0.0	0.0	0.0	0.0	0.0	0.0	0.0	0.0	0.0	0.0	0.0	0.0	0.0	0.0	0.0	0.0	0.0	0.0	0.0	0.0	0.0	0.0	0.0	0.02040816326530612	0.18604651162790697	0.13793103448275862	0.0	0.0	0.25	0.14285714285714285	0.14285714285714285	
Tundra Swan	0.0	0.0	0.0	0.0	0.0	0.0	0.0	0.0	0.0	0.0	0.0	0.0	0.0	0.0	0.0	0.0	0.0	0.0	0.0	0.0	0.0	0.0	0.0	0.0	0.0	0.0	0.0	0.0	0.0	0.0	0.0	0.0	0.0	0.0	0.0	0.0	0.0	0.0	0.0	0.0	0.0	0.023255813953488372	0.034482758620689655	0.0	0.0	0.0	0.0	0.14285714285714285	
Trumpeter/Tundra Swan	0.0	0.0	0.0	0.0	0.0	0.0	0.0	0.0	0.0	0.0	0.0	0.0	0.0	0.0	0.0	0.0	0.0	0.0	0.0	0.0	0.0	0.0	0.0	0.0	0.0	0.0	0.0	0.0	0.0	0.0	0.0	0.0	0.0	0.0	0.0	0.0	0.0	0.0	0.0	0.0	0.0	0.023255813953488372	0.0	0.0	0.0	0.0	0.0	0.0	
Wood Duck	0.0	0.0	0.0	0.0	0.0	0.0	0.0	0.0	0.0	0.0	0.0	0.0	0.0	0.1111111111111111	0.045454545454545456	0.034482758620689655	0.05263157894736842	0.2	0.0	0.0	0.0	0.0	0.0	0.0	0.0	0.0	0.0	0.0	0.0	0.0	0.0	0.0	0.0	0.0	0.0	0.0	0.0	0.0	0.0	0.0	0.0	0.0	0.0	0.0	0.0	0.0	0.0	0.0	
Blue-winged Teal	0.0	0.0	0.0	0.0	0.0	0.0	0.0	0.0	0.0	0.0	0.0	0.0	0.0	0.0	0.0	0.0	0.05263157894736842	0.2	0.2222222222222222	0.09090909090909091	0.0	0.0	0.0	0.0	0.0	0.0	0.0	0.0	0.0	0.0	0.0	0.0	0.0	0.0	0.0	0.0	0.0	0.0	0.0	0.0	0.0	0.0	0.0	0.0	0.0	0.0	0.0	0.0	
Northern Shoveler	0.0	0.0	0.0	0.0	0.0	0.0	0.0	0.0	0.0	0.0	0.0	0.0	0.0	0.0	0.0015	0.0	0.0	0.0015	0.0	0.0	0.0	0.0	0.0	0.0	0.0	0.0	0.0	0.0	0.0	0.0	0.07142857142857142	0.0	0.045454545454545456	0.047619047619047616	0.09090909090909091	0.029411764705882353	0.07142857142857142	0.0	0.034482758620689655	0.01818181818181818	0.02040816326530612	0.0	0.0	0.0	0.0	0.25	0.0	0.0	
Gadwall	0.0	0.0	0.0	0.0	0.0	0.0	0.0	0.0	0.0	0.0	0.0	0.0	0.0	0.0	0.0	0.0	0.0	0.0	0.0	0.0	0.0	0.0	0.0	0.0	0.0	0.0	0.0	0.0	0.0	0.0	0.0	0.0	0.0	0.0	0.0	0.0	0.0	0.0	0.0	0.01818181818181818	0.04081632653061224	0.06976744186046512	0.034482758620689655	0.0	0.0	0.0	0.0	0.0	
Eurasian Wigeon	0.0	0.0	0.0	0.0	0.0	0.0	0.0	0.0	0.0	0.0	0.0	0.0	0.0	0.0	0.0	0.0	0.0	0.0	0.0	0.0	0.0	0.0	0.0	0.0	0.0	0.0	0.0	0.0	0.0	0.0	0.0	0.0	0.0	0.0	0.0	0.029411764705882353	0.07142857142857142	0.0	0.034482758620689655	0.03636363636363636	0.02040816326530612	0.023255813953488372	0.0	0.3	0.1	0.0	0.14285714285714285	0.0	
American Wigeon	0.16666666666666666	0.2	0.3333333333333333	0.3333333333333333	0.5	0.0	0.0	0.4	0.0	0.0	0.1	0.0	0.2	0.2222222222222222	0.0015	0.10344827586206896	0.15789473684210525	0.0	0.0	0.0	0.0	0.0	0.0	0.0	0.0	0.0	0.0	0.0	0.0	0.0	0.0	0.0	0.0	0.047619047619047616	0.18181818181818182	0.08823529411764706	0.2857142857142857	0.17647058823529413	0.3103448275862069	0.16363636363636364	0.30612244897959184	0.37209302325581395	0.13793103448275862	0.5	0.5	0.5	0.2857142857142857	0.5714285714285714	
Eurasian x American Wigeon (hybrid)	0.0	0.0	0.0	0.0	0.0	0.0	0.0	0.0	0.0	0.0	0.0	0.0	0.0	0.0	0.0	0.0	0.0	0.0	0.0	0.0	0.0	0.0	0.0	0.0	0.0	0.0	0.0	0.0	0.0	0.0	0.0	0.0	0.0	0.0	0.0	0.0	0.0	0.0	0.0	0.0	0.0	0.0	0.0	0.1	0.0	0.0	0.0	0.0	
Eurasian/American Wigeon	0.0	0.0	0.0	0.0	0.0	0.0	0.0	0.0	0.0	0.0	0.0	0.0	0.0	0.0	0.0	0.0	0.0	0.0	0.0	0.0	0.0	0.0	0.0	0.0	0.0	0.0	0.0	0.0	0.0	0.0	0.0	0.0	0.0	0.0	0.0	0.0	0.0	0.0	0.0	0.0	0.0	0.0	0.0	0.2	0.0	0.0	0.0	0.0	
Mallard	0.5	0.4	0.0015	1.0	1.0	1.0	0.3333333333333333	0.4	0.6666666666666666	0.5	0.5	0.9166666666666666	0.8	0.4444444444444444	0.45454545454545453	0.2413793103448276	0.3684210526315789	0.5	0.6666666666666666	0.2727272727272727	0.25	0.1	0.3333333333333333	0.0	0.0	0.0	0.0	0.2	0.0	0.18181818181818182	0.14285714285714285	0.07692307692307693	0.0	0.09523809523809523	0.18181818181818182	0.20588235294117646	0.2857142857142857	0.17647058823529413	0.3103448275862069	0.5636363636363636	0.42857142857142855	0.6511627906976745	0.4827586206896552	0.5	0.7	0.5	0.7142857142857143	0.7142857142857143	
Northern Pintail	0.0	0.0	0.0	0.0	0.0	0.0	0.0	0.0	0.0	0.0	0.0	0.0	0.2	0.0	0.045454545454545456	0.06896551724137931	0.0	0.0	0.0	0.0	0.0	0.0	0.0	0.0	0.0	0.0	0.0	0.0	0.0	0.0	0.14285714285714285	0.11538461538461539	0.045454545454545456	0.14285714285714285	0.18181818181818182	0.11764705882352941	0.0	0.11764705882352941	0.13793103448275862	0.14545454545454545	0.14285714285714285	0.16279069767441862	0.034482758620689655	0.0	0.0	0.0	0.0	0.0	
Green-winged Teal	0.16666666666666666	0.2	0.0	0.0	0.0	0.6666666666666666	0.3333333333333333	0.0	0.0	0.0	0.1	0.25	0.2	0.0	0.13636363636363635	0.10344827586206896	0.2631578947368421	0.15	0.2222222222222222	0.0	0.0	0.0	0.0	0.0	0.0	0.0	0.0	0.0	0.0	0.0	0.21428571428571427	0.15384615384615385	0.09090909090909091	0.19047619047619047	0.18181818181818182	0.20588235294117646	0.35714285714285715	0.17647058823529413	0.1724137931034483	0.23636363636363636	0.24489795918367346	0.18604651162790697	0.1724137931034483	0.4	0.3	0.25	0.14285714285714285	0.14285714285714285	
dabbling duck sp.	0.0	0.0	0.0	0.0	0.0	0.0	0.0	0.0	0.0	0.0	0.0	0.0	0.0	0.0	0.0	0.0	0.0	0.0	0.0	0.0	0.0	0.0	0.0	0.0	0.0	0.0	0.0	0.0	0.0	0.0	0.0	0.0	0.0	0.0	0.0	0.0	0.0	0.0	0.0	0.01818181818181818	0.0	0.0	0.0	0.0	0.0	0.0	0.0	0.0	
Ring-necked Duck	0.0	0.0	0.0	0.0	0.0	0.0	0.0	0.0	0.0	0.0	0.1	0.0	0.0	0.0	0.0	0.034482758620689655	0.05263157894736842	0.0	0.0	0.0	0.0	0.0	0.0	0.0	0.0	0.0	0.0	0.0	0.0	0.0	0.0	0.0	0.0	0.0	0.0	0.0	0.0	0.0	0.0	0.01818181818181818	0.02040816326530612	0.0	0.034482758620689655	0.0	0.0	0.0	0.0	0.0	
Greater Scaup	0.0	0.0	0.0	0.0	0.0	0.0	0.0	0.0	0.0	0.0	0.0	0.08333333333333333	0.0	0.0	0.0	0.0	0.05263157894736842	0.0	0.0	0.0	0.0	0.0	0.0	0.0	0.0	0.0	0.0	0.0	0.0	0.0	0.0	0.0	0.0	0.0	0.0	0.0	0.0	0.0	0.0	0.0	0.02040816326530612	0.06976744186046512	0.034482758620689655	0.0	0.0	0.0	0.0	0.0	
Lesser Scaup	0.0	0.0	0.0	0.0	0.0	0.0	0.0	0.0	0.0	0.0	0.1	0.0	0.2	0.0	0.0	0.0	0.0	0.0	0.0	0.0	0.0	0.0	0.0	0.0	0.0	0.0	0.0	0.0	0.0	0.0	0.0	0.0	0.0	0.0	0.0	0.0	0.0	0.0	0.0	0.01818181818181818	0.02040816326530612	0.0	0.0	0.0	0.0	0.0	0.0	0.0	
Greater/Lesser Scaup	0.0	0.0	0.0	0.0	0.0	0.0	0.0	0.0	0.0	0.0	0.0	0.0	0.0	0.0	0.0	0.0	0.0	0.0	0.0	0.0	0.0	0.0	0.0	0.0	0.0	0.0	0.0	0.0	0.0	0.0	0.0	0.0	0.0	0.0	0.0	0.0	0.0	0.0	0.0	0.0	0.0	0.023255813953488372	0.0	0.0	0.0	0.0	0.0	0.0	
Harlequin Duck	0.0	0.0	0.0	0.0	0.0	0.0	0.0	0.0	0.0	0.25	0.1	0.25	0.0	0.0	0.09090909090909091	0.06896551724137931	0.0	0.05	0.1111111111111111	0.09090909090909091	0.0	0.0	0.0	0.0	0.0	0.0	1.0	0.0	0.0	0.09090909090909091	0.07142857142857142	0.038461538461538464	0.0	0.047619047619047616	0.09090909090909091	0.11764705882352941	0.07142857142857142	0.11764705882352941	0.10344827586206896	0.05454545454545454	0.12244897959183673	0.046511627906976744	0.06896551724137931	0.0	0.0	0.25	0.2857142857142857	0.14285714285714285	
Surf Scoter	0.16666666666666666	0.2	0.3333333333333333	0.6666666666666666	0.0	0.0	0.3333333333333333	0.2	0.0	0.25	0.3	0.25	0.4	0.1111111111111111	0.045454545454545456	0.1724137931034483	0.21052631578947367	0.1	0.2222222222222222	0.2727272727272727	0.25	0.1	0.0	0.0	0.0	0.14285714285714285	0.0	0.0	0.375	0.0	0.2857142857142857	0.07692307692307693	0.22727272727272727	0.19047619047619047	0.2727272727272727	0.20588235294117646	0.21428571428571427	0.5294117647058824	0.20689655172413793	0.23636363636363636	0.2857142857142857	0.27906976744186046	0.06896551724137931	0.1	0.0	0.25	0.14285714285714285	0.0	
White-winged Scoter	0.0	0.2	0.0	0.0	0.0	0.0	0.0	0.2	0.0	0.0	0.3	0.25	0.4	0.0	0.0	0.10344827586206896	0.0	0.05	0.1111111111111111	0.09090909090909091	0.0	0.0	0.0	0.0	0.0	0.0	0.0	0.2	0.25	0.18181818181818182	0.14285714285714285	0.11538461538461539	0.045454545454545456	0.19047619047619047	0.09090909090909091	0.08823529411764706	0.07142857142857142	0.29411764705882354	0.06896551724137931	0.16363636363636364	0.12244897959183673	0.09302325581395349	0.034482758620689655	0.0	0.0	0.0	0.14285714285714285	0.0	
Black Scoter	0.0	0.0	0.0	0.0	0.0	0.0	0.0	0.0	0.0	0.0	0.0	0.0	0.0	0.0	0.0	0.0	0.0	0.0	0.0	0.0	0.0	0.0	0.0	0.0	0.0	0.0	0.0	0.0	0.0	0.0	0.0	0.0	0.0	0.0	0.0	0.0	0.0	0.11764705882352941	0.0	0.0	0.0	0.0	0.0	0.0	0.0	0.0	0.0	0.0	
scoter sp.	0.0	0.0	0.0	0.0	0.0	0.0	0.0	0.0	0.0	0.0	0.1	0.08333333333333333	0.0	0.0	0.0	0.0	0.0	0.0	0.0	0.0	0.0	0.0	0.0	0.0	0.0	0.2857142857142857	0.0	0.2	0.0	0.0	0.0	0.0	0.0	0.14285714285714285	0.18181818181818182	0.029411764705882353	0.0	0.0	0.0	0.01818181818181818	0.04081632653061224	0.0	0.0	0.0	0.0	0.0	0.0	0.0	
Long-tailed Duck	0.0	0.0	0.0	0.0	0.0	0.0	0.0	0.0	0.0	0.0	0.0	0.0	0.0	0.0	0.0	0.0	0.0	0.0	0.0	0.0	0.0	0.0	0.0	0.0	0.0	0.0	0.0	0.0	0.0	0.0	0.0	0.0	0.0	0.0	0.0	0.0	0.0	0.0	0.0	0.0	0.02040816326530612	0.0	0.0	0.0	0.0	0.0	0.0	0.0	
Bufflehead	0.3333333333333333	0.6	0.0	1.0	0.0	0.3333333333333333	0.6666666666666666	0.0	0.3333333333333333	0.25	0.2	0.5	0.6	0.4444444444444444	0.22727272727272727	0.10344827586206896	0.15789473684210525	0.0	0.0	0.0	0.0	0.0	0.0	0.0	0.0	0.0	0.0	0.0	0.0	0.0	0.0	0.0	0.0	0.0	0.0	0.0	0.0	0.0	0.0	0.01818181818181818	0.16326530612244897	0.2558139534883721	0.1724137931034483	0.2	0.1	0.5	0.5714285714285714	0.42857142857142855	
Common Goldeneye	0.0	0.0	0.0	0.3333333333333333	0.0	0.0	0.0	0.0	0.0	0.25	0.0	0.0	0.2	0.0	0.0	0.0	0.0	0.0	0.0	0.0	0.0	0.0	0.0	0.0	0.0	0.0	0.0	0.0	0.0	0.0	0.0	0.0	0.0	0.0	0.0	0.0	0.0	0.0	0.0	0.0	0.02040816326530612	0.0	0.034482758620689655	0.0	0.0	0.25	0.0	0.0	
Barrow's Goldeneye	0.0	0.0	0.0	0.0	0.0	0.0	0.0	0.0	0.0	0.0	0.0	0.0	0.0	0.0	0.0	0.0	0.0	0.0	0.0	0.0	0.0	0.0	0.0	0.0	0.0	0.0	0.0	0.0	0.0	0.0	0.0	0.0	0.0	0.0	0.0	0.0	0.0	0.0	0.0	0.0	0.0	0.0	0.0	0.0	0.0	0.0	0.14285714285714285	0.0	
Hooded Merganser	0.0	0.0	0.0	0.0	0.0	0.0	0.0	0.0	0.3333333333333333	0.0	0.2	0.08333333333333333	0.2	0.1111111111111111	0.13636363636363635	0.0	0.10526315789473684	0.05	0.0	0.0	0.0	0.0	0.0	0.0	0.0	0.0	0.0	0.0	0.0	0.0	0.07142857142857142	0.07692307692307693	0.0	0.09523809523809523	0.0	0.11764705882352941	0.2857142857142857	0.058823529411764705	0.034482758620689655	0.03636363636363636	0.14285714285714285	0.046511627906976744	0.034482758620689655	0.0	0.3	0.5	0.42857142857142855	0.0	
Common Merganser	0.0	0.0	0.0	0.0	0.0	0.3333333333333333	0.0	0.4	0.3333333333333333	0.25	0.2	0.5	0.8	0.1111111111111111	0.22727272727272727	0.13793103448275862	0.3684210526315789	0.3	0.6666666666666666	0.18181818181818182	0.25	0.2	0.3333333333333333	0.0	0.0	0.0	0.0	0.4	0.0	0.09090909090909091	0.14285714285714285	0.11538461538461539	0.09090909090909091	0.0	0.2727272727272727	0.20588235294117646	0.14285714285714285	0.11764705882352941	0.034482758620689655	0.07272727272727272	0.04081632653061224	0.046511627906976744	0.034482758620689655	0.0	0.0	0.0	0.14285714285714285	0.0	
Red-breasted Merganser	0.16666666666666666	0.0	0.0	0.0	0.0	0.0	0.0	0.2	0.0	0.0	0.0	0.16666666666666666	0.6	0.0	0.045454545454545456	0.20689655172413793	0.0	0.05	0.0	0.09090909090909091	0.5	0.0	0.0	0.0	0.0	0.0	0.0	0.0	0.0	0.0	0.0	0.0	0.0	0.0	0.0	0.029411764705882353	0.07142857142857142	0.058823529411764705	0.034482758620689655	0.07272727272727272	0.16326530612244897	0.11627906976744186	0.1724137931034483	0.0	0.0	0.25	0.2857142857142857	0.0	
duck sp.	0.0	0.0	0.0	0.0	0.0	0.0	0.0	0.0	0.0	0.0	0.0	0.0	0.0	0.0	0.045454545454545456	0.0	0.0	0.0	0.0	0.0	0.0	0.0	0.0	0.0	0.0	0.0	0.0	0.0	0.0	0.09090909090909091	0.0	0.038461538461538464	0.0	0.047619047619047616	0.0	0.0	0.0	0.0	0.034482758620689655	0.0	0.02040816326530612	0.0	0.0	0.0	0.0	0.0	0.0	0.0	
Sooty Grouse	0.0	0.0	0.0	0.0	0.0	0.0	0.0	0.0	0.0	0.0	0.0	0.0	0.0	0.0	0.045454545454545456	0.0	0.0	0.0	0.0	0.0	0.0	0.0	0.0	0.0	0.0	0.0	0.0	0.0	0.0	0.0	0.0	0.0	0.0	0.0	0.0	0.0	0.0	0.0	0.0	0.0	0.0	0.0	0.0	0.0	0.0	0.0	0.0	0.0	
Pied-billed Grebe	0.0	0.0	0.0	0.0	0.0	0.0	0.0	0.0	0.0	0.0	0.0	0.0	0.0	0.0	0.0	0.0	0.0	0.0	0.0	0.0	0.0	0.0	0.0	0.0	0.0	0.0	0.0	0.0	0.0	0.0	0.0	0.038461538461538464	0.0	0.0	0.0	0.0	0.07142857142857142	0.0	0.0	0.0	0.0	0.023255813953488372	0.0	0.0	0.0	0.0	0.0	0.0	
Horned Grebe	0.0	0.2	0.0	0.0	0.0	0.0	0.0	0.0	0.0	0.0	0.1	0.16666666666666666	0.0	0.0	0.045454545454545456	0.034482758620689655	0.0	0.0	0.0	0.0	0.0	0.0	0.0	0.0	0.0	0.0	0.0	0.0	0.0	0.0	0.0	0.0	0.0	0.14285714285714285	0.18181818181818182	0.058823529411764705	0.07142857142857142	0.0	0.0	0.09090909090909091	0.061224489795918366	0.046511627906976744	0.034482758620689655	0.0	0.0	0.0	0.2857142857142857	0.0	
Red-necked Grebe	0.0	0.0	0.0	0.0	0.0	0.0	0.3333333333333333	0.0	0.0	0.0	0.0	0.16666666666666666	0.2	0.0	0.0	0.034482758620689655	0.0	0.0	0.0	0.0	0.0	0.0	0.0	0.0	0.0	0.0	0.0	0.0	0.0	0.0	0.14285714285714285	0.038461538461538464	0.045454545454545456	0.047619047619047616	0.18181818181818182	0.08823529411764706	0.14285714285714285	0.058823529411764705	0.0	0.01818181818181818	0.04081632653061224	0.0	0.0	0.0	0.0	0.5	0.2857142857142857	0.0	
Eared Grebe	0.0	0.0	0.0	0.0	0.0	0.0	0.3333333333333333	0.0	0.0	0.0	0.0	0.0	0.0	0.0	0.0	0.0	0.0	0.0	0.0	0.0	0.0	0.0	0.0	0.0	0.0	0.0	0.0	0.0	0.0	0.0	0.0	0.0	0.0	0.0	0.0	0.0	0.0	0.0	0.0	0.0	0.0	0.0	0.0	0.0	0.0	0.0	0.0	0.0	
Western Grebe	0.0	0.4	0.0	0.0	0.0	0.0	0.0	0.0	0.0	0.25	0.1	0.08333333333333333	0.0	0.3333333333333333	0.18181818181818182	0.20689655172413793	0.05263157894736842	0.15	0.3333333333333333	0.18181818181818182	0.25	0.0	0.0	0.0	0.0	0.14285714285714285	0.0	0.0	0.0	0.0	0.14285714285714285	0.038461538461538464	0.045454545454545456	0.047619047619047616	0.09090909090909091	0.17647058823529413	0.21428571428571427	0.35294117647058826	0.13793103448275862	0.23636363636363636	0.2653061224489796	0.18604651162790697	0.1724137931034483	0.2	0.0	0.5	0.2857142857142857	0.0	
Western/Clark's Grebe	0.0	0.0	0.0	0.0	0.0	0.0	0.0	0.0	0.0	0.25	0.0	0.0	0.0	0.0	0.0	0.0	0.0	0.0	0.0	0.0	0.0	0.0	0.0	0.0	0.0	0.0	0.0	0.0	0.0	0.0	0.0	0.0	0.0	0.0	0.0	0.0	0.0	0.0	0.0	0.0	0.02040816326530612	0.0	0.0	0.0	0.0	0.0	0.0	0.0	
grebe sp.	0.0	0.0	0.0	0.0	0.0	0.0	0.3333333333333333	0.0	0.0	0.0	0.0	0.0	0.0	0.0	0.0	0.0	0.0	0.0	0.0	0.0	0.0	0.0	0.0	0.0	0.0	0.0	0.0	0.0	0.0	0.0	0.0	0.0	0.0	0.0	0.0	0.0	0.0	0.0	0.0	0.0	0.0	0.0	0.0	0.0	0.0	0.0	0.0	0.0	
Rock Pigeon	0.0	0.0	0.0	0.0	0.0	0.0	0.0	0.0	0.0	0.0	0.0	0.0	0.0	0.0	0.0	0.0	0.0	0.0	0.1111111111111111	0.09090909090909091	0.0	0.0	0.0	0.0	0.0	0.0	0.0	0.0	0.0	0.0	0.0	0.0	0.0015	0.047619047619047616	0.0	0.029411764705882353	0.07142857142857142	0.0	0.0	0.01818181818181818	0.02040816326530612	0.0	0.0	0.0	0.0	0.0	0.0	0.0	
Band-tailed Pigeon	0.0	0.0	0.0	0.0	0.0	0.0	0.0	0.0	0.0	0.0	0.0	0.0	0.0	0.0	0.045454545454545456	0.10344827586206896	0.15789473684210525	0.15	0.2222222222222222	0.09090909090909091	0.25	0.1	0.0	0.14285714285714285	0.0	0.0	0.0	0.0	0.125	0.0	0.07142857142857142	0.0	0.0	0.047619047619047616	0.0	0.029411764705882353	0.07142857142857142	0.0	0.0	0.0	0.0	0.0	0.0	0.0	0.0	0.0	0.0	0.0	
Eurasian Collared-Dove	0.0	0.0	0.0	0.0	0.0015	0.0	0.3333333333333333	0.0	0.0	0.0	0.0	0.0015	0.2	0.1111111111111111	0.18181818181818182	0.13793103448275862	0.3684210526315789	0.25	0.2222222222222222	0.36363636363636365	0.5	0.1	0.6666666666666666	0.42857142857142855	0.0	0.0	0.0	0.0	0.125	0.09090909090909091	0.14285714285714285	0.15384615384615385	0.22727272727272727	0.047619047619047616	0.18181818181818182	0.17647058823529413	0.2857142857142857	0.058823529411764705	0.034482758620689655	0.03636363636363636	0.0	0.046511627906976744	0.034482758620689655	0.0	0.0	0.0	0.0	0.0	
Mourning Dove	0.0	0.0	0.0	0.0	0.0	0.0	0.0	0.0	0.0	0.0	0.0	0.0	0.0	0.0	0.0	0.0	0.0	0.0	0.0	0.0	0.25	0.0	0.0015	0.0	0.0	0.0	0.0	0.0	0.0	0.0	0.0	0.0	0.0	0.047619047619047616	0.0	0.0	0.0	0.058823529411764705	0.0	0.0015	0.02040816326530612	0.023255813953488372	0.0	0.1	0.0	0.0	0.0	0.0	
pigeon/dove sp.	0.0	0.0	0.0	0.0	0.0	0.0	0.0	0.0	0.0	0.0	0.0	0.0	0.0	0.0	0.0	0.0	0.0	0.0	0.0	0.0	0.25	0.0	0.0	0.0	0.0	0.0	0.0	0.0	0.0	0.0	0.0	0.0	0.0	0.0	0.0	0.0	0.0	0.0	0.0	0.0	0.0	0.0	0.0	0.0	0.0	0.0	0.0	0.0	
Common Nighthawk	0.0	0.0	0.0	0.0	0.0	0.0	0.0	0.0	0.0	0.0	0.0	0.0	0.0	0.0	0.0	0.0	0.0	0.0	0.0	0.0	0.25	0.0	0.0	0.0	0.0	0.0	0.0	0.0	0.0	0.0	0.0	0.0	0.0	0.0	0.0	0.0	0.0	0.0	0.0	0.0	0.0	0.0	0.0	0.0	0.0	0.0	0.0	0.0	
Black Swift	0.0	0.0	0.0	0.0	0.0	0.0	0.0	0.0	0.0	0.0	0.0	0.0	0.0	0.0	0.0	0.0	0.0	0.0	0.0	0.0	0.0	0.1	0.0	0.0	0.0	0.0	0.0	0.0015	0.0	0.0	0.0	0.038461538461538464	0.0	0.047619047619047616	0.0	0.0	0.0	0.0	0.0	0.0	0.0	0.0	0.0	0.0	0.0	0.0	0.0	0.0	
Vaux's Swift	0.0	0.0	0.0	0.0	0.0	0.0	0.0	0.0	0.0	0.0	0.0	0.0	0.0	0.0	0.0	0.0	0.0	0.0	0.0	0.0	0.0	0.0	0.0	0.0	0.0	0.0	0.0	0.0	0.125	0.0	0.07142857142857142	0.0	0.0015	0.047619047619047616	0.09090909090909091	0.029411764705882353	0.0	0.0	0.0	0.0	0.0	0.0	0.0	0.0	0.0	0.0	0.0	0.0	
Anna's Hummingbird	0.0	0.0	0.0	0.0	0.0	0.0	0.0	0.0	0.0	0.25	0.0	0.0	0.2	0.0	0.045454545454545456	0.06896551724137931	0.0	0.05	0.1111111111111111	0.0	0.0	0.0	0.0	0.0	0.0	0.0	0.0	0.0	0.0	0.0	0.0	0.0	0.0	0.0	0.0	0.0	0.0	0.0	0.0	0.03636363636363636	0.0	0.023255813953488372	0.0	0.0	0.0	0.0	0.0	0.0	
Rufous Hummingbird	0.0	0.0	0.0	0.0	0.0	0.0	0.0	0.0	0.0	0.0	0.0	0.16666666666666666	0.6	0.4444444444444444	0.45454545454545453	0.2413793103448276	0.5263157894736842	0.45	0.7777777777777778	0.5454545454545454	0.5	0.3	0.3333333333333333	0.42857142857142855	0.5	0.14285714285714285	0.0	0.2	0.0	0.0	0.07142857142857142	0.038461538461538464	0.0	0.0	0.0	0.0	0.0	0.0	0.0	0.0	0.0	0.0	0.0	0.0	0.0	0.0	0.0	0.0	
hummingbird sp.	0.0	0.0	0.0	0.0	0.0	0.0	0.0	0.0	0.0	0.0	0.0	0.0	0.0	0.0	0.0	0.034482758620689655	0.0	0.0	0.0	0.0	0.0	0.0	0.3333333333333333	0.0	0.0	0.0	0.0	0.0	0.0	0.0	0.0	0.0	0.0	0.047619047619047616	0.0	0.0	0.0	0.0	0.0	0.0	0.0	0.0	0.0	0.0	0.0	0.0	0.0	0.0	
Sandhill Crane	0.0	0.0	0.0	0.0	0.0	0.0	0.0	0.0	0.0	0.0	0.0	0.0	0.2	0.2222222222222222	0.13636363636363635	0.034482758620689655	0.05263157894736842	0.0	0.0015	0.0	0.0	0.0	0.0	0.0	0.0	0.0	0.0	0.0	0.0	0.0	0.0	0.0	0.0	0.0	0.18181818181818182	0.08823529411764706	0.14285714285714285	0.11764705882352941	0.0	0.0	0.0	0.0	0.0	0.0	0.0	0.0	0.0	0.0	
Black Oystercatcher	0.16666666666666666	0.2	0.0	0.0	0.0	0.0	0.0	0.2	0.0	0.5	0.1	0.16666666666666666	0.4	0.0	0.18181818181818182	0.2413793103448276	0.15789473684210525	0.1	0.1111111111111111	0.36363636363636365	0.0	0.0	0.3333333333333333	0.2857142857142857	0.0	0.14285714285714285	0.0	0.0015	0.0	0.09090909090909091	0.0	0.038461538461538464	0.0	0.09523809523809523	0.09090909090909091	0.029411764705882353	0.21428571428571427	0.17647058823529413	0.034482758620689655	0.14545454545454545	0.30612244897959184	0.20930232558139536	0.10344827586206896	0.0	0.0015	0.25	0.14285714285714285	0.0	
Black-bellied Plover	0.0	0.0	0.0	0.0	0.0	0.0	0.0	0.0	0.0	0.0	0.0	0.0	0.0	0.1111111111111111	0.045454545454545456	0.27586206896551724	0.3684210526315789	0.1	0.3333333333333333	0.09090909090909091	0.0	0.0	0.0	0.0	0.0	0.0	0.0	0.0015	0.125	0.0	0.0	0.0	0.045454545454545456	0.0	0.2727272727272727	0.029411764705882353	0.14285714285714285	0.058823529411764705	0.034482758620689655	0.07272727272727272	0.0	0.0	0.0	0.0	0.0	0.0	0.0	0.0	
Pacific Golden-Plover	0.0	0.0	0.0	0.0	0.0	0.0	0.0	0.0	0.0	0.0	0.0	0.0	0.0	0.0	0.0	0.0	0.0	0.0	0.0	0.0	0.0	0.0	0.0	0.0	0.0	0.0	0.0	0.0	0.0	0.0	0.0	0.0	0.0	0.0	0.09090909090909091	0.0	0.0	0.0	0.0	0.0	0.02040816326530612	0.0	0.0	0.0	0.0	0.0	0.0	0.0	
Snowy Plover	0.0	0.0	0.0	0.0	0.0	0.0	0.0	0.0	0.0	0.0	0.0	0.0	0.0	0.0	0.0	0.10344827586206896	0.0	0.0	0.0	0.0	0.0	0.0	0.0	0.0	0.0	0.0	0.0	0.0	0.0	0.0	0.0	0.0	0.22727272727272727	0.0	0.0	0.0	0.0	0.0	0.0	0.0	0.0	0.0	0.0	0.0	0.0	0.0	0.0	0.0	
Semipalmated Plover	0.0	0.0	0.0	0.0	0.0	0.0	0.0	0.0	0.0	0.0	0.0	0.0	0.0	0.0	0.045454545454545456	0.20689655172413793	0.5263157894736842	0.45	0.4444444444444444	0.18181818181818182	0.0	0.4	0.0	0.0	0.0	0.14285714285714285	0.0	0.4	0.625	0.36363636363636365	0.42857142857142855	0.5769230769230769	0.5909090909090909	0.09523809523809523	0.18181818181818182	0.0	0.0	0.11764705882352941	0.06896551724137931	0.0	0.0	0.0	0.034482758620689655	0.0	0.0	0.0	0.0	0.0	
Killdeer	0.3333333333333333	0.6	0.0015	0.6666666666666666	1.0	1.0	0.6666666666666666	0.2	0.0	0.75	0.3	0.5833333333333334	0.8	0.3333333333333333	0.22727272727272727	0.1724137931034483	0.42105263157894735	0.55	0.4444444444444444	0.45454545454545453	0.5	0.3	0.3333333333333333	0.14285714285714285	0.0	0.2857142857142857	0.0	0.2	0.125	0.18181818181818182	0.21428571428571427	0.038461538461538464	0.13636363636363635	0.09523809523809523	0.45454545454545453	0.058823529411764705	0.2857142857142857	0.11764705882352941	0.13793103448275862	0.32727272727272727	0.16326530612244897	0.32558139534883723	0.3793103448275862	0.5	0.3	0.5	0.5714285714285714	0.42857142857142855	
Upland Sandpiper	0.0	0.0	0.0	0.0	0.0	0.0	0.0	0.0	0.0	0.0	0.0	0.0	0.0	0.0	0.0	0.0	0.0	0.0	0.0	0.0	0.0	0.0	0.0	0.0	0.0	0.0	0.0	0.0	0.0	0.0	0.0	0.0	0.0	0.0015	0.0	0.0	0.0	0.0	0.0	0.0	0.0	0.0	0.0	0.0	0.0	0.0	0.0	0.0	
Whimbrel	0.0	0.0	0.0	0.0	0.0	0.0	0.0	0.0	0.0	0.0	0.0	0.0	0.0	0.0	0.09090909090909091	0.2413793103448276	0.631578947368421	0.7	0.4444444444444444	0.45454545454545453	0.25	0.2	0.0	0.0	0.0	0.0	0.0	0.0015	0.0	0.09090909090909091	0.14285714285714285	0.038461538461538464	0.13636363636363635	0.0	0.09090909090909091	0.029411764705882353	0.0	0.0	0.0	0.0	0.0	0.0	0.0	0.0	0.0	0.0	0.0	0.0	
Long-billed Curlew	0.0	0.0	0.0	0.0	0.0	0.0	0.0	0.0	0.0	0.0	0.0	0.0	0.0	0.0	0.0	0.0	0.0	0.0	0.0	0.0	0.0	0.0	0.0	0.0	0.0	0.0	0.0	0.0	0.0	0.09090909090909091	0.0	0.0	0.0	0.0	0.0	0.0	0.0	0.0	0.0	0.0	0.0	0.0	0.0	0.0	0.0	0.0	0.0	0.0	
Marbled Godwit	0.0	0.0	0.0	0.0	0.0	0.0	0.0	0.0	0.0	0.0	0.0	0.0	0.0	0.0	0.0	0.06896551724137931	0.0	0.15	0.1111111111111111	0.0	0.0	0.0	0.0	0.0	0.0	0.0	0.0	0.0	0.0	0.0	0.0	0.038461538461538464	0.09090909090909091	0.0	0.0	0.0	0.0	0.0	0.0	0.01818181818181818	0.08163265306122448	0.0	0.0	0.0	0.0	0.0	0.0	0.0	
Black Turnstone	0.0	0.2	0.0	0.0	0.0	0.0	0.0	0.0	0.0	0.0	0.0	0.0	0.0	0.0	0.0	0.034482758620689655	0.0	0.05	0.1111111111111111	0.0	0.0	0.0	0.0	0.0	0.0	0.0	0.0	0.0	0.0	0.09090909090909091	0.07142857142857142	0.038461538461538464	0.0	0.047619047619047616	0.0	0.0	0.0	0.0	0.0	0.0	0.02040816326530612	0.023255813953488372	0.034482758620689655	0.0	0.0	0.5	0.2857142857142857	0.0	
Red Knot	0.0	0.0	0.0	0.0	0.0	0.0	0.0	0.0	0.0	0.0	0.0	0.0	0.0	0.0	0.0	0.0	0.0	0.0	0.1111111111111111	0.0	0.0	0.0	0.0	0.0	0.0	0.0	0.0	0.0	0.0	0.0	0.0	0.0	0.0	0.0	0.0	0.0	0.0	0.0	0.0	0.0	0.0	0.0	0.0	0.0	0.0	0.0	0.0	0.0	
Surfbird	0.0	0.0	0.0	0.0	0.0	0.0	0.0	0.0	0.0	0.0	0.0	0.0	0.0	0.0	0.0	0.034482758620689655	0.0	0.05	0.0	0.0	0.0	0.0	0.0	0.0	0.0	0.0	0.0	0.0	0.0	0.09090909090909091	0.0	0.0	0.0	0.047619047619047616	0.0	0.0	0.0	0.0	0.0	0.0	0.02040816326530612	0.023255813953488372	0.0	0.0	0.0	0.0	0.0	0.0	
Sanderling	0.0	0.2	0.0	0.0	0.0	0.0	0.0	0.0	0.0	0.0	0.0	0.08333333333333333	0.0	0.0	0.0	0.10344827586206896	0.05263157894736842	0.15	0.0015	0.09090909090909091	0.0	0.0	0.0	0.0	0.0	0.14285714285714285	0.0	0.4	0.125	0.18181818181818182	0.2857142857142857	0.5	0.45454545454545453	0.38095238095238093	0.36363636363636365	0.058823529411764705	0.0	0.0	0.0	0.01818181818181818	0.061224489795918366	0.0	0.034482758620689655	0.0	0.0	0.0	0.0	0.0	
Dunlin	0.0	0.0	0.0	0.0	0.0	0.0	0.0	0.0	0.0	0.0	0.1	0.08333333333333333	0.2	0.1111111111111111	0.045454545454545456	0.13793103448275862	0.47368421052631576	0.3	0.4444444444444444	0.09090909090909091	0.0	0.0	0.0	0.0	0.0	0.0	0.0	0.0	0.0	0.0	0.0	0.0	0.0	0.047619047619047616	0.09090909090909091	0.029411764705882353	0.0	0.0	0.27586206896551724	0.43636363636363634	0.24489795918367346	0.13953488372093023	0.10344827586206896	0.0	0.0	0.25	0.0	0.0	
Baird's Sandpiper	0.0	0.0	0.0	0.0	0.0	0.0	0.0	0.0	0.0	0.0	0.0	0.0	0.0	0.0	0.0	0.06896551724137931	0.0	0.0	0.0	0.0	0.0	0.0	0.0	0.0	0.0	0.0	0.0	0.0	0.125	0.0	0.21428571428571427	0.5769230769230769	0.4090909090909091	0.0	0.0	0.0	0.0	0.0	0.0	0.0	0.0	0.0	0.0	0.0	0.0	0.0	0.0	0.0	
Least Sandpiper	0.0	0.2	0.0	0.0	0.0	0.0	0.0	0.0	0.0	0.0	0.0	0.0	0.2	0.0	0.13636363636363635	0.1724137931034483	0.47368421052631576	0.15	0.1111111111111111	0.0	0.0	0.0	0.0	0.0	0.0	0.2857142857142857	0.0	0.2	0.625	0.36363636363636365	0.5	0.8076923076923077	0.7272727272727273	0.47619047619047616	0.18181818181818182	0.029411764705882353	0.07142857142857142	0.0	0.034482758620689655	0.05454545454545454	0.02040816326530612	0.023255813953488372	0.034482758620689655	0.0	0.0	0.0	0.0	0.0	
Buff-breasted Sandpiper	0.0	0.0	0.0	0.0	0.0	0.0	0.0	0.0	0.0	0.0	0.0	0.0	0.0	0.0	0.0	0.0	0.0	0.0	0.0	0.0	0.0	0.0	0.0	0.0	0.0	0.0	0.0	0.0	0.0	0.0	0.0	0.38461538461538464	0.0	0.047619047619047616	0.0	0.0	0.0	0.0	0.0	0.0	0.0	0.0	0.0	0.0	0.0	0.0	0.0	0.0	
Pectoral Sandpiper	0.0	0.0	0.0	0.0	0.0	0.0	0.0	0.0	0.0	0.0	0.0	0.0	0.0	0.0	0.0	0.0	0.0	0.0	0.0	0.09090909090909091	0.0	0.0	0.0	0.0	0.0	0.0	0.0	0.0	0.0	0.0	0.0	0.038461538461538464	0.0	0.14285714285714285	0.09090909090909091	0.08823529411764706	0.07142857142857142	0.0	0.0	0.0	0.0	0.0	0.0	0.0	0.0	0.0	0.0	0.0	
Semipalmated Sandpiper	0.0	0.0	0.0	0.0	0.0	0.0	0.0	0.0	0.0	0.0	0.0	0.0	0.0	0.0	0.0	0.0	0.15789473684210525	0.0	0.0	0.0	0.0	0.0	0.0	0.0	0.0	0.14285714285714285	0.0	0.0	0.375	0.0015	0.07142857142857142	0.07692307692307693	0.0	0.0	0.0	0.0	0.0	0.0	0.0	0.0	0.0	0.0	0.0	0.0	0.0	0.0	0.0	0.0	
Western Sandpiper	0.0	0.0	0.0	0.0	0.0	0.0	0.0	0.0	0.0	0.0	0.0	0.0	0.0	0.0	0.18181818181818182	0.20689655172413793	0.5789473684210527	0.35	0.4444444444444444	0.09090909090909091	0.0	0.0	0.0	0.42857142857142855	0.0	0.42857142857142855	0.0	0.4	0.875	0.6363636363636364	0.5714285714285714	0.6923076923076923	0.6818181818181818	0.5714285714285714	0.45454545454545453	0.08823529411764706	0.14285714285714285	0.11764705882352941	0.10344827586206896	0.0	0.02040816326530612	0.0	0.0	0.0015	0.0	0.0	0.0	0.0	
peep sp.	0.0	0.0	0.0	0.0	0.0	0.0	0.0	0.0	0.0	0.0	0.0	0.0	0.0	0.0	0.0015	0.034482758620689655	0.05263157894736842	0.15	0.1111111111111111	0.09090909090909091	0.0	0.0	0.0	0.0	0.0	0.0	0.0	0.0	0.0	0.18181818181818182	0.07142857142857142	0.0	0.0	0.09523809523809523	0.0	0.0	0.0	0.0	0.0	0.03636363636363636	0.04081632653061224	0.0	0.0	0.0	0.0	0.0	0.0	0.0	
Calidris sp.	0.0	0.0	0.0	0.0	0.0	0.0	0.0	0.0	0.0	0.0	0.0	0.0	0.0	0.0	0.0	0.0	0.0	0.0	0.0	0.09090909090909091	0.0	0.0	0.0	0.0	0.0	0.0	0.0	0.0	0.0	0.0	0.0	0.0	0.0	0.0	0.0	0.0	0.0	0.0	0.0	0.0	0.0	0.0	0.0	0.0	0.0	0.0	0.0	0.0	
Short-billed Dowitcher	0.0	0.0	0.0	0.0	0.0	0.0	0.0	0.0	0.0	0.0	0.0	0.0	0.0	0.0	0.09090909090909091	0.0	0.10526315789473684	0.0	0.1111111111111111	0.0	0.0	0.0	0.0	0.14285714285714285	0.0	0.0	0.0	0.0015	0.0	0.0	0.0	0.038461538461538464	0.0	0.0	0.0	0.0	0.0	0.0	0.0	0.0	0.0	0.0	0.0	0.0	0.0	0.0	0.0	0.0	
Long-billed Dowitcher	0.0	0.0	0.0	0.0	0.0	0.0	0.0	0.0	0.0	0.0	0.0	0.0	0.0	0.0	0.0	0.0	0.05263157894736842	0.25	0.1111111111111111	0.0	0.0	0.0	0.0	0.0	0.0	0.0	0.0	0.0	0.0	0.0	0.07142857142857142	0.0	0.0	0.0	0.18181818181818182	0.0	0.0	0.0	0.0	0.0	0.02040816326530612	0.0	0.0	0.2	0.0	0.0	0.0	0.0	
Short-billed/Long-billed Dowitcher	0.0	0.0	0.0	0.0	0.0	0.0	0.0	0.0	0.0	0.0	0.0	0.0	0.0	0.0	0.0	0.0	0.0	0.0	0.0	0.0	0.0	0.0	0.0	0.0	0.0	0.0	0.0	0.0	0.0	0.0	0.0	0.038461538461538464	0.0	0.0	0.0	0.0	0.0	0.0	0.0	0.01818181818181818	0.0	0.0	0.0	0.0	0.0	0.0	0.0	0.0	
Wilson's Snipe	0.16666666666666666	0.2	0.0	0.3333333333333333	0.5	0.0	0.0	0.0	0.0	0.25	0.0	0.08333333333333333	0.2	0.0	0.0	0.0	0.0	0.0	0.0	0.0	0.0	0.0	0.0	0.0	0.0	0.0	0.0	0.0	0.0	0.0	0.0	0.0	0.0	0.0	0.0	0.08823529411764706	0.07142857142857142	0.0	0.034482758620689655	0.2	0.08163265306122448	0.13953488372093023	0.06896551724137931	0.4	0.1	0.5	0.2857142857142857	0.0	
Wilson's Phalarope	0.0	0.0	0.0	0.0	0.0	0.0	0.0	0.0	0.0	0.0	0.0	0.0	0.0	0.0	0.0	0.0	0.0	0.0	0.0	0.09090909090909091	0.0	0.0	0.0	0.0	0.0	0.0	0.0	0.0	0.0	0.0	0.0	0.0	0.0	0.0	0.0	0.0	0.0	0.0	0.0	0.0	0.0	0.0	0.0	0.0	0.0	0.0	0.0	0.0	
Red-necked Phalarope	0.0	0.0	0.0	0.0	0.0	0.0	0.0	0.0	0.0	0.0	0.0	0.0	0.0	0.0	0.0	0.0	0.0	0.05	0.0	0.0	0.0	0.0	0.0	0.0	0.0	0.0	0.0	0.0	0.0	0.0015	0.14285714285714285	0.038461538461538464	0.0015	0.0	0.0	0.0	0.0	0.0	0.0	0.0	0.0	0.0	0.0	0.0	0.0	0.0	0.0	0.0	
Red Phalarope	0.0	0.0	0.0	0.0	0.0	0.0	0.0	0.0	0.0	0.0	0.0	0.0	0.0	0.0	0.0	0.0	0.0	0.0	0.0	0.0	0.0	0.0	0.0	0.0	0.0	0.0	0.0	0.0	0.0	0.0	0.0	0.0	0.0	0.0	0.0	0.0	0.0	0.0	0.034482758620689655	0.0	0.0015	0.023255813953488372	0.06896551724137931	0.2	0.0	0.25	0.0	0.0	
Spotted Sandpiper	0.0	0.0	0.0	0.0	0.0	0.0	0.0	0.0	0.0	0.0	0.0	0.0	0.0	0.0	0.0	0.0	0.10526315789473684	0.1	0.1111111111111111	0.09090909090909091	0.0	0.1	0.0	0.0	0.0	0.0	0.0	0.0	0.0	0.09090909090909091	0.14285714285714285	0.0	0.0	0.0	0.0	0.0	0.0	0.0	0.034482758620689655	0.0	0.0	0.0	0.0	0.0	0.0	0.0	0.0	0.0	
Wandering Tattler	0.0	0.0	0.0	0.0	0.0	0.0	0.0	0.0	0.0	0.0	0.0	0.0	0.0	0.0	0.0	0.0	0.0	0.05	0.0	0.0	0.0	0.0	0.0	0.0	0.0	0.0	0.0	0.0	0.0	0.0015	0.0	0.0	0.0	0.0	0.0	0.0	0.0	0.0	0.0	0.0	0.0	0.0	0.0	0.0	0.0	0.0	0.0	0.0	
Greater Yellowlegs	0.0	0.0	0.0	0.0	0.0	0.0	0.0	0.0	0.0	0.0	0.0	0.0	0.6	0.1111111111111111	0.09090909090909091	0.06896551724137931	0.21052631578947367	0.25	0.2222222222222222	0.09090909090909091	0.0	0.1	0.0	0.0	0.0	0.0	0.0	0.0015	0.0	0.18181818181818182	0.14285714285714285	0.07692307692307693	0.22727272727272727	0.09523809523809523	0.0	0.0	0.0	0.0	0.0	0.03636363636363636	0.0	0.0	0.0	0.0	0.0	0.25	0.0	0.0	
Lesser Yellowlegs	0.0	0.0	0.0	0.0	0.0	0.0	0.0	0.0	0.0	0.0	0.0	0.0	0.0	0.0	0.0	0.0	0.0	0.0	0.0	0.0	0.0	0.0	0.0	0.0	0.0	0.0	0.0	0.0	0.0	0.0	0.07142857142857142	0.07692307692307693	0.045454545454545456	0.0	0.0	0.0	0.0	0.0	0.0	0.0	0.0	0.0	0.0	0.0	0.0	0.0	0.0	0.0	
shorebird sp.	0.0	0.0	0.0	0.0	0.0	0.0	0.0	0.0	0.0	0.0	0.0	0.0	0.0	0.0	0.0	0.0	0.0	0.0	0.0	0.0	0.0	0.0	0.0	0.0	0.0	0.0	0.0	0.0	0.0	0.0	0.0	0.0	0.0	0.0	0.0	0.0	0.0	0.0	0.0	0.0	0.0	0.023255813953488372	0.0	0.0	0.0	0.0	0.0	0.0	
Parasitic Jaeger	0.0	0.0	0.0	0.0	0.0	0.0	0.0	0.0	0.0	0.0	0.0	0.0	0.0	0.0	0.0	0.0	0.0	0.0	0.0	0.0	0.0	0.0	0.0	0.0	0.0	0.0	0.0	0.0	0.0	0.0	0.0	0.0	0.0	0.0	0.0	0.0	0.0	0.0	0.0	0.01818181818181818	0.0	0.0	0.0	0.0	0.0	0.0	0.0	0.0	
jaeger sp.	0.0	0.0	0.0	0.0	0.0	0.0	0.0	0.0	0.0	0.0	0.0	0.0	0.0	0.0	0.0	0.0	0.0	0.0	0.0	0.0	0.0	0.0	0.0	0.0	0.0	0.0	0.0	0.0	0.0	0.0	0.0	0.0	0.045454545454545456	0.0	0.0	0.0	0.0	0.0	0.0	0.0	0.0	0.0	0.0	0.0	0.0	0.0	0.0	0.0	
Common Murre	0.0	0.0	0.0	0.0	0.0	0.0	0.0	0.0	0.0	0.0	0.0	0.08333333333333333	0.0	0.0	0.0	0.0	0.0	0.0	0.0	0.09090909090909091	0.25	0.0	0.0	0.14285714285714285	0.0	0.14285714285714285	0.0	0.4	0.25	0.2727272727272727	0.21428571428571427	0.038461538461538464	0.0	0.09523809523809523	0.2727272727272727	0.11764705882352941	0.14285714285714285	0.0	0.0	0.12727272727272726	0.0	0.046511627906976744	0.0	0.0	0.0	0.0	0.14285714285714285	0.0	
Thick-billed Murre	0.0	0.0	0.0	0.0	0.0	0.0	0.0	0.0	0.0	0.0	0.0	0.0	0.0	0.0	0.0	0.0	0.0	0.0	0.0	0.0	0.0	0.0	0.3333333333333333	0.0	0.0	0.0	0.0	0.0	0.0	0.0	0.0	0.0	0.0	0.0	0.0	0.0	0.0	0.0	0.0	0.0	0.0	0.0	0.0	0.0	0.0	0.0	0.0	0.0	
Pigeon Guillemot	0.0	0.0	0.0	0.0	0.0	0.0	0.3333333333333333	0.0	0.0	0.0	0.0	0.08333333333333333	0.2	0.0	0.045454545454545456	0.034482758620689655	0.0	0.05	0.1111111111111111	0.09090909090909091	0.0	0.0	0.0	0.0	0.0	0.14285714285714285	0.0	0.2	0.125	0.09090909090909091	0.14285714285714285	0.07692307692307693	0.0	0.0	0.0	0.029411764705882353	0.0	0.0	0.0	0.0	0.0	0.023255813953488372	0.0	0.0	0.0	0.0	0.14285714285714285	0.0	
Marbled Murrelet	0.0	0.0	0.3333333333333333	0.0	0.0	0.0	0.0	0.0	0.0	0.0	0.0	0.08333333333333333	0.0	0.0	0.045454545454545456	0.0	0.0	0.0	0.0	0.0	0.25	0.0	0.0	0.0	0.0	0.14285714285714285	1.0	0.0	0.125	0.09090909090909091	0.07142857142857142	0.038461538461538464	0.0	0.09523809523809523	0.0	0.0	0.0	0.0	0.0	0.0	0.02040816326530612	0.0	0.0	0.0	0.0	0.0	0.0	0.0	
murrelet sp.	0.0	0.0	0.0	0.0	0.0	0.0	0.0	0.0	0.0	0.0	0.0	0.0	0.0	0.0	0.0	0.0	0.0	0.0	0.0	0.0	0.0	0.0	0.0	0.0	0.0	0.0	0.0	0.0	0.0	0.09090909090909091	0.0	0.0	0.0	0.0	0.0	0.0	0.0	0.0	0.0	0.0	0.0	0.0	0.0	0.0	0.0	0.0	0.0	0.0	
Cassin's Auklet	0.16666666666666666	0.0	0.0	0.0	0.0	0.0	0.0	0.0	0.0	0.0	0.0	0.0	0.0	0.0	0.0	0.0	0.0	0.0	0.0	0.0	0.0	0.0	0.0	0.0	0.0	0.0	0.0	0.0	0.0	0.0	0.07142857142857142	0.0	0.0	0.0	0.0	0.0	0.0	0.0	0.0	0.01818181818181818	0.0	0.0	0.0	0.0	0.0	0.0	0.0	0.0	
Parakeet Auklet	0.0	0.0	0.0	0.0	0.0	0.0	0.0	0.0015	0.0	0.0	0.0	0.0	0.0	0.0	0.0	0.0	0.0	0.0	0.0	0.0	0.0	0.0	0.0	0.0	0.0	0.0	0.0	0.0	0.0	0.0	0.0	0.0	0.0	0.0	0.0	0.0	0.0	0.0	0.0	0.0	0.0	0.0	0.0	0.0	0.0	0.0	0.0	0.0	
Rhinoceros Auklet	0.0	0.0	0.0	0.0	0.0	0.0	0.0	0.0	0.0	0.0	0.0	0.08333333333333333	0.0	0.0	0.0	0.0	0.05263157894736842	0.0	0.2222222222222222	0.09090909090909091	0.25	0.0	0.3333333333333333	0.14285714285714285	0.0	0.14285714285714285	1.0	0.2	0.25	0.18181818181818182	0.21428571428571427	0.038461538461538464	0.045454545454545456	0.047619047619047616	0.0	0.029411764705882353	0.0	0.0	0.0	0.03636363636363636	0.0	0.0	0.0	0.0	0.0	0.0	0.0	0.0	
Tufted Puffin	0.0	0.0	0.0	0.0	0.0	0.0	0.0	0.0	0.0	0.0	0.0	0.0	0.0	0.0	0.0	0.0	0.0	0.0	0.0	0.0	0.0	0.0	0.0	0.0	0.0	0.0	0.0	0.0	0.0	0.09090909090909091	0.0	0.0	0.0	0.0	0.0	0.0	0.0	0.0	0.0	0.0	0.0	0.0	0.0	0.0	0.0	0.0	0.0	0.0	
alcid sp.	0.0	0.0	0.0	0.0	0.0	0.0	0.0	0.0	0.0	0.0	0.0	0.0	0.0	0.0	0.0	0.0	0.0	0.0	0.1111111111111111	0.0	0.0	0.0	0.0	0.0	0.0	0.0	0.0	0.2	0.0	0.0	0.0	0.0	0.0	0.047619047619047616	0.0	0.0	0.0	0.0	0.0	0.0	0.0	0.0	0.0	0.0	0.0	0.0	0.0	0.0	
Black-legged Kittiwake	0.0	0.0	0.0	0.0	0.0	0.0	0.0	0.0	0.0	0.0	0.0	0.0	0.2	0.0	0.0	0.0	0.0	0.0	0.0	0.0015	0.0	0.0	0.0	0.0	0.0	0.0	0.0	0.0	0.0	0.0	0.0	0.0	0.0	0.0	0.0	0.0	0.0	0.058823529411764705	0.034482758620689655	0.07272727272727272	0.0	0.0	0.034482758620689655	0.0	0.0	0.5	0.0	0.0	
Red-legged Kittiwake	0.0	0.0	0.0	0.0	0.0	0.0	0.0	0.0	0.0	0.0	0.0	0.0	0.0	0.0	0.0	0.0	0.0	0.0	0.0	0.0	0.0	0.0	0.0	0.0	0.0	0.0	0.0	0.0	0.0	0.0	0.0	0.0	0.0	0.0	0.0	0.0	0.0	0.0	0.0	0.0	0.0	0.0	0.0	0.0	0.0	0.0	0.0015	0.0	
Sabine's Gull	0.0	0.0	0.0	0.0	0.0	0.0	0.0	0.0	0.0	0.0	0.0	0.0	0.0	0.0	0.0	0.0	0.0	0.0	0.0	0.0	0.0	0.0	0.0	0.0	0.0	0.0	0.0	0.0	0.0	0.0	0.0	0.0	0.0	0.0	0.0	0.058823529411764705	0.0	0.0	0.0	0.0	0.0	0.0	0.0	0.0	0.0	0.0	0.0	0.0	
Bonaparte's Gull	0.0	0.0	0.0	0.0	0.0	0.0	0.0	0.0	0.0	0.0	0.0	0.0	0.2	0.2222222222222222	0.0	0.034482758620689655	0.10526315789473684	0.0	0.1111111111111111	0.0	0.0	0.1	0.0	0.0	0.0	0.0	0.0	0.0015	0.0	0.0	0.0	0.0	0.0	0.09523809523809523	0.0	0.0	0.0	0.0	0.06896551724137931	0.09090909090909091	0.061224489795918366	0.046511627906976744	0.0	0.1	0.0	0.0	0.0	0.0	
Little Gull	0.0	0.0	0.0	0.0	0.0	0.0	0.0	0.0	0.0	0.0	0.0	0.0	0.0	0.0	0.0	0.0	0.0	0.0	0.0015	0.0	0.0	0.0	0.0	0.0	0.0	0.0	0.0	0.0015	0.0	0.0	0.0	0.0	0.0	0.0	0.0	0.0	0.0	0.0	0.0	0.0	0.0	0.0	0.0	0.0	0.0	0.0	0.0	0.0	
Franklin's Gull	0.0	0.0	0.0	0.0	0.0	0.0	0.0	0.0	0.0	0.0	0.0	0.0	0.0	0.0	0.0	0.0	0.0	0.0	0.0	0.0	0.0	0.0	0.0	0.0	0.0	0.0	0.0	0.0	0.0	0.0	0.0	0.038461538461538464	0.0	0.0	0.0	0.0	0.0	0.0	0.0	0.0	0.0	0.0	0.0	0.0	0.0	0.0	0.0	0.0	
Heermann's Gull	0.0	0.0	0.0	0.0	0.0	0.0	0.0	0.0	0.0	0.0	0.0	0.0	0.0	0.0	0.0	0.0	0.0	0.0	0.0	0.0	0.0	0.0	0.0	0.14285714285714285	0.0	0.14285714285714285	0.0	0.2	0.25	0.18181818181818182	0.07142857142857142	0.07692307692307693	0.18181818181818182	0.47619047619047616	0.5454545454545454	0.6470588235294118	0.5	0.7058823529411765	0.3103448275862069	0.34545454545454546	0.20408163265306123	0.023255813953488372	0.0	0.0	0.0	0.0	0.0	0.0	
Mew Gull	0.3333333333333333	0.4	0.6666666666666666	0.6666666666666666	1.0	1.0	0.6666666666666666	0.6	0.3333333333333333	0.75	0.3	0.5833333333333334	0.6	0.3333333333333333	0.2727272727272727	0.2413793103448276	0.2631578947368421	0.0	0.0	0.09090909090909091	0.0	0.0	0.0	0.0	0.0	0.0	0.0	0.0	0.0	0.0	0.0	0.038461538461538464	0.0	0.0015	0.0	0.17647058823529413	0.2857142857142857	0.7058823529411765	0.4482758620689655	0.6363636363636364	0.6326530612244898	0.4883720930232558	0.4827586206896552	0.5	0.6	0.75	0.5714285714285714	0.7142857142857143	
Ring-billed Gull	0.0	0.0	0.0	0.0	0.0	0.0	0.0	0.2	0.0	0.0	0.0	0.08333333333333333	0.0	0.1111111111111111	0.13636363636363635	0.13793103448275862	0.21052631578947367	0.05	0.1111111111111111	0.0	0.0	0.0	0.0	0.0	0.5	0.0	0.0	0.2	0.375	0.0	0.14285714285714285	0.038461538461538464	0.13636363636363635	0.09523809523809523	0.18181818181818182	0.14705882352941177	0.14285714285714285	0.11764705882352941	0.10344827586206896	0.09090909090909091	0.0	0.023255813953488372	0.06896551724137931	0.1	0.0	0.25	0.0	0.0	
Western Gull	0.16666666666666666	0.0	0.3333333333333333	0.0	0.0	0.3333333333333333	0.3333333333333333	0.2	0.3333333333333333	0.0	0.0	0.25	0.2	0.0	0.045454545454545456	0.10344827586206896	0.05263157894736842	0.1	0.1111111111111111	0.18181818181818182	0.25	0.1	0.0	0.0	0.0	0.14285714285714285	0.0	0.0	0.125	0.18181818181818182	0.14285714285714285	0.19230769230769232	0.13636363636363635	0.42857142857142855	0.45454545454545453	0.35294117647058826	0.21428571428571427	0.35294117647058826	0.06896551724137931	0.2727272727272727	0.42857142857142855	0.3023255813953488	0.1724137931034483	0.2	0.2	0.5	0.2857142857142857	0.14285714285714285	
California Gull	0.16666666666666666	0.2	0.3333333333333333	0.3333333333333333	0.0015	0.3333333333333333	0.0	0.4	0.0	0.5	0.2	0.5833333333333334	0.6	0.0	0.22727272727272727	0.3793103448275862	0.3684210526315789	0.15	0.3333333333333333	0.36363636363636365	0.75	0.6	0.6666666666666666	0.42857142857142855	0.0015	0.42857142857142855	1.0	0.6	0.625	0.6363636363636364	0.7857142857142857	0.8846153846153846	0.8636363636363636	0.8571428571428571	0.8181818181818182	0.8823529411764706	0.8571428571428571	1.0	0.6896551724137931	0.8363636363636363	0.7551020408163265	0.7209302325581395	0.6551724137931034	0.4	0.3	0.75	0.2857142857142857	0.14285714285714285	
Herring Gull	0.3333333333333333	0.2	0.3333333333333333	0.6666666666666666	0.5	0.3333333333333333	0.0	0.6	0.3333333333333333	0.25	0.0	0.3333333333333333	0.8	0.0	0.09090909090909091	0.27586206896551724	0.21052631578947367	0.05	0.1111111111111111	0.0	0.0	0.0	0.0	0.0	0.0	0.0	0.0	0.0	0.0	0.0	0.07142857142857142	0.07692307692307693	0.13636363636363635	0.23809523809523808	0.5454545454545454	0.4411764705882353	0.42857142857142855	0.7058823529411765	0.5172413793103449	0.5818181818181818	0.6122448979591837	0.4883720930232558	0.3793103448275862	0.4	0.4	0.75	0.2857142857142857	0.0	
Iceland Gull	0.3333333333333333	0.2	0.0	0.6666666666666666	0.5	0.3333333333333333	0.0	0.4	0.0	0.0	0.0	0.25	0.4	0.0	0.045454545454545456	0.13793103448275862	0.10526315789473684	0.0	0.2222222222222222	0.0	0.0	0.0	0.0	0.0	0.0	0.0	0.0	0.0	0.0	0.0	0.0	0.0	0.045454545454545456	0.0	0.09090909090909091	0.23529411764705882	0.21428571428571427	0.47058823529411764	0.3103448275862069	0.5636363636363636	0.5306122448979592	0.46511627906976744	0.3793103448275862	0.4	0.5	0.75	0.5714285714285714	0.42857142857142855	
Herring/Iceland Gull	0.0	0.0	0.0	0.0	0.0	0.0	0.0	0.0	0.0	0.0	0.0	0.0	0.0	0.0	0.0	0.0	0.0	0.0	0.0	0.0	0.0	0.0	0.0	0.0	0.0	0.0	0.0	0.0	0.0	0.0	0.0	0.0	0.0	0.0	0.0	0.0	0.0	0.0	0.0	0.0	0.0	0.0	0.0	0.1	0.0	0.0	0.0	0.0	
Slaty-backed Gull	0.0	0.0	0.0	0.0	0.0	0.0	0.0	0.0	0.0	0.0	0.0	0.0	0.0	0.0	0.0	0.0	0.0	0.0	0.0	0.0	0.0	0.0	0.0	0.0	0.0	0.0	0.0	0.0	0.0	0.0	0.0	0.0	0.0	0.0	0.0	0.0	0.0	0.0	0.034482758620689655	0.01818181818181818	0.02040816326530612	0.0	0.0	0.0	0.0	0.0	0.0	0.0	
Glaucous-winged Gull	0.3333333333333333	0.4	0.3333333333333333	0.6666666666666666	0.5	1.0	0.3333333333333333	0.6	0.3333333333333333	0.5	0.1	0.5	0.4	0.2222222222222222	0.18181818181818182	0.20689655172413793	0.42105263157894735	0.15	0.4444444444444444	0.5454545454545454	0.5	0.2	0.3333333333333333	0.2857142857142857	0.0015	0.14285714285714285	0.0015	0.2	0.625	0.45454545454545453	0.35714285714285715	0.6153846153846154	0.4090909090909091	0.42857142857142855	0.36363636363636365	0.5882352941176471	0.42857142857142855	0.6470588235294118	0.4827586206896552	0.5272727272727272	0.7142857142857143	0.4418604651162791	0.3448275862068966	0.3	0.5	0.75	0.42857142857142855	0.5714285714285714	
Western x Glaucous-winged Gull (hybrid)	0.3333333333333333	0.4	0.0	0.3333333333333333	0.5	0.0	0.0	0.2	0.3333333333333333	0.0	0.1	0.5	0.4	0.1111111111111111	0.13636363636363635	0.27586206896551724	0.3684210526315789	0.25	0.1111111111111111	0.36363636363636365	0.25	0.1	0.0	0.0	0.0	0.14285714285714285	1.0	0.2	0.375	0.36363636363636365	0.42857142857142855	0.34615384615384615	0.36363636363636365	0.3333333333333333	0.5454545454545454	0.38235294117647056	0.35714285714285715	0.29411764705882354	0.41379310344827586	0.38181818181818183	0.40816326530612246	0.4418604651162791	0.3793103448275862	0.3	0.2	0.75	0.2857142857142857	0.14285714285714285	
Herring x Glaucous-winged Gull (hybrid)	0.0	0.2	0.0	0.3333333333333333	0.0	0.0	0.0	0.2	0.0	0.0	0.0	0.0	0.0	0.0	0.0	0.0	0.0	0.0	0.0	0.0	0.0	0.0	0.0	0.0	0.0	0.0	0.0	0.0	0.0	0.0	0.0	0.0	0.0	0.047619047619047616	0.09090909090909091	0.029411764705882353	0.0	0.11764705882352941	0.13793103448275862	0.12727272727272726	0.08163265306122448	0.023255813953488372	0.034482758620689655	0.0	0.0	0.0	0.0	0.0	
Western/Glaucous-winged Gull	0.0	0.0	0.0015	0.0	0.0	0.3333333333333333	0.3333333333333333	0.0	0.0	0.0	0.1	0.08333333333333333	0.4	0.2222222222222222	0.22727272727272727	0.10344827586206896	0.3157894736842105	0.15	0.3333333333333333	0.09090909090909091	0.0	0.1	0.0	0.14285714285714285	0.0015	0.14285714285714285	0.0	0.0	0.125	0.18181818181818182	0.07142857142857142	0.38461538461538464	0.2727272727272727	0.42857142857142855	0.18181818181818182	0.17647058823529413	0.2857142857142857	0.4117647058823529	0.2413793103448276	0.23636363636363636	0.2857142857142857	0.20930232558139536	0.06896551724137931	0.2	0.0	0.0	0.14285714285714285	0.0	
Glaucous Gull	0.0	0.0	0.0	0.0	0.0	0.0	0.0	0.0	0.0	0.0	0.0	0.0	0.0	0.0	0.0	0.06896551724137931	0.0	0.0	0.0	0.0	0.0	0.0	0.0	0.0	0.0	0.0	0.0	0.0	0.0	0.0	0.0	0.0	0.0	0.0	0.0	0.0	0.0	0.0	0.0	0.01818181818181818	0.02040816326530612	0.0	0.0	0.0	0.0	0.0	0.0	0.0	
Larus sp.	0.16666666666666666	0.6	0.0	0.0	0.5	0.3333333333333333	0.0	0.4	0.0	0.25	0.2	0.0	0.2	0.2222222222222222	0.09090909090909091	0.2413793103448276	0.10526315789473684	0.1	0.1111111111111111	0.09090909090909091	0.0	0.0	0.0	0.0	0.0	0.0	0.0	0.0	0.125	0.18181818181818182	0.07142857142857142	0.15384615384615385	0.09090909090909091	0.09523809523809523	0.09090909090909091	0.08823529411764706	0.2857142857142857	0.29411764705882354	0.1724137931034483	0.21818181818181817	0.10204081632653061	0.16279069767441862	0.20689655172413793	0.2	0.2	0.0	0.2857142857142857	0.5714285714285714	
gull sp.	0.16666666666666666	0.2	0.0	0.6666666666666666	0.0	0.0	0.3333333333333333	0.4	0.6666666666666666	0.75	0.1	0.25	0.0	0.4444444444444444	0.09090909090909091	0.10344827586206896	0.10526315789473684	0.15	0.1111111111111111	0.18181818181818182	0.0	0.0	0.0	0.0	0.5	0.2857142857142857	0.0	0.0	0.0	0.0015	0.07142857142857142	0.07692307692307693	0.13636363636363635	0.0	0.09090909090909091	0.17647058823529413	0.07142857142857142	0.23529411764705882	0.1724137931034483	0.16363636363636364	0.3877551020408163	0.16279069767441862	0.3103448275862069	0.1	0.3	0.0	0.14285714285714285	0.14285714285714285	
Caspian Tern	0.0	0.0	0.0	0.0	0.0	0.0	0.0	0.0	0.0	0.0	0.0	0.0	0.0	0.2222222222222222	0.18181818181818182	0.2413793103448276	0.3157894736842105	0.2	0.2222222222222222	0.45454545454545453	0.5	0.0	0.0	0.42857142857142855	0.5	0.14285714285714285	0.0	0.2	0.125	0.09090909090909091	0.0	0.11538461538461539	0.0	0.09523809523809523	0.0	0.0	0.0	0.0	0.034482758620689655	0.0	0.0	0.0	0.0	0.0	0.0	0.0	0.0	0.0	
Common Tern	0.0	0.0	0.0	0.0	0.0	0.0	0.0	0.0	0.0	0.0	0.0	0.0	0.0	0.0	0.0	0.0	0.0	0.0	0.0	0.0	0.0	0.0	0.0	0.0	0.0	0.14285714285714285	0.0	0.0	0.0	0.0	0.0	0.0	0.0	0.0	0.0	0.0	0.0	0.0	0.0	0.0	0.0	0.0	0.0	0.0	0.0	0.0	0.0	0.0	
Arctic Tern	0.0	0.0	0.0	0.0	0.0	0.0	0.0	0.0	0.0	0.0	0.0	0.0	0.0	0.0	0.0	0.0	0.0	0.0	0.0	0.0	0.0	0.0	0.0	0.0	0.0	0.0	0.0	0.0	0.0	0.0	0.0	0.0	0.0	0.047619047619047616	0.0	0.0	0.0	0.0	0.0	0.0	0.0	0.0	0.0	0.0	0.0	0.0	0.0	0.0	
Common/Arctic Tern	0.0	0.0	0.0	0.0	0.0	0.0	0.0	0.0	0.0	0.0	0.0	0.0	0.0	0.0	0.0	0.0	0.0	0.0	0.0	0.0	0.0	0.0	0.0	0.0	0.0	0.0	0.0	0.0	0.0	0.09090909090909091	0.0	0.0	0.0	0.0	0.0	0.0	0.0	0.0	0.0	0.0	0.0	0.0	0.0	0.0	0.0	0.0	0.0	0.0	
Red-throated Loon	0.0	0.2	0.0	0.0	0.0	0.0	0.0	0.0	0.0	0.0	0.3	0.08333333333333333	0.4	0.1111111111111111	0.09090909090909091	0.1724137931034483	0.05263157894736842	0.05	0.2222222222222222	0.09090909090909091	0.25	0.1	0.0	0.14285714285714285	0.0	0.0	0.0	0.2	0.25	0.0	0.2857142857142857	0.15384615384615385	0.22727272727272727	0.42857142857142855	0.36363636363636365	0.14705882352941177	0.2857142857142857	0.4117647058823529	0.1724137931034483	0.18181818181818182	0.1836734693877551	0.13953488372093023	0.10344827586206896	0.1	0.0	0.0	0.14285714285714285	0.0	
Pacific Loon	0.0	0.0	0.0	0.0	0.0	0.0	0.0	0.0	0.0	0.0	0.0	0.0	0.0	0.0	0.0	0.06896551724137931	0.0	0.1	0.1111111111111111	0.0	0.25	0.0	0.0	0.14285714285714285	0.5	0.14285714285714285	0.0	0.4	0.125	0.09090909090909091	0.14285714285714285	0.07692307692307693	0.045454545454545456	0.19047619047619047	0.09090909090909091	0.058823529411764705	0.14285714285714285	0.058823529411764705	0.0	0.01818181818181818	0.10204081632653061	0.06976744186046512	0.0	0.1	0.0	0.25	0.14285714285714285	0.0	
Common Loon	0.0	0.0	0.0	0.0	0.0	0.0	0.3333333333333333	0.0	0.0	0.25	0.1	0.08333333333333333	0.0	0.1111111111111111	0.09090909090909091	0.13793103448275862	0.05263157894736842	0.25	0.4444444444444444	0.5454545454545454	0.5	0.2	0.0	0.0	0.0	0.2857142857142857	0.0	0.4	0.625	0.2727272727272727	0.21428571428571427	0.15384615384615385	0.13636363636363635	0.2857142857142857	0.45454545454545453	0.3235294117647059	0.2857142857142857	0.17647058823529413	0.034482758620689655	0.18181818181818182	0.14285714285714285	0.09302325581395349	0.13793103448275862	0.2	0.1	0.5	0.2857142857142857	0.14285714285714285	
loon sp.	0.0	0.2	0.0	0.0	0.0	0.0	0.0	0.0	0.0	0.0	0.0	0.0	0.0	0.1111111111111111	0.0	0.0	0.05263157894736842	0.05	0.0	0.0	0.0	0.0	0.0	0.0	0.0	0.0	0.0	0.2	0.0015	0.0	0.0	0.07692307692307693	0.0	0.14285714285714285	0.18181818181818182	0.0	0.0	0.0	0.0	0.05454545454545454	0.04081632653061224	0.0	0.0	0.0	0.0	0.0	0.0	0.0	
Fork-tailed Storm-Petrel	0.0	0.0	0.0	0.0	0.0	0.0	0.0	0.0	0.0	0.0	0.0	0.0	0.0	0.0	0.0	0.0	0.0	0.0	0.0	0.0	0.0	0.0	0.0	0.0	0.0	0.0	0.0	0.0	0.0	0.0	0.0	0.0	0.0	0.0	0.0	0.0	0.0	0.0	0.0	0.0	0.0	0.023255813953488372	0.0	0.0	0.0	0.0	0.0	0.0	
Leach's Storm-Petrel	0.0	0.0	0.0	0.0	0.0	0.0	0.0	0.0	0.0	0.0	0.0	0.0	0.0	0.0	0.0	0.0	0.0	0.0	0.0	0.0	0.0	0.0	0.0	0.0	0.0	0.0	0.0	0.0	0.0	0.0	0.0	0.0	0.0	0.0	0.0	0.0	0.0	0.0	0.0	0.0	0.0	0.0	0.0	0.0	0.0	0.25	0.0	0.0	
Northern Fulmar	0.0	0.0	0.0	0.0	0.0	0.0	0.0	0.0	0.0	0.0	0.0	0.0	0.0	0.0	0.0	0.0	0.0	0.0	0.0	0.0	0.0	0.0	0.0	0.0	0.0	0.0	0.0	0.0	0.0	0.0	0.0	0.0	0.0	0.0	0.0	0.0	0.0	0.0	0.0	0.07272727272727272	0.02040816326530612	0.023255813953488372	0.06896551724137931	0.0	0.0	0.0	0.0	0.0	
Sooty Shearwater	0.0	0.0	0.0	0.0	0.0	0.0	0.0	0.0	0.0	0.0	0.0	0.0	0.0	0.0	0.0	0.0	0.0	0.0	0.0	0.0	0.0	0.0	0.0	0.0	0.0	0.2857142857142857	0.0	0.0	0.0	0.0	0.07142857142857142	0.038461538461538464	0.045454545454545456	0.047619047619047616	0.09090909090909091	0.0	0.0015	0.0	0.0	0.0	0.0	0.0	0.0	0.0	0.0	0.0	0.0	0.0	
Sooty/Short-tailed Shearwater	0.0	0.0	0.0	0.0	0.0	0.0	0.0	0.0	0.0	0.0	0.0	0.0	0.0	0.0	0.0	0.0	0.0	0.0	0.0	0.0	0.0	0.0	0.0	0.0	0.0	0.0	0.0	0.0	0.0	0.0	0.0	0.0	0.0	0.0	0.0	0.0	0.0	0.0	0.0	0.0	0.0	0.023255813953488372	0.0	0.0	0.0	0.0	0.0	0.0	
shearwater sp.	0.0	0.0	0.0	0.0	0.0	0.0	0.0	0.0	0.0	0.0	0.0	0.0	0.0	0.0	0.0	0.0	0.0	0.0	0.0	0.0	0.0	0.0	0.0	0.0	0.0	0.0	0.0	0.0	0.0	0.0	0.0	0.0	0.0	0.0	0.0	0.029411764705882353	0.0	0.0	0.0	0.0	0.0	0.0	0.0	0.0	0.0	0.0	0.0	0.0	
Brandt's Cormorant	0.0	0.0	0.3333333333333333	0.3333333333333333	0.0	0.0	0.0	0.0	0.0	0.0	0.0	0.08333333333333333	0.2	0.2222222222222222	0.0	0.034482758620689655	0.0	0.0	0.0	0.0	0.25	0.1	0.0	0.0	0.0	0.14285714285714285	0.0	0.2	0.0	0.0	0.14285714285714285	0.038461538461538464	0.045454545454545456	0.047619047619047616	0.18181818181818182	0.08823529411764706	0.14285714285714285	0.17647058823529413	0.034482758620689655	0.12727272727272726	0.10204081632653061	0.0	0.034482758620689655	0.1	0.1	0.25	0.14285714285714285	0.0	
Pelagic Cormorant	0.16666666666666666	0.2	0.0	0.3333333333333333	0.0	0.0	0.3333333333333333	0.0	0.0	0.0	0.0	0.16666666666666666	0.8	0.2222222222222222	0.045454545454545456	0.13793103448275862	0.10526315789473684	0.15	0.2222222222222222	0.09090909090909091	0.25	0.2	0.3333333333333333	0.14285714285714285	0.0	0.2857142857142857	1.0	0.2	0.625	0.09090909090909091	0.2857142857142857	0.23076923076923078	0.22727272727272727	0.23809523809523808	0.36363636363636365	0.23529411764705882	0.35714285714285715	0.35294117647058826	0.10344827586206896	0.18181818181818182	0.1836734693877551	0.16279069767441862	0.1724137931034483	0.1	0.2	0.25	0.2857142857142857	0.0	
Double-crested Cormorant	0.0	0.2	0.3333333333333333	0.0	0.5	0.0	0.3333333333333333	0.4	0.0	0.25	0.2	0.0	0.2	0.0	0.0	0.06896551724137931	0.05263157894736842	0.05	0.3333333333333333	0.09090909090909091	0.0	0.0	0.0	0.0	0.0	0.0	1.0	0.4	0.125	0.0	0.07142857142857142	0.11538461538461539	0.18181818181818182	0.38095238095238093	0.36363636363636365	0.38235294117647056	0.42857142857142855	0.47058823529411764	0.27586206896551724	0.23636363636363636	0.30612244897959184	0.09302325581395349	0.034482758620689655	0.1	0.1	0.5	0.0	0.14285714285714285	
cormorant sp.	0.0	0.6	0.0015	0.0	0.0	0.3333333333333333	0.0	0.2	0.0	0.0	0.0	0.16666666666666666	0.2	0.0	0.13636363636363635	0.034482758620689655	0.05263157894736842	0.1	0.1111111111111111	0.18181818181818182	0.25	0.0	0.0	0.0	0.0015	0.2857142857142857	0.0	0.2	0.125	0.2727272727272727	0.0	0.15384615384615385	0.13636363636363635	0.19047619047619047	0.09090909090909091	0.058823529411764705	0.07142857142857142	0.17647058823529413	0.10344827586206896	0.09090909090909091	0.16326530612244897	0.046511627906976744	0.06896551724137931	0.0	0.0	0.0	0.14285714285714285	0.0	
Brown Pelican	0.0	0.0	0.0	0.0	0.0	0.0	0.0	0.0	0.0	0.0	0.0	0.0	0.0	0.0	0.0	0.0	0.0	0.0	0.0	0.0	0.0	0.0	0.0	0.0	0.0	0.0	0.0	0.0	0.0	0.0	0.07142857142857142	0.07692307692307693	0.09090909090909091	0.19047619047619047	0.36363636363636365	0.29411764705882354	0.35714285714285715	0.058823529411764705	0.0	0.0	0.02040816326530612	0.0	0.0	0.0	0.0	0.0	0.0	0.0	
Great Blue Heron	0.3333333333333333	0.2	0.3333333333333333	0.3333333333333333	0.5	0.3333333333333333	0.0	0.2	0.0	0.25	0.2	0.25	0.6	0.1111111111111111	0.13636363636363635	0.06896551724137931	0.10526315789473684	0.05	0.1111111111111111	0.2727272727272727	0.5	0.2	0.0	0.14285714285714285	0.0	0.14285714285714285	0.0	0.2	0.375	0.8181818181818182	0.35714285714285715	0.4230769230769231	0.5	0.38095238095238093	0.5454545454545454	0.5588235294117647	0.6428571428571429	0.35294117647058826	0.4482758620689655	0.4909090909090909	0.3673469387755102	0.27906976744186046	0.2413793103448276	0.1	0.1	0.25	0.2857142857142857	0.14285714285714285	
Green Heron	0.0	0.0	0.0	0.0	0.0	0.0	0.0	0.0	0.0	0.0	0.0	0.0	0.0	0.0	0.0	0.0	0.05263157894736842	0.0	0.0	0.0	0.0	0.0	0.0	0.0	0.0	0.0	0.0	0.0	0.0	0.0	0.0	0.0	0.0	0.0	0.0	0.0	0.0	0.0	0.0	0.0	0.0	0.0	0.0	0.0	0.0	0.0	0.0	0.0	
Turkey Vulture	0.0	0.0	0.0	0.0	0.0	0.0	0.0	0.0	0.0	0.0	0.0	0.0	0.2	0.1111111111111111	0.09090909090909091	0.10344827586206896	0.2631578947368421	0.25	0.4444444444444444	0.09090909090909091	0.25	0.1	0.3333333333333333	0.14285714285714285	0.0	0.0	0.0	0.2	0.0	0.18181818181818182	0.0	0.038461538461538464	0.13636363636363635	0.0	0.0	0.17647058823529413	0.07142857142857142	0.0	0.0	0.0	0.0	0.0	0.0	0.0	0.0	0.0	0.0	0.0	
Osprey	0.0	0.0	0.0	0.0	0.0	0.0	0.0	0.0	0.0	0.0	0.0	0.0	0.0	0.1111111111111111	0.045454545454545456	0.0	0.10526315789473684	0.05	0.2222222222222222	0.09090909090909091	0.25	0.1	0.0015	0.0	0.0	0.14285714285714285	0.0	0.2	0.0	0.09090909090909091	0.14285714285714285	0.0	0.0	0.0015	0.09090909090909091	0.0	0.07142857142857142	0.0	0.0	0.0	0.0	0.0	0.0	0.0	0.0	0.0	0.0	0.0	
Northern Harrier	0.0	0.0	0.0	0.0	0.0	0.0	0.0	0.0	0.0	0.0	0.0	0.25	0.2	0.0	0.045454545454545456	0.034482758620689655	0.05263157894736842	0.0	0.0	0.0	0.0	0.0	0.0	0.0	0.0	0.0	0.0	0.0	0.0	0.18181818181818182	0.2857142857142857	0.038461538461538464	0.18181818181818182	0.0	0.09090909090909091	0.058823529411764705	0.14285714285714285	0.0	0.13793103448275862	0.01818181818181818	0.08163265306122448	0.13953488372093023	0.034482758620689655	0.0	0.0	0.0	0.14285714285714285	0.0	
Sharp-shinned Hawk	0.0	0.0	0.0	0.0	0.0	0.0	0.0	0.0	0.0	0.0	0.0	0.0	0.4	0.1111111111111111	0.0	0.0	0.10526315789473684	0.0	0.0	0.0	0.0	0.0	0.0	0.0	0.0	0.0	0.0	0.0	0.125	0.0	0.0	0.0	0.0	0.0	0.0	0.029411764705882353	0.14285714285714285	0.058823529411764705	0.0	0.05454545454545454	0.08163265306122448	0.18604651162790697	0.1724137931034483	0.1	0.0	0.0	0.0	0.0	
Cooper's Hawk	0.0	0.0	0.0	0.0	0.0	0.0	0.0	0.0	0.0	0.0	0.0	0.0	0.0	0.0	0.0	0.0	0.0	0.0	0.0	0.0	0.0	0.0	0.0	0.0	0.0	0.0	0.0	0.0	0.0	0.09090909090909091	0.21428571428571427	0.0	0.045454545454545456	0.0	0.18181818181818182	0.058823529411764705	0.0	0.0	0.06896551724137931	0.01818181818181818	0.04081632653061224	0.16279069767441862	0.034482758620689655	0.0	0.0	0.25	0.0	0.0	
Sharp-shinned/Cooper's Hawk	0.0	0.0	0.0	0.0	0.0	0.0	0.0	0.0	0.0	0.0	0.0	0.0	0.0	0.0	0.0	0.0	0.0	0.0	0.0	0.0	0.0	0.0	0.0	0.0	0.0	0.0	0.0	0.0	0.0	0.0	0.0	0.0	0.0	0.0	0.0	0.0	0.0	0.0	0.0	0.0	0.0	0.023255813953488372	0.0	0.0	0.0	0.0	0.0	0.0	
Accipiter sp.	0.0	0.0	0.0	0.0	0.0	0.0	0.0	0.0	0.0	0.0	0.0	0.08333333333333333	0.0	0.0	0.0	0.034482758620689655	0.0	0.0	0.0	0.0	0.0	0.0	0.0	0.0	0.0	0.0	0.0	0.0	0.0	0.0	0.0	0.0	0.0	0.0	0.0	0.0	0.07142857142857142	0.0	0.0	0.0	0.0	0.0	0.0	0.0	0.0	0.0	0.0	0.0	
Bald Eagle	0.3333333333333333	0.8	0.3333333333333333	0.6666666666666666	1.0	1.0	0.6666666666666666	0.4	0.6666666666666666	1.0	0.9	0.9166666666666666	0.8	0.8888888888888888	0.6818181818181818	0.5862068965517241	0.7368421052631579	0.6	0.8888888888888888	0.6363636363636364	0.75	0.6	1.0	0.5714285714285714	1.0	0.42857142857142855	0.0	0.8	0.5	0.8181818181818182	0.42857142857142855	0.4230769230769231	0.45454545454545453	0.23809523809523808	0.2727272727272727	0.4117647058823529	0.6428571428571429	0.5294117647058824	0.5172413793103449	0.6545454545454545	0.5510204081632653	0.6744186046511628	0.7931034482758621	0.4	0.7	0.5	0.42857142857142855	0.5714285714285714	
Golden/Bald Eagle	0.0	0.0	0.0	0.0	0.0	0.0	0.0	0.0	0.0	0.0	0.0	0.0	0.0	0.0	0.0	0.0	0.0	0.0	0.0	0.0	0.0	0.0	0.0	0.0	0.0	0.0	0.0	0.0	0.0	0.0	0.0	0.0	0.0	0.0	0.0	0.0	0.0	0.0	0.0	0.0	0.0	0.023255813953488372	0.0	0.0	0.0	0.0	0.0	0.0	
Red-tailed Hawk	0.16666666666666666	0.2	0.0	0.0	0.0	0.0	0.3333333333333333	0.2	0.0	0.25	0.1	0.08333333333333333	0.6	0.0	0.09090909090909091	0.0	0.10526315789473684	0.0	0.0	0.09090909090909091	0.25	0.0	0.0	0.0	0.0	0.0	0.0	0.0	0.0	0.09090909090909091	0.07142857142857142	0.038461538461538464	0.09090909090909091	0.047619047619047616	0.09090909090909091	0.08823529411764706	0.14285714285714285	0.11764705882352941	0.1724137931034483	0.09090909090909091	0.02040816326530612	0.20930232558139536	0.13793103448275862	0.0	0.0	0.0	0.0	0.0	
Buteo sp.	0.0	0.0	0.0	0.0	0.0	0.0	0.0	0.0	0.0	0.0	0.0	0.0	0.0	0.0	0.0	0.034482758620689655	0.0	0.0	0.0	0.0	0.0	0.0	0.0	0.0	0.0	0.0	0.0	0.0	0.0	0.0	0.0	0.0	0.0	0.0	0.0	0.0	0.0	0.0	0.0	0.0	0.0	0.0	0.0	0.0	0.0	0.0	0.0	0.0	
hawk sp.	0.0	0.0	0.0	0.0	0.0	0.0	0.0	0.0	0.0	0.0	0.0	0.0	0.0	0.0	0.0	0.0	0.0	0.0	0.0	0.0	0.0	0.0	0.0	0.0	0.0	0.0	0.0	0.0	0.0	0.0	0.0	0.0	0.0	0.0	0.0	0.0	0.0	0.0	0.0	0.0	0.0	0.023255813953488372	0.0	0.0	0.0	0.0	0.0	0.0	
Barn Owl	0.0	0.0	0.0	0.3333333333333333	0.0	0.0	0.0	0.0	0.0	0.0	0.0	0.0	0.0	0.0	0.0	0.0	0.0	0.0	0.0	0.0	0.0	0.0	0.0	0.0	0.0	0.0	0.0	0.0	0.0	0.0	0.0	0.0	0.0	0.0	0.0	0.0	0.07142857142857142	0.0	0.0	0.01818181818181818	0.0	0.0015	0.0	0.0015	0.0	0.0	0.0	0.14285714285714285	
Western Screech-Owl	0.0	0.0	0.0	0.0	0.0	0.0	0.0	0.0	0.0	0.0	0.0	0.0	0.0	0.0	0.0015	0.0	0.0	0.0	0.0	0.0	0.0	0.0	0.0	0.0	0.0	0.0	0.0	0.0	0.0	0.0	0.0	0.0	0.0	0.0	0.0	0.0	0.0	0.0	0.034482758620689655	0.0	0.0	0.0	0.0	0.0	0.0	0.0	0.0	0.0	
Northern Pygmy-Owl	0.0	0.0	0.0	0.0	0.0	0.0015	0.0	0.2	0.0	0.0	0.0	0.0	0.0	0.0	0.0	0.0	0.0	0.0	0.0	0.0	0.0	0.0	0.0	0.0	0.0	0.0	0.0	0.0	0.0	0.0	0.0	0.0	0.0	0.0	0.0	0.029411764705882353	0.0	0.0	0.0	0.0	0.02040816326530612	0.09302325581395349	0.034482758620689655	0.0	0.1	0.0	0.14285714285714285	0.0	
Short-eared Owl	0.0	0.0	0.0	0.0	0.0	0.0	0.0	0.0	0.0	0.0	0.0	0.0	0.0	0.0	0.0	0.0	0.0	0.0	0.0	0.0	0.0	0.0	0.0	0.0	0.0	0.0	0.0	0.0	0.0	0.0	0.0	0.0	0.0	0.0	0.0	0.0	0.0	0.0	0.0	0.01818181818181818	0.02040816326530612	0.0	0.034482758620689655	0.0	0.0	0.0	0.0	0.0	
Northern Saw-whet Owl	0.0	0.0015	0.0	0.0	0.0	0.0	0.0	0.2	0.0	0.0	0.0	0.0	0.0	0.0	0.0	0.0	0.0	0.0	0.0	0.0	0.0	0.0	0.0	0.0	0.0	0.0	0.0	0.0	0.0	0.0	0.0	0.0	0.0	0.0	0.0	0.0	0.0	0.0	0.034482758620689655	0.0	0.0	0.0	0.0	0.0	0.0	0.0	0.0	0.0	
Belted Kingfisher	0.16666666666666666	0.0	0.3333333333333333	0.3333333333333333	0.0	0.0	0.0	0.0	0.0	0.5	0.0	0.16666666666666666	0.0	0.0	0.13636363636363635	0.13793103448275862	0.15789473684210525	0.05	0.0	0.18181818181818182	0.5	0.1	0.3333333333333333	0.7142857142857143	0.0	0.14285714285714285	0.0	0.4	0.125	0.6363636363636364	0.35714285714285715	0.34615384615384615	0.22727272727272727	0.23809523809523808	0.2727272727272727	0.4117647058823529	0.5	0.17647058823529413	0.06896551724137931	0.4	0.20408163265306123	0.27906976744186046	0.1724137931034483	0.3	0.1	0.5	0.14285714285714285	0.14285714285714285	
Red-breasted Sapsucker	0.0	0.0	0.0	0.0	0.0	0.0	0.0	0.0	0.0	0.0	0.0	0.0	0.0	0.0	0.0	0.0	0.0	0.0	0.0	0.0	0.0	0.0	0.0	0.0	0.0	0.0	0.0	0.0	0.0	0.0	0.0	0.0	0.0	0.0	0.0	0.058823529411764705	0.07142857142857142	0.0	0.0	0.0	0.0	0.0	0.0	0.0	0.0	0.0	0.0	0.0	
Downy Woodpecker	0.0	0.2	0.0	0.0	0.0	0.0	0.0	0.0	0.3333333333333333	0.0	0.0	0.0	0.0	0.0	0.0	0.10344827586206896	0.0	0.05	0.1111111111111111	0.0	0.0	0.1	0.0	0.0	0.0	0.14285714285714285	0.0	0.0	0.0	0.0	0.0	0.038461538461538464	0.0	0.0	0.0	0.058823529411764705	0.0	0.11764705882352941	0.06896551724137931	0.05454545454545454	0.04081632653061224	0.023255813953488372	0.034482758620689655	0.0	0.0	0.0	0.2857142857142857	0.14285714285714285	
Hairy Woodpecker	0.0	0.0	0.0	0.0	0.0	0.0	0.0	0.0	0.0	0.0	0.0	0.08333333333333333	0.2	0.0	0.045454545454545456	0.06896551724137931	0.05263157894736842	0.0	0.1111111111111111	0.0	0.0	0.0	0.0	0.14285714285714285	0.0	0.0	0.0	0.0	0.0	0.09090909090909091	0.07142857142857142	0.038461538461538464	0.045454545454545456	0.047619047619047616	0.0	0.029411764705882353	0.0	0.11764705882352941	0.13793103448275862	0.07272727272727272	0.04081632653061224	0.046511627906976744	0.0	0.3	0.1	0.5	0.2857142857142857	0.0	
Pileated Woodpecker	0.0	0.0	0.0	0.0	0.0	0.0	0.0	0.0	0.0	0.0	0.0	0.0	0.2	0.0	0.0	0.0	0.0	0.0	0.0	0.09090909090909091	0.0	0.0	0.0	0.0	0.0	0.0	0.0	0.0	0.0	0.0	0.07142857142857142	0.0	0.0	0.0	0.0	0.0	0.0	0.0	0.0	0.0	0.0	0.0	0.0	0.0	0.0	0.0	0.0	0.0	
Northern Flicker	0.3333333333333333	0.4	0.0015	0.3333333333333333	0.0	0.6666666666666666	0.3333333333333333	0.2	0.3333333333333333	0.25	0.4	0.75	0.4	0.4444444444444444	0.36363636363636365	0.13793103448275862	0.3157894736842105	0.35	0.6666666666666666	0.6363636363636364	0.25	0.2	0.6666666666666666	0.14285714285714285	0.0	0.5714285714285714	0.0	0.2	0.125	0.36363636363636365	0.35714285714285715	0.23076923076923078	0.22727272727272727	0.3333333333333333	0.6363636363636364	0.5294117647058824	0.8571428571428571	0.5294117647058824	0.41379310344827586	0.5636363636363636	0.5510204081632653	0.4883720930232558	0.6551724137931034	0.5	0.5	0.5	0.42857142857142855	0.14285714285714285	
American Kestrel	0.0	0.0	0.0	0.0	0.0	0.0	0.0	0.0	0.0	0.0	0.0	0.0	0.0	0.0	0.045454545454545456	0.034482758620689655	0.0	0.0	0.0	0.0	0.0	0.0	0.0	0.0	0.0	0.0	0.0	0.0	0.0	0.09090909090909091	0.0	0.0	0.0	0.0	0.0	0.0	0.0	0.0	0.0	0.0	0.02040816326530612	0.023255813953488372	0.034482758620689655	0.0	0.0	0.0	0.0	0.0	
Merlin	0.0	0.0	0.0	0.0	0.0	0.0	0.0	0.0	0.0	0.0	0.0	0.0	0.0	0.1111111111111111	0.09090909090909091	0.06896551724137931	0.05263157894736842	0.05	0.1111111111111111	0.0	0.0	0.0	0.0	0.0	0.0	0.0	0.0	0.0	0.0	0.0	0.07142857142857142	0.038461538461538464	0.0	0.0015	0.0	0.14705882352941177	0.2857142857142857	0.35294117647058826	0.2413793103448276	0.12727272727272726	0.14285714285714285	0.09302325581395349	0.13793103448275862	0.1	0.0	0.25	0.14285714285714285	0.0	
Peregrine Falcon	0.0	0.2	0.0	0.0	0.0	0.0	0.0	0.0	0.0	0.0	0.3	0.0	0.0	0.0	0.045454545454545456	0.10344827586206896	0.05263157894736842	0.05	0.0	0.09090909090909091	0.0	0.0	0.0	0.0	0.0	0.0	0.0	0.0	0.125	0.09090909090909091	0.2857142857142857	0.038461538461538464	0.0	0.14285714285714285	0.0015	0.11764705882352941	0.14285714285714285	0.17647058823529413	0.13793103448275862	0.14545454545454545	0.061224489795918366	0.18604651162790697	0.10344827586206896	0.3	0.1	0.0	0.14285714285714285	0.0	
falcon sp.	0.0	0.0	0.0	0.0	0.0	0.0	0.0	0.0	0.0	0.0	0.0	0.0	0.0	0.0	0.045454545454545456	0.0	0.0	0.0	0.0	0.0	0.0	0.0	0.0	0.0	0.0	0.0	0.0	0.0	0.0	0.0	0.0	0.0	0.045454545454545456	0.0	0.0	0.0	0.0	0.0	0.034482758620689655	0.0	0.0	0.0	0.034482758620689655	0.0	0.0	0.0	0.0	0.0	
diurnal raptor sp.	0.0	0.0	0.0	0.0	0.0	0.0	0.0	0.0	0.0	0.0	0.0	0.0	0.0	0.0	0.0	0.0	0.0	0.0	0.0	0.0	0.0	0.0	0.0	0.0	0.0	0.0	0.0	0.0	0.0	0.0	0.0	0.0	0.045454545454545456	0.0	0.0	0.0	0.0	0.0	0.0	0.0	0.0	0.0	0.0	0.0	0.0	0.0	0.0	0.0	
Olive-sided Flycatcher	0.0	0.0	0.0	0.0	0.0	0.0	0.0	0.0	0.0	0.0	0.0	0.0	0.0	0.0	0.0	0.0	0.0	0.0	0.0	0.09090909090909091	0.0	0.0	0.0	0.0	0.0	0.0	0.0	0.0	0.0	0.0	0.0	0.0	0.0	0.0	0.0	0.0	0.0	0.0	0.0	0.0	0.0	0.0	0.0	0.0	0.0	0.0	0.0	0.0	
Western Wood-Pewee	0.0	0.0	0.0	0.0	0.0	0.0	0.0	0.0	0.0	0.0	0.0	0.0	0.0	0.0	0.0	0.0	0.0	0.0	0.0	0.09090909090909091	0.0	0.0	0.0	0.0	0.0	0.0	0.0	0.0	0.0	0.0	0.0	0.0	0.0	0.0	0.0	0.0	0.0	0.0	0.0	0.0	0.0	0.0	0.0	0.0	0.0	0.0	0.0	0.0	
Hammond's Flycatcher	0.0	0.0	0.0	0.0	0.0	0.0	0.0	0.0	0.0	0.0	0.0	0.0	0.0	0.0	0.0	0.0	0.05263157894736842	0.0	0.0	0.0	0.0	0.0	0.0	0.0	0.0	0.0	0.0	0.0	0.0	0.0	0.0	0.0	0.0	0.0	0.0	0.0	0.0	0.0	0.0	0.0	0.0	0.0	0.0	0.0	0.0	0.0	0.0	0.0	
Pacific-slope Flycatcher	0.0	0.0	0.0	0.0	0.0	0.0	0.0	0.0	0.0	0.0	0.0	0.0	0.0	0.0	0.0	0.0	0.0	0.05	0.5555555555555556	0.18181818181818182	0.25	0.2	0.0	0.2857142857142857	0.5	0.2857142857142857	1.0	0.0	0.0	0.0	0.0	0.0	0.045454545454545456	0.0	0.0	0.0	0.0	0.0	0.0	0.0	0.0	0.0	0.0	0.0	0.0	0.0	0.0	0.0	
Say's Phoebe	0.0	0.0	0.0	0.0	0.0	0.0	0.0	0.0	0.0	0.25	0.0	0.08333333333333333	0.0	0.0	0.0	0.0	0.0	0.0	0.0	0.0	0.0	0.0	0.0	0.0	0.0	0.0	0.0	0.0	0.0	0.0	0.0	0.0	0.0	0.09523809523809523	0.0	0.0	0.0	0.0	0.0	0.0	0.0	0.0	0.0	0.0	0.0	0.0	0.0	0.0	
Tropical Kingbird	0.0	0.0	0.0	0.0	0.0	0.0	0.0	0.0	0.0	0.0	0.0	0.0	0.0	0.0	0.0	0.0	0.0	0.0	0.0	0.0	0.0	0.0	0.0	0.0	0.0	0.0	0.0	0.0	0.0	0.0	0.0	0.0	0.0	0.0	0.0	0.0	0.0	0.0	0.06896551724137931	0.23636363636363636	0.061224489795918366	0.06976744186046512	0.20689655172413793	0.2	0.0	0.0	0.0	0.0	
Western Kingbird	0.0	0.0	0.0	0.0	0.0	0.0	0.0	0.0	0.0	0.0	0.0	0.0	0.0	0.0	0.0	0.0	0.0	0.05	0.0	0.18181818181818182	0.25	0.1	0.0	0.0	0.0	0.0	0.0	0.0	0.0	0.0	0.0	0.0	0.0	0.0	0.0	0.0	0.0	0.0	0.0	0.0	0.0	0.0	0.0	0.0	0.0	0.0	0.0	0.0	
Northern Shrike	0.0	0.0	0.0	0.0	0.0	0.0	0.0	0.0	0.0	0.25	0.0	0.0	0.2	0.0	0.0	0.0	0.0	0.0	0.0	0.0	0.0	0.0	0.0	0.0	0.0	0.0	0.0	0.0	0.0	0.0	0.0	0.0	0.0	0.0	0.0	0.0	0.0	0.058823529411764705	0.13793103448275862	0.14545454545454545	0.02040816326530612	0.06976744186046512	0.10344827586206896	0.0	0.1	0.0	0.0	0.0	
Hutton's Vireo	0.0	0.0	0.0	0.0	0.0	0.0	0.0	0.0	0.0	0.0	0.0	0.0	0.0	0.0	0.0	0.0	0.0	0.0	0.0	0.0	0.0	0.0	0.0	0.0	0.0	0.0	0.0	0.0	0.0	0.0	0.07142857142857142	0.0	0.0	0.047619047619047616	0.0	0.029411764705882353	0.0	0.058823529411764705	0.034482758620689655	0.01818181818181818	0.04081632653061224	0.023255813953488372	0.0	0.0	0.0	0.25	0.0	0.0	
Warbling Vireo	0.0	0.0	0.0	0.0	0.0	0.0	0.0	0.0	0.0	0.0	0.0	0.0	0.0	0.0	0.0	0.0015	0.0	0.15	0.1111111111111111	0.09090909090909091	0.0	0.1	0.0	0.2857142857142857	0.0	0.0	0.0	0.0	0.0	0.0	0.0	0.0	0.0	0.047619047619047616	0.0	0.0	0.0	0.0	0.0	0.0	0.0	0.0	0.0	0.0	0.0	0.0	0.0	0.0	
Steller's Jay	0.0	0.4	0.0	0.0	0.0	0.0	0.0	0.2	0.0	0.75	0.2	0.25	0.6	0.1111111111111111	0.18181818181818182	0.13793103448275862	0.15789473684210525	0.15	0.5555555555555556	0.45454545454545453	0.0	0.2	0.3333333333333333	0.2857142857142857	0.0	0.2857142857142857	0.0	0.0	0.0	0.2727272727272727	0.21428571428571427	0.19230769230769232	0.09090909090909091	0.14285714285714285	0.36363636363636365	0.23529411764705882	0.35714285714285715	0.17647058823529413	0.20689655172413793	0.2	0.2857142857142857	0.3953488372093023	0.13793103448275862	0.1	0.2	0.25	0.2857142857142857	0.0	
American Crow	0.0	0.0	0.0	0.0	0.0	0.0	0.3333333333333333	0.0	0.3333333333333333	0.0	0.0	0.08333333333333333	0.2	0.1111111111111111	0.045454545454545456	0.06896551724137931	0.0	0.2	0.0	0.09090909090909091	0.25	0.2	0.3333333333333333	0.14285714285714285	0.0	0.0	0.0	0.2	0.25	0.0015	0.07142857142857142	0.11538461538461539	0.22727272727272727	0.14285714285714285	0.09090909090909091	0.08823529411764706	0.07142857142857142	0.17647058823529413	0.10344827586206896	0.05454545454545454	0.12244897959183673	0.16279069767441862	0.20689655172413793	0.2	0.0	0.25	0.0	0.14285714285714285	
Northwestern Crow	0.8333333333333334	0.4	0.3333333333333333	0.0	1.0	0.6666666666666666	0.3333333333333333	0.6	0.6666666666666666	0.75	0.8	0.4166666666666667	0.6	0.4444444444444444	0.4090909090909091	0.41379310344827586	0.2631578947368421	0.45	0.4444444444444444	0.45454545454545453	0.0	0.1	0.0	0.5714285714285714	0.0	0.14285714285714285	0.0	0.4	0.25	0.45454545454545453	0.35714285714285715	0.23076923076923078	0.3181818181818182	0.047619047619047616	0.0	0.4411764705882353	0.2857142857142857	0.35294117647058826	0.20689655172413793	0.2909090909090909	0.24489795918367346	0.3023255813953488	0.4827586206896552	0.2	0.4	0.25	0.0	0.42857142857142855	
American/Northwestern Crow	0.16666666666666666	0.6	0.0	1.0	0.0	0.3333333333333333	0.3333333333333333	0.2	0.0	0.25	0.4	0.5	0.2	0.4444444444444444	0.45454545454545453	0.41379310344827586	0.5789473684210527	0.4	0.5555555555555556	0.45454545454545453	0.5	0.5	0.6666666666666666	0.42857142857142855	0.5	0.42857142857142855	1.0	0.6	0.0	0.45454545454545453	0.35714285714285715	0.38461538461538464	0.2727272727272727	0.6190476190476191	0.8181818181818182	0.4411764705882353	0.7142857142857143	0.29411764705882354	0.41379310344827586	0.5636363636363636	0.40816326530612246	0.3488372093023256	0.3448275862068966	0.3	0.2	0.5	0.8571428571428571	0.14285714285714285	
Common Raven	0.5	0.2	0.0	1.0	0.5	1.0	0.6666666666666666	0.6	0.3333333333333333	0.75	0.2	0.3333333333333333	0.4	0.4444444444444444	0.3181818181818182	0.27586206896551724	0.42105263157894735	0.45	0.5555555555555556	0.2727272727272727	0.25	0.0	0.3333333333333333	0.42857142857142855	0.0	0.2857142857142857	0.0	0.4	0.0	0.36363636363636365	0.35714285714285715	0.46153846153846156	0.18181818181818182	0.3333333333333333	0.2727272727272727	0.47058823529411764	0.5	0.47058823529411764	0.27586206896551724	0.41818181818181815	0.46938775510204084	0.4883720930232558	0.5172413793103449	0.3	0.2	0.25	0.14285714285714285	0.2857142857142857	
Horned Lark	0.0	0.0	0.0	0.0	0.0	0.0	0.0	0.0	0.0	0.0	0.0	0.0	0.0	0.0	0.0	0.034482758620689655	0.0	0.0	0.0015	0.0	0.0	0.0	0.0	0.0	0.0	0.0	0.0	0.0	0.0	0.0	0.0	0.07692307692307693	0.0	0.0	0.0	0.0	0.0	0.0	0.0	0.0	0.0	0.0	0.0	0.0	0.0	0.0	0.0	0.0	
Eurasian Skylark	0.0	0.0	0.0	0.0	0.0	0.0	0.0	0.0	0.0	0.0	0.1	0.08333333333333333	0.0	0.0	0.0	0.0	0.0	0.05	0.0	0.0	0.0	0.0	0.0	0.0	0.0	0.0	0.0	0.0	0.0	0.0	0.0	0.0	0.0	0.0	0.0	0.0	0.0	0.0	0.0	0.0	0.08163265306122448	0.3023255813953488	0.0	0.0	0.0	0.0	0.0	0.0	
Northern Rough-winged Swallow	0.0	0.0	0.0	0.0	0.0	0.0	0.0	0.0	0.0	0.0	0.0	0.0	0.2	0.0	0.13636363636363635	0.0	0.3684210526315789	0.25	0.5555555555555556	0.2727272727272727	0.25	0.0	0.6666666666666666	0.0	0.0	0.14285714285714285	0.0	0.0	0.0	0.0	0.07142857142857142	0.0	0.0	0.0	0.0	0.0	0.0	0.0	0.0	0.0	0.0	0.0	0.0	0.0	0.0	0.0	0.0	0.0	
Tree Swallow	0.0	0.0	0.0	0.0	0.0	0.0	0.0	0.0	0.0	0.0	0.0	0.16666666666666666	0.0	0.0	0.045454545454545456	0.06896551724137931	0.2631578947368421	0.1	0.3333333333333333	0.18181818181818182	0.5	0.0	0.3333333333333333	0.0	0.0	0.0	0.0	0.0	0.0	0.0	0.07142857142857142	0.0	0.0	0.0	0.0	0.0	0.0	0.0	0.0	0.0	0.0	0.0	0.0	0.0	0.0	0.0	0.0	0.0	
Violet-green Swallow	0.0	0.0	0.0	0.0	0.0	0.0	0.0	0.0	0.0	0.0	0.0	0.08333333333333333	0.2	0.0	0.36363636363636365	0.20689655172413793	0.42105263157894735	0.4	0.5555555555555556	0.36363636363636365	0.5	0.1	1.0	0.14285714285714285	0.0015	0.14285714285714285	0.0	0.0	0.0	0.09090909090909091	0.07142857142857142	0.0	0.22727272727272727	0.047619047619047616	0.0	0.029411764705882353	0.0	0.0	0.0	0.0	0.0	0.0	0.0	0.0	0.0	0.0	0.0	0.0	
Barn Swallow	0.0	0.0	0.0	0.0	0.0	0.0	0.0	0.0	0.0	0.0	0.0	0.0	0.0	0.0	0.0	0.10344827586206896	0.5789473684210527	0.55	0.8888888888888888	0.7272727272727273	0.5	0.6	0.6666666666666666	0.7142857142857143	0.0	0.5714285714285714	1.0	0.2	0.5	0.36363636363636365	0.42857142857142855	0.5769230769230769	0.5	0.19047619047619047	0.18181818181818182	0.029411764705882353	0.0	0.0	0.0	0.0	0.0	0.0	0.0	0.0	0.0	0.0	0.0	0.0	
Cliff Swallow	0.0	0.0	0.0	0.0	0.0	0.0	0.0	0.0	0.0	0.0	0.0	0.0	0.0	0.0	0.045454545454545456	0.0	0.10526315789473684	0.1	0.2222222222222222	0.2727272727272727	0.25	0.0	0.6666666666666666	0.2857142857142857	0.0	0.2857142857142857	0.0	0.2	0.0	0.09090909090909091	0.21428571428571427	0.0	0.0	0.047619047619047616	0.0	0.0	0.0	0.0	0.0	0.0	0.0	0.0	0.0	0.0	0.0	0.0	0.0	0.0	
swallow sp.	0.0	0.0	0.0	0.0	0.0	0.0	0.0	0.0	0.0	0.0	0.0	0.0	0.0	0.0	0.045454545454545456	0.06896551724137931	0.0	0.05	0.0	0.09090909090909091	0.0	0.0	0.0	0.0	0.0	0.0	0.0	0.0	0.0	0.0	0.0	0.0	0.0	0.0	0.0	0.0	0.0	0.0	0.0	0.0	0.02040816326530612	0.0	0.0	0.0	0.0	0.0	0.0	0.0	
Black-capped Chickadee	0.0	0.0	0.0	0.3333333333333333	0.0	0.0	0.3333333333333333	0.2	0.0	0.0	0.0	0.0	0.0	0.1111111111111111	0.0	0.034482758620689655	0.05263157894736842	0.05	0.1111111111111111	0.0	0.0	0.0	0.0	0.0	0.0	0.0	0.0	0.0	0.0	0.09090909090909091	0.0	0.07692307692307693	0.0	0.0	0.0015	0.08823529411764706	0.14285714285714285	0.11764705882352941	0.034482758620689655	0.01818181818181818	0.08163265306122448	0.023255813953488372	0.0	0.1	0.0	0.0	0.0	0.0	
Chestnut-backed Chickadee	0.0	0.2	0.0	0.0	0.5	0.3333333333333333	0.0	0.2	0.3333333333333333	0.0	0.4	0.16666666666666666	0.4	0.1111111111111111	0.13636363636363635	0.13793103448275862	0.21052631578947367	0.25	0.2222222222222222	0.0	0.25	0.2	0.6666666666666666	0.42857142857142855	0.0	0.42857142857142855	0.0	0.4	0.125	0.2727272727272727	0.35714285714285715	0.15384615384615385	0.09090909090909091	0.38095238095238093	0.5454545454545454	0.38235294117647056	0.35714285714285715	0.5294117647058824	0.3793103448275862	0.38181818181818183	0.30612244897959184	0.46511627906976744	0.27586206896551724	0.5	0.0	0.25	0.2857142857142857	0.2857142857142857	
Bushtit	0.0	0.0	0.0	0.0	0.0	0.0	0.0	0.0	0.0	0.0	0.0	0.0	0.0	0.0	0.045454545454545456	0.0	0.0	0.0	0.1111111111111111	0.0	0.0	0.0	0.0	0.0	0.0	0.0	0.0	0.0	0.0	0.0	0.0	0.0	0.0	0.0	0.0	0.0	0.0	0.0	0.0	0.0	0.0	0.0	0.06896551724137931	0.0	0.0	0.0	0.0	0.0	
Red-breasted Nuthatch	0.0	0.0	0.0	0.0	0.0	0.0	0.3333333333333333	0.0	0.0	0.0	0.0	0.0	0.0	0.0	0.0	0.0	0.0	0.05	0.0	0.0	0.0	0.0	0.0	0.0	0.0	0.0	0.0	0.0	0.0	0.0	0.0	0.038461538461538464	0.0	0.0	0.18181818181818182	0.0	0.0	0.058823529411764705	0.034482758620689655	0.01818181818181818	0.04081632653061224	0.13953488372093023	0.0	0.1	0.0	0.0	0.0	0.0	
Brown Creeper	0.0	0.0	0.0	0.0	0.0	0.0	0.0	0.0	0.0	0.0	0.0	0.08333333333333333	0.4	0.0	0.045454545454545456	0.034482758620689655	0.0	0.1	0.1111111111111111	0.0	0.0	0.0	0.0	0.0	0.0	0.14285714285714285	0.0	0.0	0.125	0.09090909090909091	0.07142857142857142	0.0	0.0	0.047619047619047616	0.09090909090909091	0.029411764705882353	0.0	0.0	0.0	0.05454545454545454	0.02040816326530612	0.06976744186046512	0.0	0.0	0.0	0.25	0.0	0.0	
House Wren	0.0	0.0	0.0	0.0	0.0	0.0	0.0	0.0	0.0	0.0	0.0	0.0	0.0	0.0	0.0	0.0	0.0	0.0	0.0	0.0	0.0	0.0	0.0	0.0	0.0	0.0	0.0	0.0	0.0	0.0	0.0	0.0	0.0	0.047619047619047616	0.0	0.0	0.0	0.0	0.0	0.0	0.0	0.0	0.0	0.0	0.0	0.0	0.0	0.0	
Pacific Wren	0.0	0.2	0.0	0.0015	0.5	0.3333333333333333	0.0	0.2	0.0	0.25	0.3	0.08333333333333333	0.8	0.1111111111111111	0.36363636363636365	0.3103448275862069	0.21052631578947367	0.05	0.5555555555555556	0.18181818181818182	0.0	0.2	0.0	0.2857142857142857	0.0	0.14285714285714285	1.0	0.0	0.0	0.09090909090909091	0.14285714285714285	0.07692307692307693	0.045454545454545456	0.047619047619047616	0.36363636363636365	0.23529411764705882	0.35714285714285715	0.17647058823529413	0.4482758620689655	0.38181818181818183	0.2857142857142857	0.20930232558139536	0.13793103448275862	0.3	0.2	0.5	0.5714285714285714	0.14285714285714285	
Marsh Wren	0.0	0.0	0.0015	0.3333333333333333	0.0	0.3333333333333333	0.3333333333333333	0.0	0.3333333333333333	0.25	0.0	0.08333333333333333	0.0	0.0	0.0	0.0	0.0	0.0	0.0	0.0	0.0	0.0	0.0	0.0	0.0	0.0	0.0	0.0	0.0	0.0	0.0	0.0	0.0	0.14285714285714285	0.0	0.029411764705882353	0.07142857142857142	0.0	0.13793103448275862	0.3090909090909091	0.20408163265306123	0.23255813953488372	0.13793103448275862	0.4	0.2	0.0	0.14285714285714285	0.0	
Bewick's Wren	0.0	0.0	0.0	0.0	0.0	0.0	0.0	0.0	0.0	0.0	0.0	0.0	0.0	0.0	0.045454545454545456	0.0	0.0	0.0	0.0	0.0	0.0	0.0	0.3333333333333333	0.0	0.0	0.0	0.0	0.0	0.0	0.09090909090909091	0.07142857142857142	0.038461538461538464	0.0	0.047619047619047616	0.0	0.029411764705882353	0.0	0.0	0.034482758620689655	0.0	0.02040816326530612	0.023255813953488372	0.0	0.1	0.0	0.0	0.0	0.0	
Blue-gray Gnatcatcher	0.0	0.0	0.0	0.0	0.0	0.0	0.0	0.0	0.0	0.0	0.0	0.0	0.0	0.0	0.0	0.0	0.0	0.0	0.0	0.0	0.0	0.0	0.0	0.0	0.0	0.0	0.0	0.0	0.0	0.0	0.0	0.0	0.0	0.0	0.0	0.0	0.0	0.0	0.0	0.03636363636363636	0.0	0.0	0.0	0.0	0.0	0.0	0.0	0.0	
Golden-crowned Kinglet	0.16666666666666666	0.2	0.3333333333333333	0.6666666666666666	1.0	0.6666666666666666	0.6666666666666666	0.6	0.0	0.25	0.7	0.5	0.8	0.3333333333333333	0.2727272727272727	0.27586206896551724	0.631578947368421	0.55	0.4444444444444444	0.2727272727272727	0.5	0.4	0.3333333333333333	0.2857142857142857	0.0	0.2857142857142857	1.0	0.4	0.125	0.2727272727272727	0.14285714285714285	0.3076923076923077	0.22727272727272727	0.5714285714285714	0.7272727272727273	0.5294117647058824	0.5714285714285714	0.5294117647058824	0.4827586206896552	0.509090909090909	0.3673469387755102	0.4418604651162791	0.3103448275862069	0.5	0.1	0.5	0.42857142857142855	0.14285714285714285	
Ruby-crowned Kinglet	0.0	0.2	0.0	0.6666666666666666	0.5	0.3333333333333333	0.3333333333333333	0.2	0.6666666666666666	0.5	0.3	0.25	0.6	0.2222222222222222	0.2727272727272727	0.0	0.0	0.0	0.0	0.0	0.0	0.0	0.0	0.0	0.0	0.0	0.0	0.0	0.0	0.0	0.0	0.0	0.0	0.047619047619047616	0.09090909090909091	0.14705882352941177	0.2857142857142857	0.11764705882352941	0.4482758620689655	0.32727272727272727	0.2857142857142857	0.5116279069767442	0.27586206896551724	0.6	0.4	0.25	0.14285714285714285	0.0	
Mountain Bluebird	0.0	0.0	0.0	0.0	0.0	0.0	0.0	0.0	0.0	0.0	0.0	0.08333333333333333	0.2	0.1111111111111111	0.0	0.034482758620689655	0.0	0.0	0.0	0.0	0.0	0.0	0.0	0.0	0.0	0.0	0.0	0.0	0.0	0.0	0.0	0.0	0.0	0.0	0.0	0.0	0.0	0.0	0.0	0.0	0.0	0.0	0.0	0.0015	0.0	0.0	0.0	0.0	
Townsend's Solitaire	0.0	0.0	0.0	0.0	0.0	0.0	0.0	0.0	0.0	0.0	0.0	0.0	0.0	0.0	0.0	0.0	0.0	0.05	0.0	0.0	0.0	0.0	0.0	0.0	0.0	0.0	0.0	0.0	0.0	0.0	0.0	0.0	0.0	0.0	0.0	0.0	0.0	0.0	0.0	0.0	0.0	0.0	0.0	0.0	0.0	0.0	0.14285714285714285	0.0	
Varied Thrush	0.3333333333333333	0.4	0.3333333333333333	0.3333333333333333	0.0	0.0	0.3333333333333333	0.2	0.6666666666666666	0.0	0.3	0.3333333333333333	0.4	0.1111111111111111	0.22727272727272727	0.06896551724137931	0.10526315789473684	0.05	0.1111111111111111	0.18181818181818182	0.0	0.0	0.0	0.14285714285714285	0.0	0.0	0.0	0.0	0.0	0.09090909090909091	0.0	0.0	0.0	0.0	0.0	0.029411764705882353	0.07142857142857142	0.0	0.034482758620689655	0.03636363636363636	0.1836734693877551	0.20930232558139536	0.034482758620689655	0.3	0.1	0.5	0.5714285714285714	0.42857142857142855	
Swainson's Thrush	0.0	0.0	0.0	0.0	0.0	0.0	0.0	0.0	0.0	0.0	0.0	0.0	0.0	0.0	0.0	0.0	0.0	0.25	0.5555555555555556	0.5454545454545454	0.75	0.8	1.0	0.7142857142857143	0.0	0.5714285714285714	1.0	0.0	0.125	0.09090909090909091	0.0	0.038461538461538464	0.045454545454545456	0.047619047619047616	0.09090909090909091	0.0	0.0	0.0	0.0	0.0	0.0	0.0	0.0	0.0	0.0	0.0	0.0	0.0	
Hermit Thrush	0.0	0.2	0.0	0.0	0.0	0.0	0.0	0.0	0.0	0.0	0.0	0.0	0.2	0.1111111111111111	0.0	0.034482758620689655	0.0	0.0	0.0	0.0	0.0	0.0	0.0	0.0	0.5	0.0	0.0	0.0	0.0	0.0	0.0	0.0	0.0	0.0	0.0	0.0	0.0	0.0	0.0	0.0	0.02040816326530612	0.046511627906976744	0.0	0.0	0.0	0.25	0.0	0.14285714285714285	
American Robin	0.0	0.4	0.0	0.6666666666666666	0.0	0.3333333333333333	1.0	0.6	1.0	0.75	0.7	0.75	0.8	0.6666666666666666	0.7727272727272727	0.7241379310344828	0.7894736842105263	0.65	0.7777777777777778	0.7272727272727273	0.25	0.7	1.0	0.7142857142857143	0.5	0.5714285714285714	0.0	0.0015	0.125	0.2727272727272727	0.07142857142857142	0.3076923076923077	0.09090909090909091	0.3333333333333333	0.45454545454545453	0.5882352941176471	0.6428571428571429	0.35294117647058826	0.27586206896551724	0.2545454545454545	0.20408163265306123	0.20930232558139536	0.10344827586206896	0.1	0.1	0.5	0.0	0.14285714285714285	
Sage Thrasher	0.0	0.0	0.0	0.0	0.0	0.0	0.0	0.0	0.0	0.0	0.0	0.0	0.0	0.0	0.0	0.0	0.05263157894736842	0.0	0.0	0.0	0.0	0.0	0.0	0.0	0.0	0.0	0.0	0.0	0.0	0.0	0.0	0.0	0.0	0.0	0.0	0.0	0.0	0.0	0.0	0.0	0.0	0.0	0.0	0.0	0.0	0.0	0.0	0.0	
European Starling	0.16666666666666666	0.4	0.0	0.6666666666666666	0.5	0.6666666666666666	0.6666666666666666	0.6	0.0	0.5	0.5	0.5833333333333334	0.6	0.5555555555555556	0.36363636363636365	0.3103448275862069	0.5789473684210527	0.45	0.6666666666666666	0.6363636363636364	0.75	0.7	1.0	0.42857142857142855	0.0	0.2857142857142857	0.0	0.0	0.0	0.5454545454545454	0.42857142857142855	0.46153846153846156	0.4090909090909091	0.5714285714285714	0.5454545454545454	0.5294117647058824	0.8571428571428571	0.7647058823529411	0.4827586206896552	0.6727272727272727	0.5510204081632653	0.5581395348837209	0.4827586206896552	0.6	0.5	0.5	0.5714285714285714	0.5714285714285714	
American Pipit	0.0	0.0	0.0	0.0	0.0	0.0	0.0	0.0	0.0	0.0	0.0	0.0	0.2	0.2222222222222222	0.3181818181818182	0.1724137931034483	0.42105263157894735	0.4	0.3333333333333333	0.09090909090909091	0.0	0.0	0.0	0.0	0.0	0.0	0.0	0.0	0.0	0.0	0.0	0.11538461538461539	0.09090909090909091	0.047619047619047616	0.36363636363636365	0.29411764705882354	0.2857142857142857	0.29411764705882354	0.1724137931034483	0.34545454545454546	0.30612244897959184	0.3488372093023256	0.1724137931034483	0.1	0.0	0.25	0.0	0.0	
pipit sp.	0.0	0.0	0.0	0.0	0.0	0.0	0.0	0.0	0.0	0.0	0.0	0.0	0.0	0.0	0.0	0.0	0.0	0.0	0.0	0.0	0.0	0.0	0.0	0.0	0.0	0.0	0.0	0.0	0.0	0.0	0.0	0.0	0.0	0.0	0.0	0.0	0.0	0.0	0.0	0.0	0.02040816326530612	0.0	0.0	0.0	0.0	0.0	0.0	0.0	
Cedar Waxwing	0.0	0.0	0.0	0.0	0.0	0.0	0.0	0.0	0.0	0.0	0.0	0.0	0.0	0.0	0.0	0.0	0.0	0.1	0.3333333333333333	0.36363636363636365	0.25	0.3	0.6666666666666666	0.14285714285714285	0.0	0.42857142857142855	0.0	0.6	0.125	0.36363636363636365	0.35714285714285715	0.19230769230769232	0.22727272727272727	0.047619047619047616	0.2727272727272727	0.11764705882352941	0.14285714285714285	0.058823529411764705	0.06896551724137931	0.07272727272727272	0.02040816326530612	0.0	0.0	0.0	0.0	0.0	0.0	0.0	
Evening Grosbeak	0.0	0.0	0.0	0.0	0.0	0.0	0.0	0.0	0.0	0.0	0.0	0.0	0.0	0.0	0.0	0.0	0.0	0.05	0.0	0.0	0.0	0.0	0.0	0.0	0.0	0.0	0.0	0.0	0.125	0.0	0.0	0.0	0.045454545454545456	0.0	0.0	0.0	0.0	0.0	0.0	0.0	0.0	0.0	0.0	0.0	0.0	0.0	0.0	0.0	
Pine Grosbeak	0.0	0.0	0.0	0.0	0.0	0.0	0.3333333333333333	0.0	0.0	0.0	0.0	0.0	0.0	0.0	0.0	0.0	0.0	0.0	0.0	0.0	0.0	0.0	0.0	0.0	0.0	0.0	0.0	0.0	0.0	0.0	0.0	0.0	0.0	0.0	0.0	0.0	0.0	0.0	0.0	0.0	0.0	0.0	0.0	0.0	0.0	0.0	0.0	0.0	
House Finch	0.0	0.4	0.0	0.3333333333333333	0.0	0.6666666666666666	0.3333333333333333	0.0	0.0	0.5	0.1	0.4166666666666667	0.4	0.3333333333333333	0.3181818181818182	0.034482758620689655	0.5263157894736842	0.3	0.3333333333333333	0.6363636363636364	0.5	0.2	0.6666666666666666	0.2857142857142857	0.0	0.14285714285714285	0.0	0.2	0.125	0.09090909090909091	0.2857142857142857	0.23076923076923078	0.22727272727272727	0.23809523809523808	0.2727272727272727	0.17647058823529413	0.07142857142857142	0.058823529411764705	0.10344827586206896	0.34545454545454546	0.30612244897959184	0.16279069767441862	0.2413793103448276	0.1	0.2	0.5	0.2857142857142857	0.14285714285714285	
Purple Finch	0.16666666666666666	0.0	0.0015	0.0	0.0	0.6666666666666666	0.3333333333333333	0.0	0.6666666666666666	0.5	0.1	0.16666666666666666	0.6	0.1111111111111111	0.18181818181818182	0.3103448275862069	0.42105263157894735	0.35	0.6666666666666666	0.36363636363636365	0.5	0.2	0.0	0.14285714285714285	0.0	0.42857142857142855	0.0	0.2	0.0	0.0	0.07142857142857142	0.0	0.0	0.09523809523809523	0.0015	0.14705882352941177	0.14285714285714285	0.058823529411764705	0.06896551724137931	0.03636363636363636	0.04081632653061224	0.023255813953488372	0.06896551724137931	0.0	0.0	0.0	0.14285714285714285	0.0	
Common Redpoll	0.0	0.0	0.0	0.0	0.0	0.0	0.0	0.0	0.0	0.0	0.0	0.0	0.0	0.0	0.0	0.0	0.0	0.0	0.0	0.0	0.0	0.0	0.0	0.0	0.0	0.0	0.0	0.0	0.0	0.0	0.0	0.0	0.0	0.0	0.0	0.0	0.0	0.0	0.0	0.0	0.061224489795918366	0.06976744186046512	0.0	0.0	0.0	0.0	0.0	0.0	
Red Crossbill	0.3333333333333333	0.0	0.0015	0.0	0.5	0.0	0.0	0.2	0.0	0.25	0.0	0.08333333333333333	0.2	0.0	0.0	0.0	0.0	0.05	0.2222222222222222	0.18181818181818182	0.25	0.2	0.0	0.14285714285714285	0.0	0.42857142857142855	1.0	0.4	0.25	0.18181818181818182	0.35714285714285715	0.38461538461538464	0.13636363636363635	0.2857142857142857	0.18181818181818182	0.35294117647058826	0.2857142857142857	0.35294117647058826	0.2413793103448276	0.23636363636363636	0.30612244897959184	0.5116279069767442	0.3448275862068966	0.4	0.0	0.25	0.14285714285714285	0.0	
White-winged Crossbill	0.16666666666666666	0.0	0.0	0.0	0.5	0.0	0.0	0.0	0.0	0.0	0.0	0.08333333333333333	0.0	0.0	0.0	0.0	0.0	0.0	0.0	0.0	0.0	0.0	0.0	0.0	0.0	0.0	0.0	0.0	0.0	0.0	0.0	0.0	0.0	0.0	0.0	0.0	0.0	0.0	0.0	0.03636363636363636	0.16326530612244897	0.4186046511627907	0.3448275862068966	0.2	0.1	0.0	0.0	0.0	
Pine Siskin	0.16666666666666666	0.0	0.0	0.0	0.0	0.0	0.3333333333333333	0.0	0.0	0.0	0.0	0.0	0.2	0.0	0.045454545454545456	0.0	0.05263157894736842	0.1	0.0	0.0	0.0	0.0	0.0	0.0	0.0	0.0	0.0	0.0	0.0	0.0	0.14285714285714285	0.0	0.09090909090909091	0.047619047619047616	0.09090909090909091	0.11764705882352941	0.2857142857142857	0.23529411764705882	0.10344827586206896	0.16363636363636364	0.22448979591836735	0.11627906976744186	0.13793103448275862	0.1	0.1	0.0	0.14285714285714285	0.0	
Lesser Goldfinch	0.0	0.0	0.0	0.0	0.0	0.0	0.0	0.0	0.0	0.0	0.0	0.0	0.0	0.0	0.0	0.0	0.0	0.0	0.0	0.0	0.0	0.0	0.0	0.0	0.0	0.0	0.0	0.0	0.0	0.0	0.0	0.0	0.0	0.0	0.0	0.029411764705882353	0.0	0.0	0.0	0.0	0.0	0.0	0.0	0.0	0.0	0.0	0.0	0.0	
American Goldfinch	0.0	0.0	0.0	0.0	0.0	0.0	0.0	0.0	0.0	0.0	0.0	0.0	0.0	0.0	0.0	0.0	0.21052631578947367	0.25	0.4444444444444444	0.36363636363636365	0.25	0.3	0.3333333333333333	0.14285714285714285	0.0	0.0	0.0	0.0	0.125	0.0	0.21428571428571427	0.0	0.09090909090909091	0.09523809523809523	0.09090909090909091	0.11764705882352941	0.07142857142857142	0.0	0.0	0.0	0.0015	0.023255813953488372	0.0	0.0	0.0	0.0	0.0	0.0	
finch sp.	0.0	0.0	0.0	0.0	0.0	0.0	0.0	0.0	0.0	0.0	0.0	0.0	0.0	0.0	0.0	0.0	0.0	0.0	0.0	0.0	0.0	0.0	0.0	0.0	0.0	0.0	0.0	0.0	0.0	0.0	0.0	0.0	0.0	0.0	0.0	0.0	0.0	0.0	0.0	0.0	0.0	0.0	0.0	0.0	0.0	0.0	0.14285714285714285	0.0	
Lapland Longspur	0.0	0.0	0.0	0.0	0.0	0.0	0.0	0.0	0.0	0.0	0.0	0.0	0.2	0.0	0.0	0.06896551724137931	0.0015	0.0	0.0	0.0	0.0	0.0	0.0	0.0	0.0	0.0	0.0	0.0	0.0	0.0	0.0	0.0	0.0	0.0	0.09090909090909091	0.029411764705882353	0.07142857142857142	0.058823529411764705	0.13793103448275862	0.09090909090909091	0.04081632653061224	0.13953488372093023	0.034482758620689655	0.0	0.0	0.0	0.0	0.0	
Snow Bunting	0.0	0.0	0.0	0.0	0.0	0.0	0.0015	0.0	0.0	0.0	0.0	0.0	0.0	0.0	0.0	0.0	0.0	0.0	0.0	0.0	0.0	0.0	0.0	0.0	0.0	0.0	0.0	0.0	0.0	0.0	0.0	0.0	0.0	0.0	0.0	0.0	0.0	0.0	0.0	0.05454545454545454	0.16326530612244897	0.13953488372093023	0.0	0.0	0.0	0.0	0.0	0.0	
Chipping Sparrow	0.0	0.0	0.0	0.0	0.0	0.0	0.0	0.0	0.0	0.0	0.0	0.0	0.0	0.0	0.0	0.13793103448275862	0.10526315789473684	0.0	0.0	0.0	0.0	0.0	0.0	0.0	0.0	0.0	0.0	0.0	0.0	0.0	0.0	0.0	0.0015	0.047619047619047616	0.0	0.0	0.0	0.0	0.0	0.0	0.0	0.0	0.0	0.0	0.0	0.0	0.0	0.0	
Clay-colored Sparrow	0.0	0.0	0.0	0.0	0.0	0.0	0.0	0.0	0.0	0.0	0.0	0.0	0.0	0.0	0.0	0.0	0.0	0.0	0.0	0.0	0.0	0.0	0.0015	0.0015	0.0	0.0	0.0	0.0	0.0	0.0	0.0	0.0	0.0	0.0	0.0	0.0	0.0	0.0	0.0	0.01818181818181818	0.02040816326530612	0.0	0.0	0.0	0.2	0.0	0.0	0.0	
Brewer's Sparrow	0.0	0.0	0.0	0.0	0.0	0.0	0.0	0.0	0.0	0.0	0.0	0.0	0.0	0.0	0.0	0.0	0.05263157894736842	0.0	0.0015	0.0	0.0	0.0	0.0	0.0	0.0	0.0	0.0	0.0	0.0	0.0	0.0	0.0	0.0	0.0	0.0	0.0	0.0	0.0	0.0	0.0	0.0	0.0	0.0	0.0	0.0	0.0	0.0	0.0	
Lark Sparrow	0.0	0.0	0.0	0.0	0.0	0.0	0.0	0.0	0.0	0.0	0.0	0.0	0.0	0.0	0.0	0.0	0.0	0.0	0.0	0.0	0.0	0.0	0.0	0.0	0.0	0.0	0.0	0.0	0.0	0.0	0.0	0.0	0.045454545454545456	0.0	0.0	0.0	0.07142857142857142	0.0	0.0	0.0	0.0	0.0	0.0	0.0	0.0	0.0	0.0	0.0	
American Tree Sparrow	0.0	0.0	0.0	0.0	0.0	0.0	0.0	0.0	0.0	0.0	0.0	0.0	0.0	0.0	0.0	0.0	0.0	0.0	0.0	0.0	0.0	0.0	0.0	0.0	0.0	0.0	0.0	0.0	0.0	0.0	0.0	0.0	0.0	0.0	0.0	0.0	0.0	0.0	0.0	0.0	0.0	0.23255813953488372	0.0	0.0	0.0	0.0	0.0	0.0	
Fox Sparrow	0.16666666666666666	0.4	0.0	0.6666666666666666	0.0	0.0	0.3333333333333333	0.0	0.0	0.25	0.0	0.16666666666666666	0.4	0.2222222222222222	0.09090909090909091	0.0	0.0	0.0	0.0	0.0	0.0	0.0	0.0	0.0	0.0	0.0	0.0	0.0	0.0	0.0	0.0	0.0	0.0	0.047619047619047616	0.36363636363636365	0.4411764705882353	0.5714285714285714	0.5882352941176471	0.5172413793103449	0.4727272727272727	0.40816326530612246	0.5116279069767442	0.3793103448275862	0.3	0.5	0.5	0.42857142857142855	0.0	
Dark-eyed Junco	0.3333333333333333	0.8	0.3333333333333333	0.3333333333333333	0.0	0.0	0.3333333333333333	0.4	0.0	0.5	0.4	0.5833333333333334	0.8	0.4444444444444444	0.2727272727272727	0.10344827586206896	0.2631578947368421	0.25	0.3333333333333333	0.18181818181818182	0.5	0.1	1.0	0.2857142857142857	0.0	0.42857142857142855	0.0	0.2	0.0	0.2727272727272727	0.0	0.0	0.045454545454545456	0.09523809523809523	0.2727272727272727	0.2647058823529412	0.5714285714285714	0.35294117647058826	0.3103448275862069	0.5636363636363636	0.40816326530612246	0.46511627906976744	0.5862068965517241	0.7	0.6	0.75	0.42857142857142855	0.7142857142857143	
White-crowned Sparrow	0.0	0.0	0.0	0.0	0.0	0.0	0.0	0.2	0.0	0.25	0.0	0.3333333333333333	0.4	0.5555555555555556	0.7272727272727273	0.6896551724137931	0.7368421052631579	0.7	0.8888888888888888	0.5454545454545454	0.75	0.9	1.0	0.7142857142857143	1.0	0.42857142857142855	0.0	0.6	0.25	0.36363636363636365	0.42857142857142855	0.34615384615384615	0.36363636363636365	0.5714285714285714	0.6363636363636364	0.5	0.6428571428571429	0.35294117647058826	0.1724137931034483	0.14545454545454545	0.1836734693877551	0.20930232558139536	0.3103448275862069	0.1	0.3	0.75	0.2857142857142857	0.2857142857142857	
Golden-crowned Sparrow	0.0	0.4	0.0	0.3333333333333333	0.5	0.6666666666666666	0.6666666666666666	0.4	0.3333333333333333	0.75	0.2	0.6666666666666666	0.4	0.4444444444444444	0.4090909090909091	0.3448275862068966	0.3684210526315789	0.25	0.0	0.0	0.0	0.0	0.0	0.0	0.0	0.0	0.0	0.0	0.0	0.0	0.0	0.0	0.0	0.047619047619047616	0.2727272727272727	0.4117647058823529	0.6428571428571429	0.47058823529411764	0.5172413793103449	0.6909090909090909	0.5102040816326531	0.4186046511627907	0.6551724137931034	0.6	0.5	1.0	0.5714285714285714	0.14285714285714285	
Harris's Sparrow	0.0	0.0	0.0	0.0	0.0	0.0	0.0	0.0	0.0	0.0	0.0	0.0	0.0	0.0	0.0	0.0	0.0	0.0	0.0	0.0	0.0	0.0	0.0	0.0	0.0	0.0	0.0	0.0	0.0	0.0	0.0	0.0	0.0	0.0	0.0	0.0	0.0	0.0	0.0	0.0	0.0	0.0	0.0	0.0	0.1	0.0	0.0	0.0	
White-throated Sparrow	0.0	0.0	0.0	0.0	0.0	0.0	0.0	0.0	0.0	0.0	0.0	0.0	0.0	0.0	0.0	0.0	0.0	0.0	0.0	0.0	0.0	0.0	0.0	0.0	0.0	0.0	0.0	0.0	0.0	0.0	0.0	0.0	0.0	0.0	0.0	0.058823529411764705	0.07142857142857142	0.11764705882352941	0.0	0.05454545454545454	0.0	0.023255813953488372	0.0	0.0	0.0	0.0	0.0	0.0	
Savannah Sparrow	0.0	0.0	0.0	0.0	0.0	0.0	0.0	0.0	0.0	0.0	0.1	0.08333333333333333	0.2	0.3333333333333333	0.36363636363636365	0.5172413793103449	0.631578947368421	0.55	0.7777777777777778	0.7272727272727273	0.25	0.2	0.6666666666666666	0.14285714285714285	0.0	0.5714285714285714	0.0	0.2	0.0	0.0	0.35714285714285715	0.34615384615384615	0.45454545454545453	0.5714285714285714	0.8181818181818182	0.6470588235294118	0.5714285714285714	0.7647058823529411	0.6551724137931034	0.6363636363636364	0.3469387755102041	0.32558139534883723	0.13793103448275862	0.0015	0.2	0.0	0.2857142857142857	0.0	
Song Sparrow	0.5	0.2	0.6666666666666666	1.0	1.0	1.0	1.0	0.6	0.6666666666666666	1.0	0.3	0.8333333333333334	0.8	0.4444444444444444	0.5	0.4482758620689655	0.5789473684210527	0.6	0.7777777777777778	0.8181818181818182	0.5	0.9	1.0	0.8571428571428571	0.0	0.7142857142857143	1.0	0.6	0.125	0.2727272727272727	0.14285714285714285	0.38461538461538464	0.18181818181818182	0.7142857142857143	0.8181818181818182	0.7058823529411765	0.9285714285714286	0.8235294117647058	0.7241379310344828	0.9090909090909091	0.673469387755102	0.813953488372093	0.7241379310344828	0.7	0.7	0.75	0.8571428571428571	0.42857142857142855	
Lincoln's Sparrow	0.0	0.0	0.3333333333333333	0.0	0.0	0.0	0.0	0.0	0.0	0.0	0.0	0.08333333333333333	0.0	0.0	0.0	0.034482758620689655	0.05263157894736842	0.0	0.0	0.0	0.0	0.0	0.0	0.0	0.0	0.0	0.0	0.0	0.0	0.0	0.0	0.0	0.0	0.0	0.18181818181818182	0.08823529411764706	0.07142857142857142	0.058823529411764705	0.0	0.09090909090909091	0.04081632653061224	0.046511627906976744	0.0	0.0	0.0	0.0	0.2857142857142857	0.0	
Swamp Sparrow	0.0	0.0	0.0	0.0	0.0	0.0	0.0	0.0	0.0	0.0	0.0	0.0	0.0	0.0	0.0	0.0	0.0	0.0	0.0	0.0	0.0	0.0	0.0	0.0	0.0	0.0	0.0	0.0	0.0	0.0	0.0	0.0	0.0	0.0	0.0	0.0	0.0015	0.058823529411764705	0.0	0.0	0.04081632653061224	0.023255813953488372	0.0	0.0	0.0	0.25	0.0	0.0	
Spotted Towhee	0.0	0.2	0.0	0.3333333333333333	0.0	0.0	0.3333333333333333	0.2	0.0	0.25	0.3	0.16666666666666666	0.2	0.1111111111111111	0.045454545454545456	0.034482758620689655	0.0	0.15	0.1111111111111111	0.09090909090909091	0.0	0.1	0.3333333333333333	0.14285714285714285	0.0	0.0	0.0	0.0	0.0	0.09090909090909091	0.0	0.0	0.0	0.0	0.09090909090909091	0.23529411764705882	0.5714285714285714	0.23529411764705882	0.3448275862068966	0.5454545454545454	0.24489795918367346	0.32558139534883723	0.3448275862068966	0.5	0.3	0.75	0.42857142857142855	0.14285714285714285	
sparrow sp.	0.0	0.0	0.0	0.0	0.0	0.0	0.0	0.0	0.0	0.0	0.0	0.0	0.0	0.0	0.0	0.0	0.0	0.0	0.0	0.0	0.0	0.0	0.0	0.0	0.0	0.0	0.0	0.0	0.0	0.0	0.0	0.0	0.0	0.0	0.0	0.029411764705882353	0.0	0.0	0.034482758620689655	0.01818181818181818	0.02040816326530612	0.023255813953488372	0.0	0.0	0.0	0.0	0.0	0.0	
Western Meadowlark	0.0	0.2	0.0015	0.0	0.0	0.3333333333333333	0.3333333333333333	0.2	0.6666666666666666	0.25	0.3	0.0	0.0	0.0	0.0	0.0	0.0	0.0	0.0	0.0	0.0	0.0	0.0	0.0	0.0	0.0	0.0	0.0	0.0	0.0	0.0	0.0	0.0	0.0	0.0	0.14705882352941177	0.07142857142857142	0.17647058823529413	0.27586206896551724	0.43636363636363634	0.3469387755102041	0.3488372093023256	0.2413793103448276	0.3	0.4	0.5	0.14285714285714285	0.0	
Western/Eastern Meadowlark	0.0	0.0	0.0	0.0	0.0	0.0	0.0	0.0	0.0	0.0	0.0	0.0	0.0	0.0	0.0	0.0	0.0	0.0	0.0	0.0	0.0	0.0	0.0	0.0	0.0	0.0	0.0	0.0	0.0	0.0	0.0	0.0	0.0	0.0	0.0	0.0	0.0	0.0	0.0	0.0	0.02040816326530612	0.0	0.0	0.0	0.0	0.0	0.0	0.0	
Red-winged Blackbird	0.0	0.4	0.0015	0.3333333333333333	0.0	0.0	0.3333333333333333	0.2	0.0	0.25	0.1	0.4166666666666667	0.6	0.2222222222222222	0.13636363636363635	0.06896551724137931	0.21052631578947367	0.2	0.1111111111111111	0.45454545454545453	0.25	0.2	0.3333333333333333	0.14285714285714285	0.0	0.0	0.0	0.2	0.125	0.18181818181818182	0.14285714285714285	0.19230769230769232	0.18181818181818182	0.19047619047619047	0.18181818181818182	0.17647058823529413	0.2857142857142857	0.17647058823529413	0.20689655172413793	0.2727272727272727	0.22448979591836735	0.11627906976744186	0.034482758620689655	0.1	0.0	0.25	0.14285714285714285	0.0	
Brown-headed Cowbird	0.0	0.0	0.0	0.0	0.0	0.0	0.0	0.0	0.0	0.0	0.0	0.0	0.2	0.0	0.09090909090909091	0.13793103448275862	0.42105263157894735	0.45	0.4444444444444444	0.5454545454545454	0.25	0.3	0.3333333333333333	0.42857142857142855	0.0	0.0	0.0	0.0	0.25	0.09090909090909091	0.21428571428571427	0.11538461538461539	0.09090909090909091	0.09523809523809523	0.0	0.0	0.07142857142857142	0.0	0.0	0.05454545454545454	0.0	0.046511627906976744	0.0	0.0	0.0	0.0	0.0	0.0	
Brewer's Blackbird	0.0	0.0	0.0	0.0	0.0	0.0	0.0	0.0	0.0	0.0	0.0	0.0	0.0	0.0	0.0	0.0	0.0	0.0	0.0	0.0	0.0	0.0	0.0	0.0	0.0	0.0	0.0	0.0	0.0	0.0	0.0	0.0	0.0	0.0	0.0	0.0	0.0	0.0	0.0	0.01818181818181818	0.0	0.023255813953488372	0.0	0.0	0.0	0.25	0.14285714285714285	0.0	
blackbird sp.	0.0	0.0	0.0	0.0	0.0	0.0	0.0	0.0	0.0	0.0	0.0	0.0	0.0	0.0	0.0	0.0	0.0	0.0	0.0	0.0	0.0	0.1	0.0	0.0	0.0	0.0	0.0	0.0	0.0	0.0	0.0	0.0	0.0	0.0	0.0	0.0	0.0	0.0	0.0	0.0	0.0	0.0	0.0	0.0	0.0	0.0	0.0	0.0	
Orange-crowned Warbler	0.0	0.0	0.0	0.0	0.0	0.0	0.0	0.0	0.0	0.0	0.0	0.08333333333333333	0.6	0.5555555555555556	0.5909090909090909	0.5172413793103449	0.7894736842105263	0.85	0.8888888888888888	0.8181818181818182	0.75	0.8	1.0	0.5714285714285714	0.0	0.42857142857142855	0.0	0.0015	0.0	0.36363636363636365	0.2857142857142857	0.2692307692307692	0.09090909090909091	0.3333333333333333	0.18181818181818182	0.029411764705882353	0.07142857142857142	0.0	0.0	0.0	0.0	0.0	0.0	0.0	0.0	0.0	0.0	0.0	
Nashville Warbler	0.0	0.0	0.0	0.0	0.0	0.0	0.0	0.0	0.0	0.0	0.0	0.0	0.0	0.0	0.0	0.0	0.0	0.0	0.0	0.0	0.0	0.0	0.0	0.0	0.0	0.0	0.0	0.0	0.0	0.0	0.0	0.0	0.0	0.0	0.0	0.0	0.0	0.0	0.034482758620689655	0.0	0.0	0.0	0.0	0.0	0.0	0.0	0.0	0.0	
Common Yellowthroat	0.0	0.0	0.0	0.0	0.0	0.0	0.0	0.0	0.0	0.0	0.0	0.0	0.2	0.0	0.045454545454545456	0.06896551724137931	0.21052631578947367	0.05	0.0	0.09090909090909091	0.0	0.1	0.0	0.0	0.0	0.14285714285714285	0.0	0.0	0.0	0.09090909090909091	0.21428571428571427	0.11538461538461539	0.045454545454545456	0.19047619047619047	0.36363636363636365	0.11764705882352941	0.0	0.0	0.034482758620689655	0.05454545454545454	0.0	0.0	0.0	0.0	0.0	0.0	0.0	0.0	
Yellow Warbler	0.0	0.0	0.0	0.0	0.0	0.0	0.0	0.0	0.0	0.0	0.0	0.0	0.0	0.0	0.0	0.06896551724137931	0.05263157894736842	0.2	0.2222222222222222	0.45454545454545453	0.25	0.1	0.0	0.0	0.0	0.0	0.0	0.0	0.0	0.0	0.07142857142857142	0.038461538461538464	0.0	0.19047619047619047	0.36363636363636365	0.029411764705882353	0.0	0.0	0.0	0.01818181818181818	0.0	0.0	0.0	0.0	0.1	0.0	0.0	0.0	
Palm Warbler	0.0	0.0	0.0	0.0	0.0	0.0	0.0	0.0	0.0	0.0	0.0	0.0	0.0	0.0	0.0	0.0	0.0015	0.0	0.1111111111111111	0.0	0.0	0.0	0.0	0.0	0.0	0.0	0.0	0.0	0.0	0.0	0.0	0.0	0.0	0.0	0.0	0.0	0.0	0.058823529411764705	0.10344827586206896	0.2909090909090909	0.08163265306122448	0.16279069767441862	0.034482758620689655	0.0	0.0	0.25	0.0	0.0	
Yellow-rumped Warbler	0.0	0.0	0.0	0.0	0.0	0.0	0.0	0.0	0.0	0.0	0.1	0.16666666666666666	0.6	0.3333333333333333	0.3181818181818182	0.2413793103448276	0.5263157894736842	0.45	0.2222222222222222	0.36363636363636365	0.0	0.1	0.3333333333333333	0.14285714285714285	0.0	0.0	0.0	0.0	0.0	0.0	0.0	0.0	0.0	0.047619047619047616	0.09090909090909091	0.058823529411764705	0.07142857142857142	0.17647058823529413	0.06896551724137931	0.18181818181818182	0.061224489795918366	0.023255813953488372	0.034482758620689655	0.0	0.0	0.0	0.0	0.0	
Black-throated Gray Warbler	0.0	0.0	0.0	0.0	0.0	0.0	0.0	0.0	0.0	0.0	0.0	0.0	0.0	0.0	0.0	0.034482758620689655	0.3157894736842105	0.0	0.0	0.0	0.0	0.0	0.0	0.0	0.0	0.0	0.0	0.0	0.0	0.09090909090909091	0.07142857142857142	0.0	0.0	0.19047619047619047	0.18181818181818182	0.0	0.0	0.0	0.0	0.0	0.0	0.0	0.0	0.0	0.0	0.0	0.0	0.0	
Townsend's Warbler	0.0	0.0	0.0	0.0	0.0	0.0	0.0	0.0	0.0	0.0	0.0	0.0	0.0	0.0	0.0	0.10344827586206896	0.05263157894736842	0.05	0.1111111111111111	0.09090909090909091	0.0	0.0	0.0	0.0	0.0	0.0	0.0	0.0	0.0	0.09090909090909091	0.0	0.0	0.0	0.0015	0.0	0.0	0.0	0.0	0.0	0.0	0.02040816326530612	0.06976744186046512	0.0	0.0	0.0	0.0	0.0	0.0	
Wilson's Warbler	0.0	0.0	0.0	0.0	0.0	0.0	0.0	0.0	0.0	0.0	0.0	0.0	0.0	0.0	0.045454545454545456	0.3448275862068966	0.5789473684210527	0.6	0.6666666666666666	0.5454545454545454	0.75	0.6	0.6666666666666666	0.8571428571428571	0.5	0.2857142857142857	1.0	0.2	0.25	0.36363636363636365	0.14285714285714285	0.2692307692307692	0.0	0.23809523809523808	0.09090909090909091	0.0	0.0	0.0	0.0	0.0	0.0	0.0	0.0	0.0	0.0	0.0	0.0	0.0	
warbler sp. (Parulidae sp.)	0.0	0.0	0.0	0.0	0.0	0.0	0.0	0.0	0.0	0.0	0.0	0.0	0.0	0.0	0.0	0.0	0.0	0.05	0.0	0.0	0.0	0.0	0.0	0.0	0.0	0.0	0.0	0.0	0.0	0.0	0.0	0.0	0.0	0.0	0.09090909090909091	0.0	0.07142857142857142	0.0	0.0	0.03636363636363636	0.0	0.0	0.0	0.0	0.0	0.0	0.0	0.0	
Western Tanager	0.0	0.0	0.0	0.0	0.0	0.0	0.0	0.0	0.0	0.0	0.0	0.0	0.0	0.0	0.0	0.0	0.0	0.05	0.2222222222222222	0.09090909090909091	0.25	0.0	0.0	0.0	0.0	0.0	0.0	0.0	0.0	0.0	0.0	0.0	0.0	0.047619047619047616	0.0	0.0	0.0	0.0	0.0	0.0	0.0	0.0	0.0	0.0	0.0	0.0	0.0	0.0	
Black-headed Grosbeak	0.0	0.0	0.0	0.0	0.0	0.0	0.0	0.0	0.0	0.0	0.0	0.0	0.0	0.0	0.0	0.0	0.05263157894736842	0.0	0.0	0.0	0.0	0.0	0.0	0.14285714285714285	0.0	0.0	0.0	0.0	0.0	0.0	0.0	0.0	0.0	0.0	0.0	0.0	0.0	0.0	0.0	0.0	0.0	0.0	0.0	0.0	0.0	0.0	0.0	0.0	
Lazuli Bunting	0.0	0.0	0.0	0.0	0.0	0.0	0.0	0.0	0.0	0.0	0.0	0.0	0.0	0.0	0.0	0.0	0.0	0.0	0.0	0.0	0.0	0.0	0.0	0.0	0.0	0.0	0.0	0.0	0.0	0.0	0.0	0.0	0.0	0.0	0.0	0.029411764705882353	0.0	0.0	0.0	0.0	0.0	0.0	0.0	0.0	0.0	0.0	0.0	0.0	
Dickcissel	0.0	0.0	0.0	0.0	0.0	0.0	0.0	0.0	0.0	0.0	0.0	0.0	0.0	0.0	0.0	0.0	0.0	0.0	0.0	0.09090909090909091	0.0	0.0	0.0	0.0	0.0	0.0	0.0	0.0	0.0	0.0	0.0	0.0	0.0	0.0	0.0	0.0	0.0	0.0	0.0	0.0	0.0	0.13953488372093023	0.0	0.0	0.0	0.0	0.0	0.0	
House Sparrow	0.0	0.0	0.0	0.0	0.0	0.0	0.0	0.0	0.0	0.0	0.0	0.0	0.0	0.0	0.0	0.0	0.0	0.0	0.1111111111111111	0.09090909090909091	0.0	0.0	0.0	0.0	0.0	0.0	0.0	0.0	0.0	0.0	0.0	0.0	0.0	0.0	0.0	0.0	0.0	0.0	0.034482758620689655	0.0	0.0	0.023255813953488372	0.0	0.0	0.0	0.0	0.0	0.0	
passerine sp.	0.0	0.0	0.0	0.0	0.0	0.0	0.0	0.0	0.0	0.0	0.0	0.0	0.0	0.0	0.0	0.0	0.0	0.0015	0.0	0.0	0.0	0.0	0.0	0.0	0.0	0.0	0.0	0.0	0.0	0.0	0.0	0.0	0.0	0.0	0.0	0.0015	0.0	0.0	0.0	0.0015	0.02040816326530612	0.046511627906976744	0.0	0.0	0.0	0.0	0.0	0.0	

