









Frequency of observations in the selected location(s).:
Number of taxa: 	215

	Jan				Feb				Mar				Apr				May				Jun				Jul				Aug				Sep				Oct				Nov				Dec				
Sample Size:	17.0	9.0	14.0	22.0	10.0	8.0	17.0	7.0	6.0	6.0	14.0	12.0	5.0	7.0	11.0	17.0	5.0	3.0	5.0	10.0	6.0	4.0	3.0	5.0	2.0	9.0	3.0	22.0	8.0	10.0	10.0	16.0	9.0	13.0	14.0	24.0	19.0	15.0	8.0	17.0	12.0	12.0	14.0	12.0	3.0	6.0	3.0	10.0	

Snow Goose	0.0	0.0	0.0	0.0	0.0	0.0	0.0	0.0	0.0	0.0	0.0	0.08333333333333333	0.0	0.0	0.0	0.0	0.0	0.0	0.0	0.0	0.0	0.0	0.0	0.0	0.0	0.0	0.0	0.0	0.0	0.0	0.0	0.0	0.0	0.0	0.0	0.0	0.0	0.0	0.0	0.0	0.0	0.0	0.0	0.0	0.0	0.0	0.0	0.0	
Greater White-fronted Goose	0.0	0.0	0.0	0.0	0.0	0.0	0.0	0.0	0.0	0.0	0.0	0.0	0.0	0.0	0.0	0.0	0.0	0.0	0.0	0.0	0.0	0.0	0.0	0.0	0.0	0.0	0.0	0.0	0.0	0.0	0.0	0.0	0.0	0.0	0.0	0.0	0.0	0.06666666666666667	0.0	0.0	0.0	0.0	0.0	0.0	0.0	0.0	0.0	0.0	
Brant	0.0	0.0	0.0	0.0	0.0	0.0	0.0	0.14285714285714285	0.0	0.0	0.0	0.0	0.0	0.0	0.0	0.058823529411764705	0.0	0.0	0.0	0.0	0.0	0.0	0.0	0.0	0.0	0.0	0.0	0.0	0.0	0.0	0.0	0.0	0.0	0.0	0.0	0.0	0.0	0.0	0.0	0.0	0.0	0.0	0.0	0.0	0.0	0.0	0.0	0.0	
Cackling Goose	0.0	0.0	0.0	0.0	0.0	0.0	0.0	0.0	0.0	0.0	0.0	0.0	0.0	0.0	0.0	0.058823529411764705	0.0	0.0	0.2	0.0	0.0	0.0	0.0	0.0	0.0	0.1111111111111111	0.0	0.0	0.0	0.0	0.0	0.0625	0.0	0.0	0.0	0.08333333333333333	0.0	0.0	0.0	0.11764705882352941	0.16666666666666666	0.08333333333333333	0.0	0.0	0.0	0.0	0.0	0.0	
Canada Goose	0.0015	0.0	0.0	0.045454545454545456	0.1	0.375	0.29411764705882354	0.0	0.0	0.16666666666666666	0.21428571428571427	0.4166666666666667	0.2	0.42857142857142855	0.2727272727272727	0.35294117647058826	0.2	0.0	0.2	0.5	0.8333333333333334	0.75	1.0	1.0	0.5	0.4444444444444444	0.6666666666666666	0.36363636363636365	0.75	0.4	0.3	0.3125	0.3333333333333333	0.5384615384615384	0.42857142857142855	0.625	0.42105263157894735	0.6	0.625	0.4117647058823529	0.25	0.25	0.07142857142857142	0.25	0.0	0.0	0.0	0.1	
Cackling/Canada Goose	0.0	0.0	0.0	0.0	0.0	0.0	0.0	0.0	0.0	0.0	0.0	0.0	0.0	0.0	0.0	0.0	0.0	0.0	0.0015	0.0	0.0	0.0	0.0	0.0	0.0	0.0	0.0	0.0	0.0	0.0	0.0	0.0	0.0	0.0	0.0	0.0	0.0	0.0	0.0	0.0	0.0	0.0	0.07142857142857142	0.0	0.0	0.0	0.0	0.0	
Trumpeter Swan	0.0	0.0	0.0	0.0	0.0	0.0	0.0	0.0	0.0	0.0	0.07142857142857142	0.0	0.0	0.0	0.0	0.0	0.0	0.0	0.0	0.0	0.0	0.0	0.0	0.0	0.0	0.0	0.0	0.0	0.0	0.0	0.0	0.0	0.0	0.0	0.0	0.0	0.0	0.0	0.0	0.0	0.0	0.16666666666666666	0.07142857142857142	0.0	0.0	0.0	0.0	0.0	
Trumpeter/Tundra Swan	0.0	0.0	0.0	0.0	0.0	0.0	0.0	0.0	0.0	0.0	0.0	0.0	0.0	0.0	0.0	0.0	0.0	0.0	0.0	0.0	0.0	0.0	0.0	0.0	0.0	0.0	0.0	0.0	0.0	0.0	0.0	0.0	0.0	0.0	0.0	0.0	0.0	0.0	0.125	0.0	0.0	0.08333333333333333	0.0	0.0	0.0	0.0	0.0	0.0	
Wood Duck	0.0	0.0	0.0	0.0	0.0	0.0	0.0	0.0	0.0	0.0	0.0	0.0	0.0	0.0	0.0	0.0	0.0	0.0	0.0	0.0	0.0	0.0	0.0	0.0	0.0	0.1111111111111111	0.0	0.0	0.0	0.1	0.0	0.0	0.0	0.0	0.0	0.0	0.0	0.0	0.0	0.0	0.0	0.0	0.0	0.0	0.0	0.0	0.0	0.0	
Blue-winged Teal	0.0	0.0	0.0	0.0	0.0	0.0	0.0	0.0	0.0	0.0	0.0	0.0	0.0	0.0	0.0	0.0	0.0	0.0	0.0	0.1	0.0	0.0	0.0	0.0	0.0	0.0	0.0	0.0	0.0	0.0	0.0	0.0625	0.0	0.07692307692307693	0.0	0.0	0.0	0.0	0.0	0.0	0.0	0.0	0.0	0.0	0.0	0.0	0.0	0.0	
Cinnamon Teal	0.0	0.0	0.0	0.0	0.0	0.0	0.0	0.0	0.0	0.0	0.0	0.0	0.0	0.0	0.0	0.0	0.0	0.0	0.0	0.0	0.0	0.0	0.0	0.0	0.0	0.0	0.0	0.0	0.0	0.0	0.1	0.0	0.0	0.07692307692307693	0.0	0.0	0.0	0.0	0.0	0.0	0.0	0.0	0.0	0.0	0.0	0.0	0.0	0.0	
Blue-winged/Cinnamon Teal	0.0	0.0	0.0	0.0	0.0	0.0	0.0	0.0	0.0	0.0	0.0	0.0	0.0	0.0	0.0	0.0	0.0	0.0	0.0	0.0	0.0	0.0	0.0	0.0	0.0	0.0	0.0	0.0	0.0	0.0	0.0	0.0	0.0	0.0	0.0	0.041666666666666664	0.0	0.0	0.0	0.0	0.0	0.0	0.0	0.0	0.0	0.0	0.0	0.0	
Northern Shoveler	0.47058823529411764	0.6666666666666666	0.35714285714285715	0.36363636363636365	0.6	0.375	0.17647058823529413	0.2857142857142857	0.8333333333333334	0.3333333333333333	0.2857142857142857	0.25	0.2	0.42857142857142855	0.45454545454545453	0.29411764705882354	0.2	0.0	0.0	0.2	0.0	0.0	0.3333333333333333	0.4	0.0	0.0	0.0	0.045454545454545456	0.125	0.3	0.2	0.5625	0.3333333333333333	0.6923076923076923	0.7857142857142857	0.75	0.7894736842105263	0.9333333333333333	1.0	0.9411764705882353	0.75	0.5833333333333334	0.5714285714285714	0.75	0.3333333333333333	0.3333333333333333	0.6666666666666666	0.6	
Gadwall	0.5294117647058824	0.2222222222222222	0.5714285714285714	0.3181818181818182	0.3	0.25	0.23529411764705882	0.2857142857142857	0.6666666666666666	0.3333333333333333	0.42857142857142855	0.4166666666666667	0.6	0.7142857142857143	0.5454545454545454	0.4117647058823529	0.6	0.6666666666666666	0.8	0.7	1.0	0.75	0.6666666666666666	0.8	0.5	0.3333333333333333	0.0	0.18181818181818182	0.25	0.3	0.5	0.5	0.3333333333333333	0.7692307692307693	0.7857142857142857	0.75	0.7368421052631579	0.9333333333333333	0.75	0.9411764705882353	0.8333333333333334	0.8333333333333334	0.7857142857142857	0.75	0.3333333333333333	1.0	0.6666666666666666	0.5	
Eurasian Wigeon	0.29411764705882354	0.2222222222222222	0.35714285714285715	0.22727272727272727	0.4	0.25	0.4117647058823529	0.0	0.3333333333333333	0.16666666666666666	0.07142857142857142	0.16666666666666666	0.2	0.14285714285714285	0.0	0.0	0.0	0.0	0.0	0.0	0.0	0.0	0.0	0.0	0.0	0.0	0.0	0.0	0.0	0.0	0.0	0.0	0.0	0.0	0.21428571428571427	0.125	0.10526315789473684	0.13333333333333333	0.625	0.5294117647058824	0.5	0.25	0.5	0.3333333333333333	0.6666666666666666	0.3333333333333333	0.0	0.5	
American Wigeon	0.7647058823529411	0.8888888888888888	0.9285714285714286	0.8636363636363636	0.9	1.0	0.8823529411764706	0.5714285714285714	0.8333333333333334	0.5	0.7857142857142857	0.5	0.2	0.42857142857142855	0.5454545454545454	0.29411764705882354	0.2	0.0	0.0	0.1	0.0	0.25	0.0015	0.0	0.0	0.1111111111111111	0.0	0.09090909090909091	0.25	0.1	0.1	0.3125	0.5555555555555556	0.8461538461538461	1.0	1.0	0.9473684210526315	1.0	1.0	1.0	1.0	0.9166666666666666	0.9285714285714286	0.9166666666666666	1.0	0.8333333333333334	0.3333333333333333	0.9	
Eurasian x American Wigeon (hybrid)	0.0	0.0	0.0	0.045454545454545456	0.0	0.0	0.0	0.0	0.0	0.0	0.0	0.0	0.0	0.0	0.0	0.0	0.0	0.0	0.0	0.0	0.0	0.0	0.0	0.0	0.0	0.0	0.0	0.0	0.0	0.0	0.0	0.0	0.0	0.0	0.0	0.0	0.0	0.0	0.0	0.11764705882352941	0.16666666666666666	0.0	0.0	0.0	0.0	0.0	0.0	0.0	
Eurasian/American Wigeon	0.0	0.0	0.0	0.0	0.0	0.0	0.0	0.0	0.0	0.0	0.0	0.0	0.0	0.0	0.0	0.0	0.0	0.0	0.0	0.0	0.0	0.0	0.0	0.0	0.0	0.0	0.0	0.0	0.0	0.0	0.1	0.0	0.0	0.0	0.0	0.0	0.0	0.0	0.0	0.0	0.08333333333333333	0.0	0.0	0.0	0.0	0.0	0.0	0.0	
Mallard	1.0	1.0	1.0	0.8636363636363636	1.0	1.0	0.9411764705882353	0.8571428571428571	1.0	1.0	0.9285714285714286	1.0	1.0	0.7142857142857143	1.0	1.0	0.8	1.0	1.0	0.8	1.0	1.0	0.6666666666666666	1.0	1.0	0.7777777777777778	1.0	0.9090909090909091	1.0	0.6	0.9	1.0	1.0	1.0	0.8571428571428571	0.875	1.0	1.0	1.0	1.0	1.0	0.9166666666666666	1.0	1.0	1.0	1.0	1.0	0.9	
Northern Pintail	0.0	0.0	0.0	0.09090909090909091	0.0	0.125	0.058823529411764705	0.0	0.0	0.0	0.0	0.0	0.0	0.0	0.0	0.0	0.0	0.0	0.0	0.0	0.0	0.0	0.0	0.0	0.0	0.0	0.0	0.0	0.125	0.0	0.3	0.375	0.3333333333333333	0.46153846153846156	0.5714285714285714	0.625	0.5789473684210527	0.7333333333333333	0.625	0.7058823529411765	0.5	0.3333333333333333	0.42857142857142855	0.25	0.0	0.16666666666666666	0.0	0.3	
Green-winged Teal	0.058823529411764705	0.0	0.0	0.13636363636363635	0.0	0.0	0.0	0.0	0.0	0.0	0.14285714285714285	0.0	0.0	0.0	0.09090909090909091	0.0	0.2	0.0	0.0	0.0	0.16666666666666666	0.0	0.0	0.0	0.0	0.1111111111111111	0.0	0.0	0.125	0.1	0.2	0.375	0.3333333333333333	0.3076923076923077	0.5	0.625	0.5789473684210527	0.6666666666666666	0.75	0.5294117647058824	0.3333333333333333	0.25	0.07142857142857142	0.25	0.0015	0.0	0.0	0.1	
dabbling duck sp.	0.0	0.0	0.0	0.0	0.0	0.0	0.0	0.0	0.0	0.0	0.0	0.0	0.0	0.0	0.0	0.0	0.0	0.0	0.0	0.0	0.0	0.0	0.0	0.0	0.0	0.0	0.0	0.0	0.0	0.0015	0.1	0.125	0.0	0.15384615384615385	0.14285714285714285	0.08333333333333333	0.0	0.06666666666666667	0.125	0.058823529411764705	0.0	0.0	0.07142857142857142	0.0	0.0	0.0	0.0	0.0	
Canvasback	0.0	0.1111111111111111	0.0	0.0	0.0	0.0	0.0	0.0	0.0	0.0	0.0	0.0	0.0	0.0	0.0	0.0	0.0	0.0	0.0	0.0	0.0	0.0	0.0	0.0	0.0	0.0	0.0	0.0	0.0	0.0	0.0	0.0	0.0	0.0	0.0	0.0	0.0	0.0	0.0	0.058823529411764705	0.0	0.0	0.0	0.0	0.0	0.0	0.0	0.0	
Redhead	0.0	0.0	0.0	0.0	0.0	0.0	0.0	0.0	0.0	0.0	0.0	0.0	0.0	0.0	0.0	0.0	0.0	0.0	0.0	0.0	0.0	0.0	0.0	0.0	0.0	0.0	0.0	0.0	0.0	0.0	0.0	0.0	0.0	0.0	0.0	0.0	0.0	0.0	0.0	0.0	0.0	0.0	0.0	0.0	0.0	0.0	0.0	0.1	
Ring-necked Duck	0.17647058823529413	0.1111111111111111	0.14285714285714285	0.13636363636363635	0.0	0.25	0.058823529411764705	0.0	0.3333333333333333	0.0	0.2857142857142857	0.0	0.2	0.0	0.09090909090909091	0.29411764705882354	0.2	0.3333333333333333	0.2	0.0	0.16666666666666666	0.5	0.3333333333333333	0.2	0.0	0.0	0.0	0.045454545454545456	0.0	0.1	0.0	0.0625	0.0	0.0	0.07142857142857142	0.08333333333333333	0.21052631578947367	0.06666666666666667	0.25	0.29411764705882354	0.25	0.0	0.0	0.25	0.0	0.0	0.3333333333333333	0.2	
Greater Scaup	0.17647058823529413	0.1111111111111111	0.0	0.13636363636363635	0.1	0.25	0.058823529411764705	0.2857142857142857	0.16666666666666666	0.16666666666666666	0.21428571428571427	0.08333333333333333	0.0	0.0	0.0	0.058823529411764705	0.0	0.0	0.0	0.0	0.0	0.25	0.0	0.0	0.0	0.0	0.0	0.0	0.0	0.0015	0.0	0.125	0.1111111111111111	0.07692307692307693	0.0	0.0	0.05263157894736842	0.0	0.125	0.17647058823529413	0.25	0.0	0.14285714285714285	0.0	0.0015	0.0	0.0	0.1	
Lesser Scaup	0.5294117647058824	0.1111111111111111	0.07142857142857142	0.45454545454545453	0.7	0.625	0.4117647058823529	0.0	0.8333333333333334	0.8333333333333334	0.6428571428571429	0.5833333333333334	0.2	0.42857142857142855	0.2727272727272727	0.6470588235294118	0.8	1.0	0.6	0.4	0.16666666666666666	0.25	0.3333333333333333	0.0	0.0	0.0	0.0	0.045454545454545456	0.0	0.1	0.3	0.3125	0.2222222222222222	0.07692307692307693	0.07142857142857142	0.16666666666666666	0.3684210526315789	0.3333333333333333	0.125	0.5294117647058824	0.4166666666666667	0.25	0.5	0.3333333333333333	0.6666666666666666	0.8333333333333334	0.3333333333333333	0.7	
Greater/Lesser Scaup	0.0	0.0	0.07142857142857142	0.13636363636363635	0.1	0.0	0.058823529411764705	0.0	0.0	0.0	0.0	0.0	0.0	0.0	0.09090909090909091	0.058823529411764705	0.0	0.0	0.0015	0.0	0.0	0.0	0.0	0.0	0.0	0.0	0.0	0.0	0.0	0.0	0.0	0.0	0.0	0.0	0.0	0.0	0.0	0.0	0.125	0.0	0.0	0.16666666666666666	0.14285714285714285	0.08333333333333333	0.0	0.16666666666666666	0.0	0.0	
Aythya sp.	0.0	0.0	0.0	0.0	0.0	0.0	0.0	0.0	0.0	0.0	0.0	0.0	0.0	0.0	0.0	0.058823529411764705	0.0	0.0	0.0	0.0	0.0	0.0	0.0	0.0	0.0	0.0	0.0	0.0	0.0	0.0	0.0	0.0	0.0	0.0	0.0	0.0	0.0	0.0	0.0	0.0	0.0	0.0	0.0	0.0	0.0	0.0	0.0	0.0	
Harlequin Duck	0.0	0.0	0.0	0.045454545454545456	0.0	0.0	0.0	0.0	0.0	0.0	0.0	0.0	0.0	0.0	0.0	0.0	0.0	0.0	0.0	0.0	0.0	0.0	0.0	0.0	0.0	0.0	0.0	0.0	0.0	0.0	0.0	0.0	0.0	0.0	0.0	0.0	0.0	0.0	0.0	0.0	0.0	0.0	0.0	0.0	0.0	0.0	0.0	0.0	
Surf Scoter	0.0	0.0	0.0	0.045454545454545456	0.1	0.0	0.0	0.14285714285714285	0.0	0.0	0.0	0.0	0.0	0.0	0.0	0.058823529411764705	0.0	0.0	0.0	0.0	0.0	0.0	0.0	0.0	0.0	0.0	0.0	0.0	0.0	0.0	0.0	0.0	0.0	0.0	0.0	0.0	0.0	0.0	0.0	0.0	0.0	0.0	0.0	0.08333333333333333	0.0	0.0	0.0	0.0	
White-winged Scoter	0.0	0.0	0.0	0.045454545454545456	0.0	0.0	0.0	0.14285714285714285	0.0	0.0	0.0	0.0	0.0	0.0	0.0	0.0	0.0	0.0	0.0	0.0	0.0	0.0	0.0	0.0	0.0	0.0	0.0	0.0	0.0	0.0	0.0	0.0	0.0	0.0	0.0	0.0	0.0	0.0	0.0	0.0	0.0	0.0	0.0	0.0	0.0	0.0	0.0	0.0	
Bufflehead	0.7058823529411765	0.5555555555555556	0.8571428571428571	0.8181818181818182	0.7	1.0	0.9411764705882353	0.7142857142857143	0.6666666666666666	0.6666666666666666	0.9285714285714286	0.9166666666666666	0.8	1.0	1.0	0.8823529411764706	0.8	1.0	0.4	0.1	0.0	0.0	0.3333333333333333	0.0	0.0	0.1111111111111111	0.0	0.0	0.125	0.1	0.1	0.125	0.2222222222222222	0.0	0.0	0.041666666666666664	0.10526315789473684	0.13333333333333333	0.5	0.8823529411764706	0.8333333333333334	0.75	0.9285714285714286	0.9166666666666666	1.0	0.6666666666666666	1.0	0.9	
Common Goldeneye	0.058823529411764705	0.0	0.14285714285714285	0.3181818181818182	0.3	0.375	0.35294117647058826	0.42857142857142855	0.16666666666666666	0.0	0.5	0.16666666666666666	0.0	0.5714285714285714	0.2727272727272727	0.17647058823529413	0.0	0.0	0.0	0.0	0.0	0.0	0.0	0.0	0.0	0.0	0.0	0.0	0.0	0.0	0.0	0.0	0.0	0.0	0.0	0.0	0.0	0.0	0.0	0.0	0.08333333333333333	0.4166666666666667	0.6428571428571429	0.25	0.0	0.16666666666666666	0.3333333333333333	0.2	
Barrow's Goldeneye	0.0	0.0	0.07142857142857142	0.09090909090909091	0.0	0.0	0.0	0.0	0.0	0.0	0.0	0.0	0.0	0.2857142857142857	0.18181818181818182	0.058823529411764705	0.0	0.0	0.0	0.0	0.0	0.0	0.0	0.0	0.0	0.0	0.0	0.0	0.0	0.0	0.0	0.0	0.0	0.0	0.0	0.0	0.0	0.0	0.0	0.0	0.0	0.0	0.07142857142857142	0.08333333333333333	0.0	0.16666666666666666	0.0	0.0	
Common/Barrow's Goldeneye	0.0	0.0	0.0	0.0	0.0	0.0	0.0	0.0	0.0	0.0	0.0	0.0	0.0	0.0	0.18181818181818182	0.0	0.0	0.0	0.0	0.0	0.0	0.0	0.0	0.0	0.0	0.0	0.0	0.0	0.0	0.0	0.0	0.0	0.0	0.0	0.0	0.0	0.0	0.0	0.0	0.0	0.0	0.0	0.0	0.0	0.0	0.0	0.0	0.0	
Hooded Merganser	0.17647058823529413	0.2222222222222222	0.42857142857142855	0.36363636363636365	0.3	0.25	0.29411764705882354	0.2857142857142857	0.16666666666666666	0.3333333333333333	0.5714285714285714	0.16666666666666666	0.0	0.2857142857142857	0.18181818181818182	0.35294117647058826	0.2	0.3333333333333333	0.6	0.6	0.8333333333333334	0.75	0.6666666666666666	0.6	0.5	0.4444444444444444	0.0	0.5454545454545454	0.625	0.5	0.5	0.5	0.6666666666666666	0.38461538461538464	0.5	0.2916666666666667	0.5263157894736842	0.5333333333333333	0.375	0.7058823529411765	0.6666666666666666	0.5	0.2857142857142857	0.5833333333333334	0.0	0.5	0.3333333333333333	0.7	
Common Merganser	0.0	0.0	0.21428571428571427	0.0	0.0	0.0	0.11764705882352941	0.14285714285714285	0.0	0.16666666666666666	0.21428571428571427	0.0	0.0	0.0	0.0	0.0	0.0	0.0	0.0	0.1	0.0	0.0	0.0	0.0	0.0	0.0	0.3333333333333333	0.0	0.0	0.0	0.1	0.0	0.0	0.0	0.07142857142857142	0.0	0.0	0.0	0.0	0.0	0.0	0.08333333333333333	0.0	0.0	0.0	0.0	0.0	0.0	
Red-breasted Merganser	0.0	0.1111111111111111	0.14285714285714285	0.09090909090909091	0.0	0.0	0.0	0.14285714285714285	0.0	0.0	0.14285714285714285	0.0	0.0	0.14285714285714285	0.0	0.058823529411764705	0.0	0.0	0.0	0.0	0.0	0.0	0.0	0.0	0.0	0.0	0.0	0.0	0.0	0.0	0.0	0.0	0.0	0.0	0.0	0.0	0.0	0.0	0.125	0.0	0.0	0.08333333333333333	0.0	0.08333333333333333	0.0	0.0	0.0	0.0	
Common/Red-breasted Merganser	0.0	0.0	0.0	0.0	0.0	0.0	0.0	0.0	0.0	0.0	0.0	0.0	0.0	0.0	0.0	0.0	0.0	0.0	0.0	0.0	0.0	0.0	0.0	0.0	0.0	0.0	0.0	0.045454545454545456	0.0	0.0	0.0	0.0	0.0	0.0	0.0	0.0	0.0	0.0	0.0	0.0	0.0	0.0	0.0	0.0	0.0	0.0	0.0	0.0	
Ruddy Duck	0.8235294117647058	0.5555555555555556	0.9285714285714286	0.9090909090909091	1.0	0.875	0.7647058823529411	0.8571428571428571	1.0	0.8333333333333334	1.0	0.9166666666666666	1.0	0.8571428571428571	0.9090909090909091	0.8235294117647058	1.0	0.6666666666666666	0.8	0.6	0.6666666666666666	0.75	0.6666666666666666	0.8	0.5	0.7777777777777778	0.6666666666666666	0.45454545454545453	1.0	0.4	0.6	0.625	0.6666666666666666	0.5384615384615384	0.7142857142857143	0.8333333333333334	0.8947368421052632	0.9333333333333333	0.875	0.8823529411764706	1.0	1.0	0.9285714285714286	0.8333333333333334	0.6666666666666666	1.0	1.0	1.0	
duck sp.	0.0	0.0	0.0	0.0	0.0	0.0	0.23529411764705882	0.0	0.0	0.0	0.0	0.0	0.0	0.0	0.0	0.0	0.4	0.0	0.0	0.0	0.0	0.0	0.0	0.0	0.0	0.0	0.3333333333333333	0.0	0.0	0.0	0.0	0.0	0.0015	0.3076923076923077	0.07142857142857142	0.0	0.05263157894736842	0.06666666666666667	0.0	0.058823529411764705	0.0	0.0	0.0	0.0	0.0	0.0	0.0	0.0	
California Quail	0.0	0.0	0.0	0.0	0.0	0.0	0.058823529411764705	0.0	0.0	0.0	0.0	0.0	0.0	0.0	0.0	0.0	0.0	0.0	0.0	0.0	0.0	0.0	0.0	0.0	0.0	0.0	0.0	0.0	0.0	0.0	0.0	0.0	0.0	0.0	0.07142857142857142	0.041666666666666664	0.0	0.0	0.0	0.0	0.0	0.0	0.0	0.0	0.0	0.0	0.0	0.0	
Ring-necked Pheasant	0.0	0.0	0.0	0.0	0.0	0.0	0.0	0.0	0.0	0.0	0.0	0.0	0.0	0.0	0.0	0.0	0.0	0.0	0.0	0.0	0.0	0.0	0.0	0.0	0.0	0.0	0.0	0.0	0.0	0.0	0.0	0.0	0.0	0.0	0.0	0.0	0.0	0.0	0.0	0.058823529411764705	0.0	0.0	0.0	0.0	0.0	0.0	0.0	0.0	
Pied-billed Grebe	0.29411764705882354	0.1111111111111111	0.5	0.4090909090909091	0.4	0.625	0.17647058823529413	0.42857142857142855	0.6666666666666666	0.6666666666666666	0.42857142857142855	0.6666666666666666	0.6	0.7142857142857143	0.6363636363636364	0.35294117647058826	0.2	0.6666666666666666	0.2	0.5	0.6666666666666666	0.25	0.3333333333333333	0.2	0.5	0.3333333333333333	0.0	0.22727272727272727	0.75	0.4	0.6	0.5625	0.6666666666666666	0.6923076923076923	0.35714285714285715	0.4583333333333333	0.6842105263157895	0.4	0.625	0.5882352941176471	0.6666666666666666	0.6666666666666666	0.42857142857142855	0.6666666666666666	0.6666666666666666	0.3333333333333333	0.6666666666666666	0.7	
Horned Grebe	0.0	0.0	0.0	0.045454545454545456	0.0	0.0	0.0	0.14285714285714285	0.0	0.0	0.0	0.08333333333333333	0.0	0.0	0.09090909090909091	0.0	0.0	0.0	0.0	0.0	0.0	0.0	0.0	0.0	0.0	0.0	0.0	0.0	0.0	0.0	0.0	0.0	0.0	0.0	0.07142857142857142	0.041666666666666664	0.0	0.06666666666666667	0.125	0.058823529411764705	0.08333333333333333	0.0	0.07142857142857142	0.08333333333333333	0.0	0.0	0.0	0.0	
Red-necked Grebe	0.0	0.0	0.0	0.0	0.0	0.0	0.0	0.14285714285714285	0.0	0.0	0.0	0.0	0.0	0.0	0.18181818181818182	0.0	0.0	0.0	0.0	0.0	0.0	0.0	0.0	0.0	0.0	0.0	0.0	0.0	0.0	0.0	0.0	0.0625	0.0	0.0	0.0	0.041666666666666664	0.0	0.0	0.0	0.0	0.0	0.0	0.0	0.0	0.0	0.0	0.0	0.0	
Eared Grebe	0.0	0.0	0.0	0.0	0.0	0.0	0.0	0.0	0.0	0.0	0.0	0.0	0.2	0.14285714285714285	0.0	0.0	0.0	0.0	0.0	0.0	0.0	0.0	0.0	0.0	0.0	0.0	0.0	0.0	0.0	0.0	0.0	0.0	0.0	0.0	0.07142857142857142	0.0	0.05263157894736842	0.06666666666666667	0.0	0.058823529411764705	0.0	0.0015	0.14285714285714285	0.0	0.0	0.0	0.0	0.0	
Horned/Eared Grebe	0.0	0.0	0.0	0.0	0.0	0.0	0.0	0.0	0.0	0.0	0.0	0.0	0.0	0.0	0.0	0.0	0.0	0.0	0.0	0.0	0.0	0.0	0.0	0.0	0.0	0.0	0.0	0.0	0.0	0.0	0.0	0.0	0.0	0.07692307692307693	0.0	0.0	0.0	0.0	0.0	0.0	0.0	0.0	0.0	0.0	0.0	0.0	0.0	0.0	
Western Grebe	0.0	0.0	0.0	0.0	0.0	0.0	0.0	0.0	0.0	0.0	0.0	0.0	0.0	0.0	0.0	0.0	0.0	0.0	0.0	0.0	0.0	0.0	0.0	0.0	0.0	0.0	0.0	0.0	0.0	0.0	0.0	0.0	0.0	0.0	0.0	0.0	0.0	0.0	0.0	0.0	0.0	0.0	0.0	0.08333333333333333	0.0	0.0	0.0	0.0	
grebe sp.	0.0	0.0	0.0	0.0	0.0	0.0	0.0	0.0	0.0	0.0	0.0	0.0	0.0	0.0	0.0	0.0	0.0	0.0	0.0	0.0	0.0	0.0	0.0	0.0	0.0	0.0	0.0	0.0	0.0	0.0	0.0	0.0	0.0	0.0	0.0	0.0	0.05263157894736842	0.0	0.0	0.0	0.0	0.0	0.0	0.0	0.0	0.0	0.0	0.0	
Rock Pigeon	0.058823529411764705	0.0	0.21428571428571427	0.45454545454545453	0.2	0.125	0.23529411764705882	0.0	0.16666666666666666	0.16666666666666666	0.07142857142857142	0.3333333333333333	0.2	0.42857142857142855	0.18181818181818182	0.17647058823529413	0.2	0.0	0.4	0.2	0.0	0.25	0.3333333333333333	0.0	0.0	0.2222222222222222	0.0	0.18181818181818182	0.125	0.1	0.1	0.25	0.3333333333333333	0.07692307692307693	0.21428571428571427	0.20833333333333334	0.21052631578947367	0.13333333333333333	0.125	0.29411764705882354	0.25	0.08333333333333333	0.21428571428571427	0.16666666666666666	0.0	0.0	0.6666666666666666	0.1	
Band-tailed Pigeon	0.0	0.0	0.0	0.0	0.0	0.0	0.0	0.0	0.0	0.0	0.0	0.0	0.0	0.14285714285714285	0.0	0.0	0.0	0.0	0.0	0.0	0.0	0.0	0.0	0.0	0.0	0.0	0.0	0.045454545454545456	0.0	0.0	0.0	0.0	0.0	0.0	0.07142857142857142	0.0	0.05263157894736842	0.0	0.0	0.0	0.0	0.0	0.0	0.0	0.0	0.0	0.0	0.0	
Eurasian Collared-Dove	0.0	0.0	0.0	0.0	0.0	0.0	0.0	0.0	0.0	0.0	0.0	0.0	0.0	0.14285714285714285	0.0	0.11764705882352941	0.0	0.0	0.0	0.0	0.0	0.0	0.0	0.0	0.0	0.0	0.0	0.045454545454545456	0.0	0.0	0.0	0.0625	0.0	0.0	0.07142857142857142	0.0	0.10526315789473684	0.0	0.0	0.0	0.0	0.0	0.0	0.08333333333333333	0.0	0.0	0.0	0.0	
Mourning Dove	0.0	0.0	0.0	0.0	0.0	0.0	0.058823529411764705	0.0	0.0	0.0	0.0	0.0	0.0	0.0	0.0	0.0	0.2	0.0	0.0	0.0	0.0	0.0	0.6666666666666666	0.0	0.0	0.1111111111111111	0.0	0.0	0.0	0.0	0.0	0.0	0.0	0.0	0.0	0.0	0.0	0.0	0.0	0.0	0.0	0.0	0.0	0.0	0.0	0.0	0.0	0.0	
Vaux's Swift	0.0	0.0	0.0	0.0	0.0	0.0	0.0	0.0	0.0	0.0	0.0	0.0	0.0	0.0	0.0	0.0	0.0	0.0	0.0	0.0	0.0	0.0	0.0	0.0	0.0	0.0	0.0	0.0	0.25	0.1	0.0	0.0	0.1111111111111111	0.07692307692307693	0.0	0.041666666666666664	0.10526315789473684	0.0	0.0	0.0	0.0	0.0	0.0	0.0	0.0	0.0	0.0	0.0	
Anna's Hummingbird	0.29411764705882354	0.2222222222222222	0.42857142857142855	0.36363636363636365	0.7	0.5	0.35294117647058826	0.2857142857142857	0.6666666666666666	0.16666666666666666	0.5	0.6666666666666666	0.2	0.42857142857142855	0.7272727272727273	0.4117647058823529	0.4	0.6666666666666666	0.6	0.2	0.16666666666666666	0.25	0.0	0.2	0.0	0.2222222222222222	0.0	0.22727272727272727	0.25	0.3	0.3	0.125	0.2222222222222222	0.23076923076923078	0.35714285714285715	0.20833333333333334	0.5263157894736842	0.3333333333333333	0.375	0.17647058823529413	0.0	0.08333333333333333	0.14285714285714285	0.16666666666666666	0.3333333333333333	0.0	1.0	0.3	
Rufous Hummingbird	0.0	0.0	0.0	0.0	0.0	0.0	0.0	0.0	0.0	0.0	0.0	0.0	0.0	0.0	0.0015	0.058823529411764705	0.0	0.0	0.0	0.0015	0.5	0.25	0.6666666666666666	0.0	0.5	0.0	0.0	0.0	0.0	0.0	0.1	0.0	0.0	0.0	0.0	0.0	0.0	0.0	0.0	0.0	0.0	0.0	0.0	0.0	0.0	0.0	0.0	0.0	
hummingbird sp.	0.0	0.0	0.07142857142857142	0.0	0.0	0.0	0.0	0.0	0.0	0.0	0.0	0.0	0.0	0.0	0.0	0.11764705882352941	0.2	0.0	0.0	0.1	0.0	0.0	0.0	0.0	0.0	0.0	0.0	0.09090909090909091	0.0	0.0	0.0	0.0	0.0	0.0	0.0	0.0	0.0	0.0	0.0	0.0	0.0	0.0	0.0	0.0	0.0	0.0	0.0	0.0	
Virginia Rail	0.058823529411764705	0.1111111111111111	0.07142857142857142	0.09090909090909091	0.2	0.125	0.17647058823529413	0.0015	0.6666666666666666	0.3333333333333333	0.2857142857142857	0.25	0.0	0.42857142857142855	0.18181818181818182	0.17647058823529413	0.4	0.3333333333333333	0.2	0.1	0.0	0.5	0.6666666666666666	0.2	0.0	0.3333333333333333	0.3333333333333333	0.45454545454545453	0.375	0.6	0.3	0.4375	0.4444444444444444	0.15384615384615385	0.2857142857142857	0.4583333333333333	0.3684210526315789	0.6666666666666666	0.5	0.17647058823529413	0.3333333333333333	0.08333333333333333	0.14285714285714285	0.08333333333333333	0.0	0.16666666666666666	0.6666666666666666	0.1	
American Coot	1.0	0.5555555555555556	0.9285714285714286	0.7727272727272727	1.0	1.0	0.9411764705882353	0.7142857142857143	1.0	1.0	0.9285714285714286	0.8333333333333334	0.8	1.0	0.8181818181818182	0.7058823529411765	0.2	0.0	0.0	0.0	0.0	0.0	0.0	0.0	0.0	0.2222222222222222	0.0	0.2727272727272727	0.5	0.4	0.3	0.3125	0.3333333333333333	0.6923076923076923	0.7142857142857143	0.75	0.9473684210526315	1.0	1.0	0.9411764705882353	1.0	0.9166666666666666	0.9285714285714286	0.8333333333333334	0.6666666666666666	1.0	0.6666666666666666	0.8	
Semipalmated Plover	0.0	0.0	0.0	0.0	0.0	0.0	0.0	0.0	0.0	0.0	0.0	0.0	0.0	0.0	0.0	0.0	0.0	0.0	0.0	0.0	0.0	0.0	0.0	0.0	0.0	0.0	0.0	0.0	0.0	0.0	0.0	0.0	0.3333333333333333	0.0	0.0	0.0	0.0	0.0	0.0	0.0	0.0	0.0	0.0	0.0	0.0	0.0	0.0	0.0	
Killdeer	0.058823529411764705	0.0	0.0	0.0	0.0	0.125	0.0	0.0	0.0	0.0	0.0	0.0	0.0	0.0	0.0	0.058823529411764705	0.0	0.0	0.0	0.1	0.16666666666666666	0.0	0.3333333333333333	0.2	0.5	0.1111111111111111	0.0	0.4090909090909091	0.5	0.2	0.2	0.4375	0.5555555555555556	0.23076923076923078	0.5714285714285714	0.4166666666666667	0.42105263157894735	0.3333333333333333	0.125	0.35294117647058826	0.08333333333333333	0.08333333333333333	0.07142857142857142	0.0	0.0	0.0	0.0	0.0	
Whimbrel	0.0	0.0	0.0	0.0	0.0	0.0	0.0	0.0	0.0	0.0	0.0	0.0	0.0	0.0	0.0	0.0	0.0	0.0	0.0	0.0	0.0	0.0	0.0	0.0	0.0	0.0	0.0	0.0	0.0	0.0	0.0	0.0	0.0	0.15384615384615385	0.0	0.0	0.0	0.0	0.0	0.0	0.0	0.0	0.0	0.0	0.0	0.0	0.0	0.0	
Marbled Godwit	0.0	0.0	0.0	0.0	0.0	0.0	0.0	0.0	0.0	0.0	0.0	0.0	0.0	0.0	0.0	0.0	0.0	0.0	0.0	0.0	0.0	0.0	0.0	0.0	0.0	0.0	0.0	0.0	0.0	0.0	0.0	0.0	0.0	0.0	0.0	0.08333333333333333	0.05263157894736842	0.06666666666666667	0.0	0.0	0.0	0.0	0.0	0.0	0.0	0.0	0.0	0.0	
Black Turnstone	0.0	0.0	0.0	0.045454545454545456	0.0	0.0	0.0	0.0	0.0	0.0	0.0	0.0	0.0	0.0	0.0	0.0	0.0	0.0	0.0	0.0	0.0	0.0	0.0	0.0	0.0	0.0	0.0	0.0	0.0	0.0	0.0	0.0	0.0	0.0	0.0	0.0	0.0	0.0	0.0	0.0	0.0	0.0	0.0	0.0	0.0	0.0	0.0	0.0	
Red Knot	0.0	0.0	0.0	0.0	0.0	0.0	0.0	0.0	0.0	0.0	0.0	0.0	0.0	0.0	0.0	0.0	0.0	0.0	0.0	0.0	0.0	0.0	0.0	0.0	0.0	0.0	0.0	0.0	0.0	0.1	0.0	0.0	0.0	0.0	0.0	0.0	0.0	0.0	0.0	0.0	0.0	0.0	0.0	0.0	0.0	0.0	0.0	0.0	
Sanderling	0.0	0.0	0.0	0.045454545454545456	0.0	0.0	0.0	0.0	0.0	0.0	0.0	0.0	0.0	0.0	0.0	0.0	0.0	0.0	0.0	0.0	0.0	0.0	0.0	0.0	0.0	0.0	0.0	0.0	0.0	0.0	0.0	0.0	0.0	0.0	0.0	0.0	0.0	0.0	0.0	0.0	0.0	0.0	0.0	0.0	0.0	0.0	0.0	0.0	
Dunlin	0.0	0.0	0.0	0.0	0.0	0.0	0.0	0.0	0.0	0.0	0.0	0.0	0.0	0.0	0.0	0.0	0.0	0.0	0.0	0.0	0.0	0.0	0.0	0.0	0.0	0.0	0.0	0.0	0.0	0.0	0.0	0.0	0.1111111111111111	0.0	0.0	0.0	0.0	0.06666666666666667	0.0	0.0	0.0	0.0	0.0	0.0	0.0	0.0	0.0	0.0	
Least Sandpiper	0.0	0.0	0.0	0.0	0.0	0.0	0.0	0.0	0.0	0.0	0.0	0.0	0.0	0.0	0.0	0.0	0.0	0.0	0.0	0.0	0.0	0.0	0.0	0.0	0.0	0.1111111111111111	0.3333333333333333	0.2727272727272727	0.375	0.5	0.4	0.625	0.4444444444444444	0.15384615384615385	0.14285714285714285	0.041666666666666664	0.0	0.0	0.0	0.0	0.0	0.0	0.0	0.0	0.0	0.0	0.0	0.0	
Buff-breasted Sandpiper	0.0	0.0	0.0	0.0	0.0	0.0	0.0	0.0	0.0	0.0	0.0	0.0	0.0	0.0	0.0	0.0	0.0	0.0	0.0	0.0	0.0	0.0	0.0	0.0	0.0	0.0	0.0	0.0	0.0	0.0	0.0	0.0	0.1111111111111111	0.0	0.0	0.0	0.0	0.0	0.0	0.0	0.0	0.0	0.0	0.0	0.0	0.0	0.0	0.0	
Pectoral Sandpiper	0.0	0.0	0.0	0.0	0.0	0.0	0.0	0.0	0.0	0.0	0.0	0.0	0.0	0.0	0.0	0.0	0.0	0.0	0.0	0.0	0.0	0.0	0.0	0.0	0.0	0.0	0.0	0.0	0.0	0.0	0.0	0.0625	0.0	0.0	0.0	0.0	0.0	0.06666666666666667	0.0	0.0	0.0	0.0	0.0	0.0	0.0	0.0	0.0	0.0	
Semipalmated Sandpiper	0.0	0.0	0.0	0.0	0.0	0.0	0.0	0.0	0.0	0.0	0.0	0.0	0.0	0.0	0.0	0.0	0.0	0.0	0.0	0.0	0.0	0.0	0.0	0.0	0.0	0.0	0.0	0.0	0.125	0.0	0.0	0.0	0.0	0.0	0.0	0.0	0.0	0.0	0.0	0.0	0.0	0.0	0.0	0.0	0.0	0.0	0.0	0.0	
Western Sandpiper	0.0	0.0	0.0	0.0	0.0	0.0	0.0	0.0	0.0	0.0	0.0	0.0	0.0	0.0	0.0	0.0	0.0	0.0	0.0	0.0	0.0	0.0	0.0	0.0	0.0	0.1111111111111111	0.0015	0.13636363636363635	0.375	0.2	0.2	0.5625	0.5555555555555556	0.23076923076923078	0.2857142857142857	0.16666666666666666	0.05263157894736842	0.06666666666666667	0.0	0.0	0.0	0.0	0.0	0.0	0.0	0.0	0.0	0.0	
peep sp.	0.0	0.0	0.0	0.0	0.0	0.0	0.0	0.0	0.0	0.0	0.0	0.0	0.0	0.0	0.0	0.0	0.0	0.0	0.0	0.0	0.0	0.0	0.0	0.0	0.0	0.0	0.0	0.09090909090909091	0.0	0.0015	0.0	0.0	0.0	0.0	0.0	0.041666666666666664	0.0	0.0	0.0	0.0	0.0	0.0	0.0	0.0	0.0	0.0	0.0	0.0	
Calidris sp.	0.0	0.0	0.0	0.0	0.0	0.0	0.0	0.0	0.0	0.0	0.0	0.0	0.0	0.0	0.0	0.0	0.0	0.0	0.0	0.0	0.0	0.0	0.0	0.0	0.0	0.0	0.0	0.0	0.125	0.0	0.0	0.0	0.0	0.0	0.0	0.0	0.0	0.0	0.0	0.0	0.0	0.0	0.0	0.0	0.0	0.0	0.0	0.0	
Short-billed Dowitcher	0.0	0.0	0.0	0.0	0.0	0.0	0.0	0.0	0.0	0.0	0.0	0.0	0.0	0.0	0.0	0.0	0.0	0.0	0.0	0.0	0.0	0.0	0.0	0.0	0.0	0.0	0.0	0.045454545454545456	0.125	0.0	0.0	0.0	0.2222222222222222	0.0	0.0	0.08333333333333333	0.0	0.0	0.0	0.0	0.0	0.0	0.0	0.0	0.0	0.0	0.0	0.0	
Long-billed Dowitcher	0.0	0.0	0.0	0.0	0.0	0.0	0.0	0.0	0.0	0.0	0.0	0.0	0.0	0.0	0.0	0.0	0.0	0.0	0.0	0.0	0.0	0.0	0.0	0.0	0.0	0.0	0.0015	0.13636363636363635	0.0	0.3	0.0	0.125	0.0	0.0	0.14285714285714285	0.20833333333333334	0.15789473684210525	0.26666666666666666	0.25	0.058823529411764705	0.0	0.0	0.0	0.0	0.0	0.0	0.0	0.0	
Short-billed/Long-billed Dowitcher	0.0	0.0	0.0	0.0	0.0	0.0	0.0	0.0	0.0	0.0	0.0	0.0	0.0	0.0	0.0	0.0	0.0	0.0	0.0	0.0	0.0	0.0	0.0	0.0	0.0	0.0	0.0	0.0	0.0	0.0	0.0	0.0	0.0	0.0	0.0	0.0	0.05263157894736842	0.06666666666666667	0.0	0.0	0.0	0.0	0.0	0.0	0.0	0.0	0.0	0.0	
Wilson's Snipe	0.0	0.0	0.07142857142857142	0.0	0.0	0.0	0.11764705882352941	0.2857142857142857	0.0	0.0	0.0	0.0	0.0	0.0	0.09090909090909091	0.0	0.0	0.0	0.0	0.0	0.0	0.0	0.0	0.0	0.0	0.0	0.0	0.0	0.0	0.0	0.0	0.0	0.0	0.23076923076923078	0.07142857142857142	0.0	0.05263157894736842	0.13333333333333333	0.0	0.058823529411764705	0.0	0.0	0.0	0.0	0.0	0.0	0.0	0.0	
Wilson's Phalarope	0.0	0.0	0.0	0.0	0.0	0.0	0.0	0.0	0.0	0.0	0.0	0.0	0.0	0.0	0.0	0.0	0.0	0.0	0.0	0.0	0.0	0.0	0.0	0.0	0.0	0.0	0.0	0.0	0.0	0.0	0.0	0.0625	0.0015	0.0	0.0	0.0	0.0	0.0	0.0	0.0	0.0	0.0	0.0	0.0	0.0	0.0	0.0	0.0	
Red-necked Phalarope	0.0	0.0	0.0	0.0	0.0	0.0	0.0	0.0	0.0	0.0	0.0	0.0	0.0	0.0	0.0	0.0	0.0	0.0	0.0	0.0	0.16666666666666666	0.0	0.0	0.0	0.0	0.0	0.0	0.0	0.0	0.0	0.0	0.0	0.1111111111111111	0.0	0.0	0.0	0.05263157894736842	0.0	0.0	0.0	0.0	0.0	0.0	0.0	0.0	0.0	0.0	0.0	
Red Phalarope	0.0	0.0	0.0	0.0	0.0	0.0	0.0	0.0	0.0	0.0	0.0	0.0	0.0	0.0	0.0	0.0	0.0	0.0	0.0	0.0	0.0	0.0	0.0	0.0	0.0	0.0	0.0	0.0	0.0	0.0	0.0	0.0625	0.0	0.0	0.0	0.0	0.0	0.0	0.0	0.0	0.0	0.0	0.0	0.0	0.0	0.0	0.0	0.0	
Spotted Sandpiper	0.0	0.0	0.0	0.0	0.0	0.0	0.0	0.0	0.0	0.0	0.0	0.0	0.0	0.0	0.0	0.0	0.0	0.0	0.0	0.0	0.0	0.0	0.0	0.0	0.0	0.1111111111111111	0.0	0.0015	0.25	0.0	0.0	0.125	0.0	0.0	0.0	0.041666666666666664	0.0	0.0	0.0	0.0	0.0	0.0	0.0	0.0	0.0	0.0	0.0	0.0	
Greater Yellowlegs	0.058823529411764705	0.0	0.0	0.0	0.0	0.0	0.058823529411764705	0.14285714285714285	0.0	0.0	0.0	0.0	0.0	0.14285714285714285	0.0	0.0	0.0	0.0	0.0	0.0	0.0	0.0	0.0	0.0	0.0	0.4444444444444444	0.6666666666666666	0.6818181818181818	0.75	0.7	0.6	0.875	1.0	0.7692307692307693	0.7857142857142857	0.75	0.5789473684210527	0.6666666666666666	0.625	0.47058823529411764	0.4166666666666667	0.4166666666666667	0.14285714285714285	0.16666666666666666	0.3333333333333333	0.0015	0.0	0.1	
Lesser Yellowlegs	0.0	0.0	0.0	0.0	0.0	0.0	0.0	0.0	0.0	0.0	0.0	0.0	0.0	0.0	0.0	0.0	0.0	0.0	0.0	0.0	0.0	0.0	0.0	0.0	0.0	0.0	0.0	0.09090909090909091	0.25	0.4	0.4	0.25	0.6666666666666666	0.23076923076923078	0.2857142857142857	0.3333333333333333	0.10526315789473684	0.3333333333333333	0.125	0.0	0.0	0.0	0.0	0.0	0.0	0.0	0.0	0.0	
Greater/Lesser Yellowlegs	0.0	0.0	0.0	0.0	0.0	0.0	0.0	0.0	0.0	0.0	0.0	0.0	0.0	0.0	0.0	0.0	0.0	0.0	0.0	0.0	0.0	0.0	0.0	0.0	0.0	0.0	0.0	0.0	0.0	0.0	0.0	0.0	0.0	0.0	0.0	0.0	0.0	0.0	0.0	0.058823529411764705	0.0	0.0	0.0	0.0	0.0	0.0	0.0	0.0	
shorebird sp.	0.0	0.0	0.0	0.0	0.0	0.0	0.0	0.0	0.0	0.0	0.0	0.0	0.0	0.0	0.0	0.0	0.0	0.0	0.0	0.0	0.0	0.0	0.0	0.0	0.0	0.0	0.0	0.0	0.0	0.0	0.0	0.0625	0.0	0.0	0.0	0.0	0.0	0.0	0.0	0.0	0.0	0.0	0.0	0.0	0.0	0.0	0.0	0.0	
Common Murre	0.0	0.0	0.0	0.045454545454545456	0.0	0.0	0.0	0.0	0.0	0.0	0.0	0.0	0.0	0.0	0.0	0.058823529411764705	0.0	0.0	0.0	0.0	0.0	0.0	0.0	0.0	0.0	0.0	0.0	0.0	0.0	0.0	0.0	0.0	0.0	0.0	0.0	0.0	0.0	0.0	0.0	0.0	0.0	0.0	0.0	0.0	0.0	0.0	0.0	0.0	
Pigeon Guillemot	0.0	0.0	0.0	0.045454545454545456	0.0	0.0	0.0	0.14285714285714285	0.0	0.0	0.0	0.0	0.0	0.0	0.0	0.058823529411764705	0.0	0.0	0.0	0.1	0.0	0.0	0.0	0.0	0.0	0.1111111111111111	0.0	0.0	0.0	0.0	0.0	0.0	0.0	0.0	0.0	0.0	0.0	0.0	0.0	0.0	0.0	0.0	0.0	0.0	0.0	0.0	0.0	0.0	
Marbled Murrelet	0.0	0.0	0.0	0.045454545454545456	0.0	0.0	0.0	0.0	0.0	0.0	0.0	0.0	0.0	0.0	0.0	0.058823529411764705	0.0	0.0	0.0	0.0	0.0	0.0	0.0	0.0	0.0	0.0	0.0	0.0	0.0	0.0	0.0	0.0	0.0	0.0	0.0	0.0	0.0	0.0	0.0	0.0	0.0	0.0	0.0	0.0	0.0	0.0	0.0	0.0	
Ancient Murrelet	0.0	0.0	0.0	0.045454545454545456	0.0	0.0	0.0	0.0	0.0	0.0	0.0	0.0	0.0	0.0	0.0	0.0	0.0	0.0	0.0	0.0	0.0	0.0	0.0	0.0	0.0	0.0	0.0	0.0	0.0	0.0	0.0	0.0	0.0	0.0	0.0	0.0	0.0	0.0	0.0	0.0	0.0	0.0	0.0	0.0	0.0	0.0	0.0	0.0	
Rhinoceros Auklet	0.0	0.0	0.0	0.045454545454545456	0.0	0.0	0.0	0.14285714285714285	0.0	0.0	0.0	0.0	0.0	0.0	0.0	0.058823529411764705	0.0	0.0	0.0	0.1	0.0	0.0	0.0	0.0	0.0	0.0	0.0	0.0	0.0	0.0	0.0	0.0	0.0	0.0	0.0	0.0	0.0	0.0	0.0	0.0	0.0	0.0	0.0	0.0	0.0	0.0	0.0	0.0	
Bonaparte's Gull	0.0	0.0	0.0	0.045454545454545456	0.0	0.0	0.0	0.0	0.0	0.0	0.0	0.0	0.0	0.0	0.09090909090909091	0.11764705882352941	0.0	0.0	0.0	0.0	0.0	0.0	0.0	0.0	0.0	0.0	0.0	0.045454545454545456	0.0	0.0	0.0	0.0	0.1111111111111111	0.0	0.0	0.0	0.0	0.0	0.0	0.0	0.0	0.0	0.0	0.0	0.0	0.0	0.0	0.0	
Heermann's Gull	0.0	0.0	0.0	0.0	0.0	0.0	0.0	0.0	0.0	0.0	0.0	0.0	0.0	0.0	0.0	0.0	0.0	0.0	0.0	0.0	0.0	0.0	0.0	0.0	0.0	0.0	0.0	0.045454545454545456	0.0	0.0	0.0	0.0	0.0	0.0	0.0	0.0	0.0	0.0	0.0	0.0	0.0	0.0	0.0	0.0	0.0	0.0	0.0	0.0	
Mew Gull	0.0	0.0	0.0	0.09090909090909091	0.0	0.0	0.0	0.14285714285714285	0.16666666666666666	0.0	0.0	0.0	0.0	0.0	0.0	0.0	0.0	0.0	0.0	0.0	0.0	0.0	0.0	0.0	0.0	0.0	0.0	0.0	0.0	0.0	0.0	0.0	0.0	0.0	0.07142857142857142	0.041666666666666664	0.10526315789473684	0.06666666666666667	0.0	0.0	0.0	0.0	0.0	0.0	0.0	0.0	0.0	0.0	
Ring-billed Gull	0.0	0.0	0.0015	0.0	0.0	0.0	0.0	0.0	0.0	0.0	0.0	0.0	0.0	0.0	0.0	0.0	0.0	0.0	0.0	0.0	0.0	0.0	0.0	0.0	0.0	0.0	0.0	0.0	0.0	0.0	0.0	0.0	0.0	0.0	0.0	0.0	0.0	0.0	0.0	0.0	0.0	0.0	0.0	0.0	0.0	0.0	0.0	0.0	
Western Gull	0.0	0.0	0.0	0.045454545454545456	0.0	0.125	0.0	0.14285714285714285	0.0	0.0	0.0	0.0	0.0	0.0	0.09090909090909091	0.058823529411764705	0.0	0.0	0.2	0.0	0.0	0.0	0.0	0.0	0.0	0.0	0.0	0.0	0.0	0.1	0.0	0.0	0.0	0.0	0.0	0.0	0.0	0.0	0.0	0.0	0.0	0.0	0.0	0.0	0.0	0.0	0.0	0.0	
California Gull	0.0	0.1111111111111111	0.0	0.0	0.0	0.0	0.0	0.0	0.0	0.0	0.0	0.0	0.0	0.0	0.0	0.0	0.0	0.0	0.0	0.1	0.0	0.0	0.0	0.2	0.0	0.0	0.0	0.13636363636363635	0.25	0.2	0.2	0.0625	0.2222222222222222	0.0	0.14285714285714285	0.08333333333333333	0.10526315789473684	0.13333333333333333	0.125	0.0	0.0	0.0	0.0	0.0	0.0	0.0	0.0	0.0	
Herring Gull	0.0	0.1111111111111111	0.07142857142857142	0.0	0.0	0.0	0.0	0.0	0.0	0.0	0.0	0.0	0.0	0.0	0.0	0.0	0.0	0.0	0.0	0.0	0.0	0.0	0.0	0.0	0.0	0.0	0.0	0.0	0.0	0.0	0.0	0.0	0.0	0.0	0.0	0.0	0.0	0.0	0.0	0.0	0.0	0.08333333333333333	0.0	0.08333333333333333	0.0	0.0	0.0	0.0	
Iceland Gull	0.0	0.0	0.0	0.0	0.0	0.0	0.0	0.0	0.0	0.0	0.0	0.0	0.0	0.0	0.09090909090909091	0.0	0.0	0.0	0.0	0.0	0.0	0.0	0.0	0.0	0.0	0.0	0.0	0.0	0.0	0.0	0.0	0.0	0.0	0.0	0.0	0.0	0.0	0.0	0.0	0.0	0.0	0.0	0.0	0.0	0.0	0.0	0.0	0.0	
Glaucous-winged Gull	0.5294117647058824	0.1111111111111111	0.35714285714285715	0.5454545454545454	0.6	0.625	0.35294117647058826	0.42857142857142855	0.5	0.16666666666666666	0.35714285714285715	0.25	0.6	0.42857142857142855	0.45454545454545453	0.35294117647058826	0.0	1.0	0.6	0.3	0.5	0.5	0.3333333333333333	0.4	0.0	0.2222222222222222	0.3333333333333333	0.4090909090909091	0.375	0.3	0.3	0.375	0.4444444444444444	0.46153846153846156	0.5	0.375	0.3157894736842105	0.4	0.25	0.4117647058823529	0.3333333333333333	0.4166666666666667	0.42857142857142855	0.08333333333333333	0.3333333333333333	0.16666666666666666	0.0	0.8	
Western x Glaucous-winged Gull (hybrid)	0.29411764705882354	0.1111111111111111	0.2857142857142857	0.18181818181818182	0.3	0.5	0.11764705882352941	0.0	0.5	0.16666666666666666	0.35714285714285715	0.25	0.2	0.2857142857142857	0.09090909090909091	0.058823529411764705	0.2	0.0	0.0	0.0	0.0	0.0	0.0	0.0	0.0	0.0	0.0	0.045454545454545456	0.0	0.1	0.1	0.1875	0.1111111111111111	0.15384615384615385	0.07142857142857142	0.16666666666666666	0.10526315789473684	0.26666666666666666	0.125	0.058823529411764705	0.16666666666666666	0.16666666666666666	0.07142857142857142	0.16666666666666666	0.0	0.16666666666666666	0.3333333333333333	0.3	
Herring x Glaucous-winged Gull (hybrid)	0.058823529411764705	0.0	0.0	0.0	0.0	0.0	0.0	0.0	0.0	0.0	0.0	0.0	0.0	0.0	0.0	0.0	0.0	0.0	0.0	0.0	0.0	0.0	0.0	0.0	0.0	0.0	0.0	0.0	0.0	0.0	0.0	0.0	0.0	0.0	0.0	0.0	0.0	0.0	0.0	0.0	0.0	0.0	0.0	0.0	0.0	0.0	0.0	0.0	
Western/Glaucous-winged Gull	0.11764705882352941	0.1111111111111111	0.0	0.0	0.0	0.125	0.058823529411764705	0.0	0.0	0.0	0.0	0.08333333333333333	0.0	0.0	0.0	0.11764705882352941	0.0	0.0	0.0	0.0	0.16666666666666666	0.0	0.0	0.2	0.0	0.0	0.0	0.0	0.0	0.0	0.0	0.0625	0.0	0.0	0.0	0.041666666666666664	0.05263157894736842	0.13333333333333333	0.0	0.0	0.0	0.0	0.0015	0.16666666666666666	0.0	0.0	0.3333333333333333	0.2	
Larus sp.	0.058823529411764705	0.0	0.0	0.09090909090909091	0.0	0.0	0.058823529411764705	0.0	0.0	0.0	0.0	0.0	0.0	0.0	0.0	0.0	0.0	0.0	0.0	0.0	0.0	0.0	0.0	0.0	0.0	0.0	0.0	0.0	0.0	0.0	0.0	0.0	0.0	0.0	0.0	0.08333333333333333	0.05263157894736842	0.0	0.125	0.058823529411764705	0.0	0.0	0.14285714285714285	0.0	0.0	0.0	0.0	0.0	
gull sp.	0.058823529411764705	0.1111111111111111	0.21428571428571427	0.0	0.1	0.0	0.29411764705882354	0.0	0.0	0.16666666666666666	0.07142857142857142	0.16666666666666666	0.0	0.42857142857142855	0.18181818181818182	0.17647058823529413	0.2	0.6666666666666666	0.2	0.4	0.16666666666666666	0.0	0.0	0.0	0.5	0.0	0.3333333333333333	0.045454545454545456	0.125	0.1	0.0	0.1875	0.2222222222222222	0.07692307692307693	0.14285714285714285	0.16666666666666666	0.10526315789473684	0.2	0.125	0.0	0.08333333333333333	0.08333333333333333	0.14285714285714285	0.16666666666666666	0.3333333333333333	0.16666666666666666	0.3333333333333333	0.1	
Caspian Tern	0.0	0.0	0.0	0.0	0.0	0.0	0.0	0.0	0.0	0.0	0.0	0.0	0.0	0.0	0.0015	0.058823529411764705	0.0	0.0	0.0	0.0	0.0	0.25	0.0	0.0	0.5	0.0	0.3333333333333333	0.045454545454545456	0.0	0.1	0.0	0.0625	0.1111111111111111	0.0	0.0	0.0	0.0	0.0	0.0	0.0	0.0	0.0	0.0	0.0	0.0	0.0	0.0	0.0	
Red-throated Loon	0.0	0.0	0.0	0.045454545454545456	0.0	0.0	0.0	0.0	0.0	0.0	0.0	0.0	0.0	0.0	0.0	0.0	0.0	0.0	0.0	0.0	0.0	0.0	0.0	0.0	0.0	0.0	0.0	0.0	0.0	0.0	0.0	0.0	0.0	0.0	0.0	0.0	0.0	0.0	0.0	0.0	0.0	0.0	0.0	0.0	0.0	0.0	0.0	0.0	
Pacific Loon	0.0	0.0	0.0	0.045454545454545456	0.0	0.0	0.0	0.14285714285714285	0.0	0.0	0.0	0.0	0.0	0.0	0.0	0.058823529411764705	0.0	0.0	0.0	0.0	0.0	0.0	0.0	0.0	0.0	0.0	0.0	0.0	0.0	0.0	0.0	0.0	0.0	0.0	0.0	0.0	0.0	0.0	0.0	0.0	0.0	0.0	0.0	0.0	0.0	0.0	0.0	0.0	
Common Loon	0.0	0.0	0.0	0.045454545454545456	0.0	0.0	0.0	0.14285714285714285	0.0	0.0	0.0	0.0	0.0	0.0	0.0	0.058823529411764705	0.0	0.0	0.0	0.0	0.0	0.0	0.0	0.0	0.0	0.0	0.0	0.0	0.0	0.0	0.0	0.0	0.0	0.0	0.0	0.0	0.0	0.0	0.0	0.0	0.0	0.0	0.0	0.0	0.0	0.0	0.0	0.0	
Brandt's Cormorant	0.0	0.0	0.0	0.045454545454545456	0.0	0.0	0.0	0.0	0.0	0.0	0.0	0.0	0.0	0.0	0.0	0.058823529411764705	0.0	0.0	0.0	0.0	0.0	0.0	0.0	0.0	0.0	0.0	0.0	0.0	0.0	0.0	0.0	0.0	0.0015	0.0	0.0	0.0	0.0	0.0	0.0	0.0	0.0	0.0	0.0	0.0	0.0	0.0	0.0	0.0	
Pelagic Cormorant	0.0	0.0	0.0	0.045454545454545456	0.0	0.0	0.0	0.14285714285714285	0.0	0.0	0.0	0.0	0.0	0.0	0.0	0.058823529411764705	0.0	0.0	0.0	0.0	0.0	0.0	0.0	0.0	0.0	0.0	0.0	0.0	0.0	0.0	0.0	0.0	0.0	0.0	0.0	0.0	0.0	0.0	0.0	0.0	0.0	0.0	0.0	0.0	0.0	0.0	0.0	0.0	
Double-crested Cormorant	0.11764705882352941	0.0	0.07142857142857142	0.18181818181818182	0.0	0.125	0.058823529411764705	0.2857142857142857	0.16666666666666666	0.16666666666666666	0.14285714285714285	0.16666666666666666	0.2	0.14285714285714285	0.0	0.11764705882352941	0.0	0.0	0.0	0.0	0.0	0.0	0.0	0.0	0.0	0.0	0.0	0.0	0.0	0.0	0.0	0.0	0.0	0.0	0.0	0.0	0.05263157894736842	0.06666666666666667	0.0	0.058823529411764705	0.0	0.25	0.21428571428571427	0.08333333333333333	0.3333333333333333	0.16666666666666666	0.3333333333333333	0.2	
cormorant sp.	0.0	0.0	0.0	0.0	0.0	0.0	0.0	0.0	0.0	0.0	0.0	0.0	0.0	0.14285714285714285	0.0	0.0	0.0	0.0	0.0	0.0	0.0	0.0	0.0	0.0	0.0	0.0	0.0	0.0	0.0	0.0	0.0	0.0	0.0	0.0	0.0	0.0	0.0	0.0	0.0	0.0	0.0	0.0	0.0	0.0	0.0	0.0	0.0	0.0	
Great Blue Heron	0.5294117647058824	0.3333333333333333	0.5714285714285714	0.4090909090909091	0.5	0.5	0.47058823529411764	0.2857142857142857	0.3333333333333333	0.16666666666666666	0.2857142857142857	0.25	0.0	0.2857142857142857	0.18181818181818182	0.35294117647058826	0.8	0.6666666666666666	0.2	0.5	1.0	0.25	0.3333333333333333	0.2	0.5	0.2222222222222222	0.3333333333333333	0.5454545454545454	0.625	0.6	0.4	0.625	0.3333333333333333	0.7692307692307693	0.6428571428571429	0.75	0.631578947368421	0.5333333333333333	0.625	0.5882352941176471	0.4166666666666667	0.5833333333333334	0.5	0.5	0.6666666666666666	0.5	0.6666666666666666	0.7	
Green Heron	0.0	0.0	0.0	0.0	0.0	0.0	0.0	0.0	0.0	0.0	0.0	0.0	0.0	0.0	0.0	0.0	0.0	0.0	0.0	0.0	0.16666666666666666	0.0	0.0	0.0	0.0	0.0	0.0	0.0	0.0	0.0	0.0	0.0	0.0	0.0	0.0	0.0	0.0	0.0	0.0	0.0	0.0	0.0	0.0	0.0	0.0	0.0	0.0	0.0	
Turkey Vulture	0.0	0.0	0.0	0.0	0.0	0.0	0.0	0.0	0.0	0.0	0.0	0.0	0.0	0.14285714285714285	0.0	0.058823529411764705	0.0	0.0	0.0	0.1	0.0	0.0	0.0	0.0	0.0	0.0	0.0	0.045454545454545456	0.0	0.0	0.0	0.0	0.0	0.0	0.0	0.0	0.0	0.0	0.0	0.0	0.0	0.0	0.0	0.0	0.0	0.0	0.0	0.0	
Osprey	0.0	0.0	0.0	0.0	0.0	0.0	0.0	0.0	0.0	0.0	0.0	0.0	0.0	0.0	0.0	0.0	0.0	0.0	0.0	0.0	0.0	0.0	0.0	0.0	0.0	0.0	0.0	0.045454545454545456	0.0	0.1	0.0	0.0	0.0	0.0	0.07142857142857142	0.0	0.0	0.0	0.0	0.0	0.0	0.0	0.0	0.0	0.0	0.0	0.0	0.0	
Northern Harrier	0.0	0.0	0.0	0.045454545454545456	0.1	0.0	0.058823529411764705	0.14285714285714285	0.0	0.0	0.0	0.0	0.0	0.14285714285714285	0.0	0.0	0.0	0.0	0.0	0.1	0.0	0.0	0.0	0.0	0.0	0.0	0.0	0.0	0.0	0.0	0.0	0.0	0.0	0.0	0.0	0.0	0.0	0.0	0.0	0.0	0.0	0.08333333333333333	0.07142857142857142	0.0	0.3333333333333333	0.16666666666666666	0.0	0.0	
Sharp-shinned Hawk	0.0	0.0	0.0	0.0	0.0	0.0	0.0	0.0	0.0	0.0	0.0	0.0	0.0	0.0	0.0	0.0	0.0	0.0	0.0	0.0	0.0	0.0	0.0	0.0	0.0	0.0	0.0	0.0	0.0	0.0	0.0	0.0	0.1111111111111111	0.0	0.0	0.041666666666666664	0.0	0.0	0.0	0.058823529411764705	0.0	0.0	0.07142857142857142	0.08333333333333333	0.0	0.0	0.0	0.0	
Cooper's Hawk	0.058823529411764705	0.0	0.0	0.09090909090909091	0.1	0.0	0.058823529411764705	0.0	0.0015	0.0	0.0	0.08333333333333333	0.0	0.0	0.09090909090909091	0.058823529411764705	0.0	0.0	0.4	0.1	0.0	0.25	0.0	0.0	0.0	0.0	0.0	0.0	0.0	0.1	0.2	0.0625	0.3333333333333333	0.0	0.07142857142857142	0.0	0.0	0.0	0.0	0.0	0.0	0.0	0.07142857142857142	0.08333333333333333	0.0	0.0	0.3333333333333333	0.2	
Sharp-shinned/Cooper's Hawk	0.0	0.0	0.0	0.0	0.0	0.0	0.0	0.0	0.0	0.0	0.0	0.0	0.0	0.0	0.0	0.0	0.0	0.0	0.0	0.0	0.0	0.0	0.0	0.0	0.0	0.0	0.0	0.0	0.0	0.0	0.0	0.0625	0.0	0.0	0.0	0.0	0.0	0.0	0.0	0.0	0.0	0.0	0.0	0.0	0.0	0.0	0.0	0.0	
Accipiter sp.	0.0	0.0	0.07142857142857142	0.0	0.0	0.0	0.0	0.0	0.0	0.0	0.0	0.08333333333333333	0.0	0.0	0.0	0.0	0.0	0.0	0.0	0.0	0.0	0.0	0.0	0.0	0.0	0.0	0.0	0.0	0.0	0.0	0.0	0.0	0.0	0.0	0.0	0.0	0.0	0.0	0.0	0.0	0.0	0.0	0.0	0.0	0.0	0.0	0.0	0.0	
Bald Eagle	0.11764705882352941	0.0	0.14285714285714285	0.18181818181818182	0.2	0.25	0.23529411764705882	0.0	0.16666666666666666	0.16666666666666666	0.42857142857142855	0.4166666666666667	0.2	0.2857142857142857	0.2727272727272727	0.23529411764705882	0.0	0.6666666666666666	0.2	0.2	0.3333333333333333	0.5	0.0	0.0	0.0	0.0	0.0	0.09090909090909091	0.0	0.1	0.0	0.0	0.0	0.0	0.0	0.0	0.05263157894736842	0.06666666666666667	0.0	0.058823529411764705	0.16666666666666666	0.08333333333333333	0.14285714285714285	0.0	0.0	0.16666666666666666	0.3333333333333333	0.2	
Red-tailed Hawk	0.058823529411764705	0.0	0.07142857142857142	0.18181818181818182	0.2	0.125	0.11764705882352941	0.14285714285714285	0.16666666666666666	0.16666666666666666	0.21428571428571427	0.08333333333333333	0.0	0.14285714285714285	0.18181818181818182	0.058823529411764705	0.0	0.3333333333333333	0.2	0.0	0.0	0.0	0.0	0.2	0.0	0.0	0.0	0.045454545454545456	0.0	0.1	0.0	0.0	0.0	0.0	0.14285714285714285	0.041666666666666664	0.15789473684210525	0.06666666666666667	0.0	0.058823529411764705	0.0	0.0	0.0	0.16666666666666666	0.0	0.16666666666666666	0.0	0.0	
Buteo sp.	0.0	0.0	0.0	0.0	0.0	0.0	0.0	0.0	0.0	0.0	0.0	0.0	0.0	0.0	0.0	0.0	0.0	0.0	0.0	0.0	0.0	0.0	0.0	0.0	0.0	0.0	0.0	0.0	0.0	0.0	0.0	0.0	0.0	0.0	0.0	0.0	0.0	0.0	0.0	0.058823529411764705	0.0	0.0	0.0	0.0	0.0	0.0	0.0	0.0	
hawk sp.	0.0	0.0	0.0	0.0	0.0	0.0	0.0	0.0	0.0	0.0	0.0	0.0	0.0	0.0	0.0	0.0	0.0	0.0	0.0	0.0	0.0	0.0	0.0	0.0	0.0	0.0	0.0	0.0	0.0	0.1	0.0	0.0	0.0	0.0	0.0	0.0	0.0	0.0	0.0	0.0	0.0	0.0	0.0	0.0	0.0	0.0	0.0	0.0	
Barred Owl	0.0	0.0	0.07142857142857142	0.09090909090909091	0.0	0.0	0.0	0.0	0.0	0.0	0.0	0.0	0.0	0.0	0.0	0.0	0.0	0.0	0.0	0.0	0.0	0.0	0.0	0.0	0.0	0.0	0.0	0.0	0.0	0.0	0.0	0.0	0.0	0.0	0.0	0.0	0.05263157894736842	0.0	0.0	0.0	0.0	0.0	0.14285714285714285	0.0	0.0	0.0	0.0	0.0	
Belted Kingfisher	0.11764705882352941	0.0	0.14285714285714285	0.09090909090909091	0.2	0.0	0.11764705882352941	0.42857142857142855	0.0	0.0	0.35714285714285715	0.08333333333333333	0.0	0.14285714285714285	0.09090909090909091	0.0	0.0	0.6666666666666666	0.0	0.0	0.16666666666666666	0.25	0.0	0.4	0.0	0.6666666666666666	0.6666666666666666	0.5	0.5	0.3	0.6	0.375	0.3333333333333333	0.38461538461538464	0.7142857142857143	0.4583333333333333	0.3684210526315789	0.3333333333333333	0.5	0.35294117647058826	0.16666666666666666	0.08333333333333333	0.14285714285714285	0.16666666666666666	0.0	0.0	0.0	0.1	
Red-breasted Sapsucker	0.0	0.0	0.0	0.045454545454545456	0.0	0.0	0.0	0.0	0.0	0.0	0.0	0.0	0.0	0.0	0.0	0.0	0.0	0.0	0.0	0.0	0.0	0.0	0.0	0.0	0.0	0.0	0.0	0.0	0.0	0.0	0.0	0.0	0.0	0.0	0.0	0.041666666666666664	0.0	0.0	0.0	0.0	0.0	0.0	0.0	0.0	0.0	0.0	0.0	0.0	
Downy Woodpecker	0.0	0.0	0.07142857142857142	0.045454545454545456	0.1	0.0	0.058823529411764705	0.0	0.3333333333333333	0.0	0.21428571428571427	0.25	0.0	0.0	0.09090909090909091	0.0	0.2	0.6666666666666666	0.0	0.0	0.0	0.0	0.0	0.2	0.0	0.1111111111111111	0.0	0.18181818181818182	0.25	0.2	0.1	0.0	0.1111111111111111	0.07692307692307693	0.14285714285714285	0.0	0.10526315789473684	0.06666666666666667	0.125	0.23529411764705882	0.0	0.0	0.0	0.08333333333333333	0.0	0.0	0.0	0.0	
Pileated Woodpecker	0.0	0.0	0.0	0.0	0.0	0.0	0.0	0.0	0.0	0.0	0.0	0.0	0.0	0.0	0.0	0.0	0.0	0.0	0.0	0.0	0.0	0.0	0.0	0.0	0.0	0.0	0.0	0.0	0.0	0.0	0.0	0.0	0.0	0.0	0.0	0.0	0.0	0.06666666666666667	0.0	0.0	0.0	0.0	0.0	0.0	0.0	0.0	0.0	0.0	
Northern Flicker	0.29411764705882354	0.1111111111111111	0.21428571428571427	0.18181818181818182	0.1	0.125	0.17647058823529413	0.14285714285714285	0.3333333333333333	0.16666666666666666	0.21428571428571427	0.16666666666666666	0.0	0.42857142857142855	0.18181818181818182	0.29411764705882354	0.2	0.6666666666666666	0.2	0.2	0.5	0.0	0.0	0.0	0.0	0.2222222222222222	0.0	0.09090909090909091	0.0	0.2	0.0	0.0625	0.0	0.23076923076923078	0.2857142857142857	0.16666666666666666	0.5263157894736842	0.4666666666666667	0.625	0.47058823529411764	0.25	0.08333333333333333	0.14285714285714285	0.08333333333333333	0.0	0.0	0.3333333333333333	0.2	
American Kestrel	0.0	0.0	0.0	0.0	0.0	0.0	0.0	0.0	0.0	0.0	0.0	0.0	0.0	0.0	0.0	0.0	0.0	0.0	0.0	0.0	0.0	0.0	0.0	0.0	0.0	0.0	0.0	0.0	0.0	0.0	0.0	0.0	0.0	0.0	0.0	0.041666666666666664	0.0	0.0	0.0	0.0	0.0	0.0	0.0	0.0	0.0	0.0	0.0	0.0	
Merlin	0.0	0.0	0.0	0.0	0.0	0.0015	0.0	0.0	0.0	0.0	0.0	0.0	0.0	0.0	0.09090909090909091	0.0	0.0	0.0	0.0	0.0	0.0	0.0	0.0	0.0	0.0	0.0	0.0	0.0	0.0	0.0	0.0	0.0	0.0	0.0	0.0	0.041666666666666664	0.0	0.06666666666666667	0.0	0.0	0.0	0.0	0.0	0.0	0.0	0.0	0.0	0.0	
Peregrine Falcon	0.0	0.0	0.0	0.0	0.0	0.0	0.0	0.0	0.0	0.0	0.0	0.0	0.0	0.0	0.0	0.0	0.0	0.0	0.0	0.0	0.0	0.0	0.0	0.0	0.0	0.0	0.0	0.0	0.0	0.2	0.0	0.0	0.0	0.0	0.0	0.0	0.0	0.06666666666666667	0.0	0.0	0.0	0.0	0.0	0.0	0.0	0.0	0.0	0.0	
falcon sp.	0.0	0.0	0.0	0.0	0.0	0.0	0.0	0.0	0.0	0.0	0.0	0.0	0.0	0.0	0.0	0.0	0.0	0.0	0.0	0.0	0.0	0.0	0.0	0.0	0.0	0.0	0.0	0.0	0.0	0.0	0.0	0.0625	0.0	0.0	0.0	0.0	0.0	0.0	0.0	0.0	0.0	0.0	0.0	0.0	0.0	0.0	0.0	0.0	
Olive-sided Flycatcher	0.0	0.0	0.0	0.0	0.0	0.0	0.0	0.0	0.0	0.0	0.0	0.0	0.0	0.0	0.0	0.0	0.0	0.0	0.0	0.1	0.0	0.25	0.0	0.0	0.0	0.1111111111111111	0.0	0.045454545454545456	0.125	0.0	0.0	0.0	0.0	0.0	0.0	0.0	0.0	0.0	0.0	0.0	0.0	0.0	0.0	0.0	0.0	0.0	0.0	0.0	
Western Wood-Pewee	0.0	0.0	0.0	0.0	0.0	0.0	0.0	0.0	0.0	0.0	0.0	0.0	0.0	0.0	0.0	0.0	0.0	0.0	0.0	0.0	0.16666666666666666	0.0	0.0	0.0	0.0	0.1111111111111111	0.0	0.0	0.0	0.0	0.0	0.0	0.0	0.0	0.0	0.0	0.0	0.0	0.0	0.0	0.0	0.0	0.0	0.0	0.0	0.0	0.0	0.0	
Willow Flycatcher	0.0	0.0	0.0	0.0	0.0	0.0	0.0	0.0	0.0	0.0	0.0	0.0	0.0	0.0	0.0	0.0	0.0	0.0	0.0	0.0	0.3333333333333333	0.25	0.6666666666666666	0.2	0.0	0.1111111111111111	0.3333333333333333	0.045454545454545456	0.125	0.2	0.0	0.125	0.1111111111111111	0.0	0.0	0.0	0.0	0.0	0.0	0.0	0.0	0.0	0.0	0.0	0.0	0.0	0.0	0.0	
Hammond's Flycatcher	0.0	0.0	0.0	0.0	0.0	0.0	0.0	0.0	0.0	0.0	0.0	0.0	0.0	0.0	0.0	0.0	0.0	0.0	0.0	0.1	0.16666666666666666	0.0	0.0	0.0	0.0	0.0	0.0	0.0	0.0	0.0	0.0	0.0	0.0	0.0	0.0	0.0	0.0	0.0	0.0	0.0	0.0	0.0	0.0	0.0	0.0	0.0	0.0	0.0	
Empidonax sp.	0.0	0.0	0.0	0.0	0.0	0.0	0.0	0.0	0.0	0.0	0.0	0.0	0.0	0.0	0.0	0.0	0.0	0.0	0.0	0.0	0.0	0.0	0.0	0.0	0.0	0.0	0.0	0.0	0.0	0.0015	0.0	0.0	0.0	0.0	0.0	0.0	0.0	0.0	0.0	0.0	0.0	0.0	0.0	0.0	0.0	0.0	0.0	0.0	
Hutton's Vireo	0.058823529411764705	0.0	0.0	0.0	0.0	0.0	0.0	0.0	0.0	0.0	0.0	0.0	0.0	0.0	0.0	0.0	0.0	0.0	0.0	0.0	0.0	0.0	0.0	0.0	0.0	0.0	0.0	0.0	0.0	0.0	0.0	0.0	0.0	0.0	0.07142857142857142	0.0	0.0	0.0	0.0	0.0	0.0	0.08333333333333333	0.0	0.0	0.0	0.0	0.0	0.0	
Warbling Vireo	0.0	0.0	0.0	0.0	0.0	0.0	0.0	0.0	0.0	0.0	0.0	0.0	0.0	0.0	0.0	0.0	0.0	0.0	0.0	0.0015	0.0	0.0	0.0	0.0	0.0	0.1111111111111111	0.0	0.0	0.0	0.1	0.0	0.0	0.1111111111111111	0.0	0.0	0.041666666666666664	0.0	0.06666666666666667	0.0	0.0	0.0	0.0	0.0	0.0	0.0	0.0	0.0	0.0	
Steller's Jay	0.058823529411764705	0.0	0.0	0.13636363636363635	0.1	0.0015	0.0	0.0	0.16666666666666666	0.0	0.0	0.08333333333333333	0.0	0.0	0.0	0.0	0.0	0.0	0.0	0.0	0.0	0.0	0.0	0.0	0.0	0.0	0.0	0.0	0.0	0.0	0.0	0.0	0.2222222222222222	0.23076923076923078	0.0	0.16666666666666666	0.42105263157894735	0.13333333333333333	0.375	0.11764705882352941	0.0	0.0	0.0	0.08333333333333333	0.0	0.0	0.3333333333333333	0.1	
California Scrub-Jay	0.0	0.0	0.07142857142857142	0.0	0.0	0.0	0.0	0.0	0.3333333333333333	0.0	0.07142857142857142	0.08333333333333333	0.0	0.0	0.0	0.0	0.0	0.0	0.0	0.0	0.0	0.0	0.0	0.2	0.0	0.0	0.0	0.0	0.0	0.0	0.0	0.0	0.0	0.0	0.0	0.041666666666666664	0.05263157894736842	0.06666666666666667	0.0	0.0	0.0	0.0	0.0	0.0	0.0	0.0	0.0	0.0	
American Crow	0.5882352941176471	0.5555555555555556	0.42857142857142855	0.5454545454545454	0.5	0.375	0.47058823529411764	0.5714285714285714	0.5	0.3333333333333333	0.5714285714285714	0.5833333333333334	0.2	0.8571428571428571	0.7272727272727273	0.4117647058823529	0.6	0.6666666666666666	0.4	0.5	0.5	0.5	0.3333333333333333	0.6	0.0	0.6666666666666666	0.3333333333333333	0.4090909090909091	0.5	0.3	0.5	0.5	0.6666666666666666	0.3076923076923077	0.2857142857142857	0.4166666666666667	0.47368421052631576	0.3333333333333333	0.625	0.29411764705882354	0.3333333333333333	0.5	0.2857142857142857	0.08333333333333333	0.3333333333333333	0.3333333333333333	0.6666666666666666	0.5	
Northwestern Crow	0.0	0.0	0.07142857142857142	0.0	0.2	0.125	0.058823529411764705	0.0	0.0	0.0	0.0	0.0	0.0	0.14285714285714285	0.09090909090909091	0.0	0.0	0.0	0.0	0.0	0.16666666666666666	0.0	0.0	0.0	0.0	0.1111111111111111	0.3333333333333333	0.09090909090909091	0.0	0.0015	0.2	0.125	0.2222222222222222	0.15384615384615385	0.0	0.08333333333333333	0.0	0.06666666666666667	0.0	0.058823529411764705	0.0	0.08333333333333333	0.0	0.08333333333333333	0.0	0.0	0.0	0.1	
American/Northwestern Crow	0.11764705882352941	0.0	0.21428571428571427	0.13636363636363635	0.3	0.125	0.17647058823529413	0.0	0.3333333333333333	0.0	0.35714285714285715	0.16666666666666666	0.0	0.14285714285714285	0.2727272727272727	0.23529411764705882	0.0	0.3333333333333333	0.6	0.2	0.16666666666666666	0.25	0.6666666666666666	0.4	0.5	0.2222222222222222	0.3333333333333333	0.22727272727272727	0.125	0.1	0.2	0.0625	0.1111111111111111	0.38461538461538464	0.35714285714285715	0.25	0.3684210526315789	0.3333333333333333	0.25	0.23529411764705882	0.16666666666666666	0.0	0.2857142857142857	0.25	0.0	0.3333333333333333	0.3333333333333333	0.4	
Common Raven	0.0	0.0	0.21428571428571427	0.045454545454545456	0.0	0.125	0.058823529411764705	0.14285714285714285	0.0	0.0	0.07142857142857142	0.0	0.0	0.0	0.0	0.0	0.0	0.0	0.0	0.0	0.0	0.0	0.0	0.0	0.0	0.0	0.0	0.045454545454545456	0.0	0.2	0.0	0.0625	0.1111111111111111	0.07692307692307693	0.21428571428571427	0.08333333333333333	0.21052631578947367	0.0	0.125	0.0	0.08333333333333333	0.0	0.07142857142857142	0.08333333333333333	0.0	0.0	0.0	0.0	
crow/raven sp.	0.0	0.0	0.0	0.0	0.0	0.0	0.058823529411764705	0.0	0.0	0.0	0.0	0.0	0.0	0.0	0.0	0.0	0.0	0.0	0.0	0.0	0.0	0.0	0.0	0.0	0.0	0.0	0.0	0.0	0.0	0.0	0.0	0.0	0.0	0.0	0.0	0.0	0.0	0.0	0.0	0.0	0.0	0.0	0.0	0.0	0.0	0.0	0.0	0.0	
Northern Rough-winged Swallow	0.0	0.0	0.0	0.0	0.0	0.0	0.0	0.0	0.0	0.0	0.0	0.0	0.0	0.0	0.0	0.058823529411764705	0.0	0.3333333333333333	0.0	0.2	0.5	0.0	0.3333333333333333	0.2	0.0	0.2222222222222222	0.6666666666666666	0.2727272727272727	0.5	0.0	0.0	0.125	0.0	0.0	0.0	0.0	0.0	0.0	0.0	0.0	0.0	0.0	0.0	0.0	0.0	0.0	0.0	0.0	
Purple Martin	0.0	0.0	0.0	0.0	0.0	0.0	0.0	0.0	0.0	0.0	0.0	0.0	0.0	0.0	0.09090909090909091	0.058823529411764705	0.0	0.0	0.0	0.0	0.0	0.25	0.0	0.0	0.0	0.2222222222222222	0.3333333333333333	0.18181818181818182	0.375	0.4	0.4	0.3125	0.2222222222222222	0.0	0.0	0.0	0.0	0.0	0.0	0.0	0.0	0.0	0.0	0.0	0.0	0.0	0.0	0.0	
Tree Swallow	0.0	0.0	0.0	0.0	0.0	0.0	0.0	0.0	0.0	0.0	0.0	0.0	0.0	0.0	0.0	0.11764705882352941	0.2	0.6666666666666666	0.0	0.1	0.0	0.0	0.3333333333333333	0.2	1.0	0.2222222222222222	0.0	0.18181818181818182	0.0	0.0	0.2	0.0625	0.0	0.0	0.0	0.0	0.0	0.0	0.0	0.0	0.0	0.0	0.0	0.0	0.0	0.0	0.0	0.0	
Violet-green Swallow	0.0	0.0	0.0	0.0	0.0	0.0	0.0	0.0	0.0	0.0	0.07142857142857142	0.16666666666666666	0.0	0.14285714285714285	0.45454545454545453	0.47058823529411764	0.2	1.0	0.4	0.6	0.6666666666666666	0.5	0.6666666666666666	0.8	0.5	0.5555555555555556	0.3333333333333333	0.2727272727272727	0.625	0.0	0.0	0.1875	0.2222222222222222	0.15384615384615385	0.21428571428571427	0.0	0.0	0.0	0.0	0.0	0.0	0.0	0.0	0.0	0.0	0.0	0.0	0.0	
Bank Swallow	0.0	0.0	0.0	0.0	0.0	0.0	0.0	0.0	0.0	0.0	0.0	0.0	0.0	0.0	0.0	0.0	0.0	0.0	0.0	0.0	0.0	0.0	0.0	0.0	0.0	0.0	0.0	0.045454545454545456	0.0	0.0	0.0	0.0	0.0	0.0	0.0	0.0	0.0	0.0	0.0	0.0	0.0	0.0	0.0	0.0	0.0	0.0	0.0	0.0	
Barn Swallow	0.0	0.0	0.0	0.0	0.0	0.0	0.0	0.0	0.0	0.0	0.0	0.0	0.0	0.0	0.0	0.23529411764705882	0.4	0.3333333333333333	0.2	0.5	0.3333333333333333	0.5	0.6666666666666666	0.6	0.0	0.6666666666666666	0.3333333333333333	0.6818181818181818	0.875	0.5	0.5	0.75	0.2222222222222222	0.23076923076923078	0.07142857142857142	0.08333333333333333	0.0	0.0	0.0	0.0	0.0	0.0	0.0	0.0	0.0	0.0	0.0	0.0	
Cliff Swallow	0.0	0.0	0.0	0.0	0.0	0.0	0.0	0.0	0.0	0.0	0.0	0.0	0.0	0.0	0.0	0.0	0.0	0.0	0.0	0.2	0.0	0.0	0.3333333333333333	0.0	0.0	0.2222222222222222	0.0	0.18181818181818182	0.125	0.1	0.1	0.125	0.0	0.0	0.0	0.0	0.0	0.0	0.0	0.0	0.0	0.0	0.0	0.0	0.0	0.0	0.0	0.0	
swallow sp.	0.0	0.0	0.0	0.0	0.0	0.0	0.0	0.0	0.0	0.0	0.0	0.0	0.0	0.0	0.0	0.0	0.2	0.0	0.0015	0.1	0.0	0.0	0.0	0.2	0.0	0.0	0.0	0.045454545454545456	0.0	0.1	0.1	0.0	0.1111111111111111	0.0	0.14285714285714285	0.0	0.0	0.0	0.0	0.0	0.0	0.0	0.0	0.0	0.0	0.0	0.0	0.0	
Black-capped Chickadee	0.47058823529411764	0.4444444444444444	0.42857142857142855	0.5	0.8	0.375	0.4117647058823529	0.14285714285714285	0.8333333333333334	0.6666666666666666	0.5	0.6666666666666666	0.2	0.7142857142857143	0.5454545454545454	0.47058823529411764	0.4	0.6666666666666666	0.4	0.3	0.6666666666666666	0.5	0.0	0.6	0.5	0.5555555555555556	0.3333333333333333	0.45454545454545453	0.5	0.5	0.3	0.75	0.6666666666666666	0.46153846153846156	0.5714285714285714	0.7083333333333334	0.8421052631578947	0.7333333333333333	0.5	0.6470588235294118	0.4166666666666667	0.3333333333333333	0.35714285714285715	0.25	0.0015	0.0015	0.6666666666666666	0.5	
Chestnut-backed Chickadee	0.35294117647058826	0.2222222222222222	0.0	0.13636363636363635	0.4	0.25	0.058823529411764705	0.2857142857142857	0.16666666666666666	0.3333333333333333	0.2857142857142857	0.3333333333333333	0.0	0.14285714285714285	0.6363636363636364	0.17647058823529413	0.2	0.0	0.4	0.1	0.3333333333333333	0.0	0.0	0.2	0.0	0.0	0.3333333333333333	0.09090909090909091	0.25	0.3	0.0	0.125	0.2222222222222222	0.0	0.35714285714285715	0.2916666666666667	0.3157894736842105	0.2	0.5	0.29411764705882354	0.0	0.0	0.14285714285714285	0.16666666666666666	0.3333333333333333	0.0	0.0	0.3	
chickadee sp.	0.0	0.0	0.0	0.045454545454545456	0.0	0.0	0.0	0.0	0.0	0.0	0.0	0.0	0.0	0.0	0.0	0.0	0.0	0.0	0.0	0.0	0.0	0.0	0.0	0.0	0.0	0.0	0.0	0.0	0.0	0.0	0.0	0.0	0.0	0.0	0.0	0.0	0.0	0.0	0.0	0.0	0.0	0.0	0.07142857142857142	0.0	0.0	0.0	0.0	0.0	
Bushtit	0.11764705882352941	0.2222222222222222	0.14285714285714285	0.18181818181818182	0.1	0.375	0.11764705882352941	0.0	0.16666666666666666	0.3333333333333333	0.14285714285714285	0.5	0.0	0.5714285714285714	0.5454545454545454	0.35294117647058826	0.0	1.0	0.6	0.2	0.0	0.5	0.0	0.2	0.0	0.4444444444444444	0.0	0.13636363636363635	0.375	0.2	0.1	0.25	0.1111111111111111	0.6153846153846154	0.14285714285714285	0.20833333333333334	0.3157894736842105	0.26666666666666666	0.5	0.17647058823529413	0.16666666666666666	0.08333333333333333	0.14285714285714285	0.0	0.0	0.0	0.3333333333333333	0.1	
Red-breasted Nuthatch	0.058823529411764705	0.0	0.0	0.0	0.0	0.0	0.0	0.0	0.0	0.0	0.0	0.0	0.0	0.14285714285714285	0.09090909090909091	0.058823529411764705	0.0	0.0	0.0	0.0	0.0	0.0	0.0	0.0	0.0	0.0	0.0	0.045454545454545456	0.125	0.0	0.1	0.0625	0.1111111111111111	0.07692307692307693	0.07142857142857142	0.16666666666666666	0.10526315789473684	0.06666666666666667	0.0	0.0	0.0	0.08333333333333333	0.0	0.0	0.0	0.0	0.0	0.0	
Brown Creeper	0.0	0.0	0.0	0.0	0.0	0.0	0.0	0.0	0.0	0.0	0.0	0.0	0.0	0.0	0.0	0.0	0.0	0.0	0.0	0.0	0.0	0.0	0.0	0.0	0.0	0.0	0.0	0.0	0.0	0.0	0.0	0.0625	0.0	0.0	0.0	0.0	0.0	0.0	0.0	0.058823529411764705	0.0	0.0	0.0	0.0	0.0	0.0	0.0	0.1	
House Wren	0.0	0.0	0.0	0.0	0.0	0.0	0.0	0.0	0.0	0.0	0.0	0.0	0.0	0.0	0.0	0.0	0.2	0.0	0.0	0.0	0.0	0.0	0.0	0.0	0.0	0.0	0.0	0.0	0.125	0.0	0.0	0.0	0.0	0.0	0.0	0.0	0.0	0.0	0.0	0.0	0.0	0.0	0.0	0.0	0.0	0.0	0.0	0.0	
Pacific Wren	0.058823529411764705	0.1111111111111111	0.0	0.13636363636363635	0.1	0.125	0.23529411764705882	0.0	0.16666666666666666	0.0	0.07142857142857142	0.0	0.0	0.0	0.0	0.0	0.0	0.0	0.0	0.0	0.0	0.0	0.0	0.0	0.0	0.0	0.0	0.0	0.0	0.0	0.1	0.0	0.0	0.0	0.0	0.0	0.10526315789473684	0.13333333333333333	0.125	0.0	0.08333333333333333	0.16666666666666666	0.07142857142857142	0.0	0.0	0.0	0.3333333333333333	0.2	
Marsh Wren	0.058823529411764705	0.0	0.35714285714285715	0.22727272727272727	0.5	0.25	0.058823529411764705	0.14285714285714285	0.8333333333333334	0.3333333333333333	0.5	0.3333333333333333	0.0	0.5714285714285714	0.8181818181818182	0.35294117647058826	0.6	1.0	0.8	0.5	0.8333333333333334	0.75	0.6666666666666666	0.6	1.0	1.0	1.0	0.36363636363636365	0.5	0.2	0.6	0.4375	0.3333333333333333	0.23076923076923078	0.5	0.5416666666666666	0.6842105263157895	0.6	0.375	0.47058823529411764	0.5833333333333334	0.08333333333333333	0.21428571428571427	0.5	0.0	0.5	0.0	0.2	
Bewick's Wren	0.23529411764705882	0.1111111111111111	0.07142857142857142	0.22727272727272727	0.6	0.125	0.35294117647058826	0.0	0.3333333333333333	0.0	0.35714285714285715	0.4166666666666667	0.2	0.42857142857142855	0.5454545454545454	0.17647058823529413	0.2	1.0	0.0	0.1	0.0	0.25	0.0	0.2	0.5	0.1111111111111111	0.0	0.2727272727272727	0.25	0.3	0.3	0.25	0.3333333333333333	0.15384615384615385	0.14285714285714285	0.3333333333333333	0.15789473684210525	0.4	0.0	0.17647058823529413	0.0	0.08333333333333333	0.21428571428571427	0.08333333333333333	0.0	0.0015	0.3333333333333333	0.4	
wren sp.	0.0	0.1111111111111111	0.0	0.0	0.0	0.0	0.0	0.0	0.0	0.0	0.0	0.0	0.0	0.0	0.0	0.0	0.0	0.0	0.0	0.0	0.0	0.0	0.0	0.0	0.0	0.0	0.0	0.0	0.0	0.0	0.0	0.0	0.0	0.07692307692307693	0.0	0.0	0.0	0.0	0.0	0.0	0.0	0.0	0.0	0.0	0.0	0.0	0.0	0.0	
Golden-crowned Kinglet	0.23529411764705882	0.1111111111111111	0.21428571428571427	0.2727272727272727	0.4	0.25	0.0	0.2857142857142857	0.16666666666666666	0.16666666666666666	0.0	0.4166666666666667	0.0	0.0	0.09090909090909091	0.0	0.2	0.0	0.0	0.0	0.0	0.0	0.0	0.0	0.0	0.0	0.0	0.0	0.0	0.0	0.0	0.0	0.0	0.0	0.14285714285714285	0.08333333333333333	0.10526315789473684	0.4	0.25	0.29411764705882354	0.08333333333333333	0.16666666666666666	0.14285714285714285	0.25	0.0	0.3333333333333333	0.6666666666666666	0.4	
Ruby-crowned Kinglet	0.29411764705882354	0.0	0.14285714285714285	0.3181818181818182	0.4	0.125	0.058823529411764705	0.2857142857142857	0.5	0.16666666666666666	0.21428571428571427	0.5	0.2	0.2857142857142857	0.2727272727272727	0.17647058823529413	0.0	0.0	0.0	0.0	0.0	0.0	0.0	0.0	0.0	0.0	0.0	0.0	0.0	0.0	0.0	0.0	0.0	0.0	0.0	0.125	0.3684210526315789	0.2	0.25	0.23529411764705882	0.3333333333333333	0.25	0.07142857142857142	0.25	0.0	0.16666666666666666	0.3333333333333333	0.4	
Varied Thrush	0.058823529411764705	0.0	0.07142857142857142	0.09090909090909091	0.0	0.0015	0.0	0.0	0.0	0.16666666666666666	0.14285714285714285	0.08333333333333333	0.0	0.0	0.0	0.0	0.0	0.0	0.0	0.0	0.0	0.0	0.0	0.0	0.0	0.0	0.0	0.0	0.0	0.0	0.0	0.0	0.0	0.0	0.0	0.0	0.0	0.0	0.0	0.0	0.0	0.0	0.0	0.0	0.0	0.0	0.0	0.0	
Swainson's Thrush	0.0	0.0	0.0	0.0	0.0	0.0	0.0	0.0	0.0	0.0	0.0	0.0	0.0	0.0	0.0	0.0	0.0	0.0	0.0	0.0	0.16666666666666666	0.5	0.0	0.0	0.0	0.0	0.0	0.0	0.0	0.0	0.0	0.0	0.0	0.0	0.0	0.041666666666666664	0.0	0.0	0.0	0.0	0.0	0.0	0.0	0.0	0.0	0.0	0.0	0.0	
Hermit Thrush	0.0	0.0	0.0	0.0	0.0	0.0	0.0	0.0	0.0	0.0	0.0	0.0	0.0	0.0	0.0	0.058823529411764705	0.0	0.0	0.0	0.0	0.0	0.0	0.0	0.0	0.0	0.0	0.0	0.0	0.0	0.0	0.0	0.0	0.1111111111111111	0.0	0.0	0.0	0.10526315789473684	0.06666666666666667	0.0	0.0	0.0	0.0	0.0	0.0	0.0	0.0	0.3333333333333333	0.0	
American Robin	0.4117647058823529	0.5555555555555556	0.35714285714285715	0.4090909090909091	0.4	0.25	0.47058823529411764	0.2857142857142857	0.6666666666666666	0.6666666666666666	0.5	0.5	0.4	0.8571428571428571	0.7272727272727273	0.5882352941176471	0.4	0.6666666666666666	0.4	0.6	0.8333333333333334	0.75	0.3333333333333333	0.8	0.0	0.5555555555555556	0.0	0.045454545454545456	0.0	0.1	0.0	0.0625	0.1111111111111111	0.07692307692307693	0.14285714285714285	0.25	0.47368421052631576	0.2	0.0	0.35294117647058826	0.25	0.25	0.42857142857142855	0.25	0.3333333333333333	0.16666666666666666	0.6666666666666666	0.6	
European Starling	0.23529411764705882	0.1111111111111111	0.0	0.22727272727272727	0.1	0.125	0.23529411764705882	0.0	0.16666666666666666	0.16666666666666666	0.14285714285714285	0.16666666666666666	0.2	0.42857142857142855	0.18181818181818182	0.29411764705882354	0.2	0.3333333333333333	0.4	0.4	0.5	0.25	0.3333333333333333	0.2	0.0	0.3333333333333333	0.0	0.09090909090909091	0.125	0.0	0.2	0.3125	0.2222222222222222	0.07692307692307693	0.14285714285714285	0.125	0.2631578947368421	0.2	0.125	0.058823529411764705	0.16666666666666666	0.08333333333333333	0.07142857142857142	0.16666666666666666	0.0	0.16666666666666666	0.3333333333333333	0.2	
American Pipit	0.0	0.0	0.0	0.0	0.0	0.0	0.0	0.0	0.0	0.0	0.0	0.0	0.0	0.0	0.0	0.0	0.2	0.0	0.0	0.0	0.0	0.0	0.0	0.0	0.0	0.0	0.0	0.0	0.0	0.0	0.0	0.0	0.0	0.0	0.0	0.0	0.0	0.0015	0.0	0.0	0.0	0.0	0.0	0.0	0.0	0.0	0.0	0.0	
Bohemian Waxwing	0.11764705882352941	0.0	0.0	0.0	0.0	0.0	0.0	0.0	0.0	0.0	0.0	0.0	0.0	0.0	0.0	0.0	0.0	0.0	0.0	0.0	0.0	0.0	0.0	0.0	0.0	0.0	0.0	0.0	0.0	0.0	0.0	0.0	0.0	0.0	0.0	0.0	0.0	0.0	0.0	0.0	0.0	0.0	0.0	0.0	0.0	0.0	0.0	0.1	
Cedar Waxwing	0.29411764705882354	0.1111111111111111	0.0	0.0	0.0	0.0	0.0	0.0	0.0	0.16666666666666666	0.0	0.0	0.0	0.0	0.0	0.0	0.0	0.0	0.2	0.2	0.3333333333333333	0.75	0.6666666666666666	0.8	0.0	0.5555555555555556	0.3333333333333333	0.5	0.75	0.3	0.3	0.5625	0.2222222222222222	0.46153846153846156	0.35714285714285715	0.125	0.15789473684210525	0.26666666666666666	0.375	0.17647058823529413	0.25	0.0	0.0	0.16666666666666666	0.0	0.0	0.0	0.5	
Evening Grosbeak	0.0	0.0	0.0	0.0	0.0	0.0	0.0	0.0	0.0	0.0	0.0	0.0	0.0	0.0	0.0	0.058823529411764705	0.0	0.0	0.0	0.0	0.0	0.0	0.0	0.0	0.0	0.0	0.0	0.0	0.0	0.0	0.0	0.0	0.0	0.0	0.0	0.0	0.0	0.0	0.0	0.0	0.0	0.0	0.0	0.0	0.0	0.0	0.0	0.0	
House Finch	0.23529411764705882	0.1111111111111111	0.21428571428571427	0.3181818181818182	0.3	0.125	0.058823529411764705	0.0	0.6666666666666666	0.3333333333333333	0.2857142857142857	0.4166666666666667	0.2	0.42857142857142855	0.5454545454545454	0.4117647058823529	0.4	0.6666666666666666	0.6	0.2	0.5	0.5	0.3333333333333333	0.4	0.5	0.4444444444444444	0.3333333333333333	0.2727272727272727	0.125	0.3	0.2	0.1875	0.1111111111111111	0.07692307692307693	0.2857142857142857	0.3333333333333333	0.3157894736842105	0.26666666666666666	0.5	0.17647058823529413	0.08333333333333333	0.08333333333333333	0.21428571428571427	0.0	0.0	0.16666666666666666	0.6666666666666666	0.3	
Purple Finch	0.23529411764705882	0.0	0.21428571428571427	0.0015	0.1	0.125	0.0	0.0	0.0	0.0	0.07142857142857142	0.08333333333333333	0.0	0.0	0.09090909090909091	0.058823529411764705	0.0	0.0	0.2	0.0	0.0	0.0	0.0	0.0	0.0	0.0	0.0	0.09090909090909091	0.0	0.0	0.1	0.0	0.1111111111111111	0.07692307692307693	0.07142857142857142	0.0	0.05263157894736842	0.13333333333333333	0.25	0.058823529411764705	0.0	0.0	0.14285714285714285	0.0	0.0	0.0	0.3333333333333333	0.1	
Common Redpoll	0.0	0.0	0.21428571428571427	0.09090909090909091	0.0	0.0	0.0	0.0	0.0	0.0	0.0	0.0	0.0	0.0	0.0	0.0	0.0	0.0	0.0	0.0	0.0	0.0	0.0	0.0	0.0	0.0	0.0	0.0	0.0	0.0	0.0	0.0	0.0	0.0	0.0	0.0	0.0	0.0	0.0	0.0	0.0	0.0	0.0	0.0	0.0	0.0	0.0	0.0	
Red Crossbill	0.0	0.0	0.0	0.0	0.0	0.0	0.0	0.0	0.0	0.0	0.0	0.0	0.0	0.0	0.0	0.0	0.0	0.0	0.0	0.0	0.0	0.0	0.0	0.0	0.0	0.0	0.0	0.0	0.0	0.0	0.0	0.0	0.0	0.0	0.0	0.0	0.0	0.0	0.125	0.0	0.0	0.0	0.0	0.0	0.0	0.0	0.3333333333333333	0.0	
Pine Siskin	0.0	0.0	0.14285714285714285	0.0	0.1	0.0	0.0	0.0	0.0	0.0	0.07142857142857142	0.08333333333333333	0.0	0.14285714285714285	0.0	0.17647058823529413	0.0	0.0	0.0015	0.0	0.0	0.25	0.0	0.0	0.0	0.1111111111111111	0.0	0.0	0.125	0.1	0.0	0.0	0.0	0.0	0.0	0.0	0.15789473684210525	0.06666666666666667	0.125	0.0	0.0	0.0	0.0	0.08333333333333333	0.0	0.0	0.6666666666666666	0.0	
American Goldfinch	0.058823529411764705	0.0	0.14285714285714285	0.045454545454545456	0.0	0.125	0.0	0.0	0.0	0.0	0.0	0.0	0.0	0.2857142857142857	0.09090909090909091	0.4117647058823529	0.2	1.0	0.6	0.3	0.6666666666666666	0.25	0.3333333333333333	0.2	0.0	0.6666666666666666	0.0	0.6818181818181818	0.25	0.3	0.3	0.125	0.0	0.07692307692307693	0.0	0.041666666666666664	0.05263157894736842	0.06666666666666667	0.0	0.0	0.0	0.0	0.0	0.0	0.0	0.0	0.0	0.0	
finch sp.	0.0	0.0	0.0	0.0	0.0	0.125	0.0	0.0	0.0	0.0	0.0	0.0	0.0	0.0	0.0	0.0	0.0	0.0	0.0	0.0	0.0	0.0	0.0	0.0	0.0	0.0	0.0	0.0	0.0	0.0	0.0	0.0	0.0	0.0	0.07142857142857142	0.0	0.0	0.0	0.0	0.0	0.0	0.0	0.0	0.08333333333333333	0.0	0.0	0.0	0.0	
Chipping Sparrow	0.0	0.0	0.0	0.0	0.0	0.0	0.0	0.0	0.0	0.0	0.0	0.0	0.0	0.0	0.0	0.0	0.0	0.0015	0.0	0.0	0.0	0.0	0.0	0.0	0.0	0.0	0.0	0.0	0.0	0.0	0.0	0.0	0.0	0.0	0.0	0.0	0.0	0.0	0.0	0.0	0.0	0.0	0.0	0.0	0.0	0.0	0.0	0.0	
Fox Sparrow	0.11764705882352941	0.1111111111111111	0.14285714285714285	0.09090909090909091	0.3	0.25	0.058823529411764705	0.0	0.0	0.16666666666666666	0.21428571428571427	0.16666666666666666	0.0	0.14285714285714285	0.0	0.0	0.0015	0.0	0.0	0.0	0.0	0.0	0.0	0.0	0.0	0.0	0.0	0.0	0.0	0.0	0.0	0.0	0.0	0.07692307692307693	0.0	0.125	0.2631578947368421	0.3333333333333333	0.25	0.23529411764705882	0.0	0.08333333333333333	0.2857142857142857	0.0	0.0	0.16666666666666666	0.3333333333333333	0.3	
Dark-eyed Junco	0.23529411764705882	0.2222222222222222	0.21428571428571427	0.09090909090909091	0.2	0.125	0.0	0.0	0.0	0.0	0.14285714285714285	0.16666666666666666	0.0	0.14285714285714285	0.0	0.23529411764705882	0.0	0.0	0.2	0.0	0.16666666666666666	0.5	0.0	0.2	0.5	0.0	0.0	0.09090909090909091	0.0	0.1	0.1	0.0	0.0	0.0	0.0	0.16666666666666666	0.47368421052631576	0.4	0.25	0.35294117647058826	0.4166666666666667	0.4166666666666667	0.42857142857142855	0.4166666666666667	0.0	0.3333333333333333	0.3333333333333333	0.4	
White-crowned Sparrow	0.0	0.0	0.0	0.0	0.0	0.0	0.058823529411764705	0.0	0.0	0.0	0.14285714285714285	0.08333333333333333	0.6	1.0	0.9090909090909091	0.5882352941176471	0.4	1.0	0.4	0.7	0.8333333333333334	1.0	1.0	0.8	0.5	0.8888888888888888	0.3333333333333333	0.5	0.375	0.1	0.4	0.1875	0.3333333333333333	0.38461538461538464	0.42857142857142855	0.16666666666666666	0.47368421052631576	0.13333333333333333	0.25	0.0	0.08333333333333333	0.08333333333333333	0.0	0.08333333333333333	0.0	0.16666666666666666	0.0	0.0	
Golden-crowned Sparrow	0.29411764705882354	0.0	0.21428571428571427	0.13636363636363635	0.3	0.125	0.058823529411764705	0.14285714285714285	0.0	0.16666666666666666	0.07142857142857142	0.5	0.2	0.2857142857142857	0.2727272727272727	0.11764705882352941	0.0	0.3333333333333333	0.0	0.0	0.0	0.0	0.0	0.0	0.0	0.0	0.0	0.0	0.0	0.0	0.0	0.0	0.0	0.0	0.14285714285714285	0.3333333333333333	0.5263157894736842	0.5333333333333333	0.5	0.17647058823529413	0.08333333333333333	0.0	0.07142857142857142	0.08333333333333333	0.3333333333333333	0.5	0.3333333333333333	0.5	
White-throated Sparrow	0.0	0.0	0.0	0.0	0.0	0.0	0.0	0.0	0.0	0.0	0.0	0.0	0.0	0.0	0.0	0.0	0.0	0.0	0.0	0.0	0.0	0.0	0.0	0.0	0.0	0.0	0.0	0.0	0.0	0.0	0.0	0.0	0.0	0.0	0.0	0.041666666666666664	0.0	0.0	0.0	0.0	0.0	0.0	0.0	0.0	0.0	0.0	0.0	0.0	
Savannah Sparrow	0.0	0.0	0.0	0.0	0.0	0.0	0.0	0.0	0.0	0.0	0.0	0.0	0.0	0.14285714285714285	0.09090909090909091	0.17647058823529413	0.0	0.6666666666666666	0.2	0.0	0.0	0.0	0.0	0.0	0.5	0.0	0.3333333333333333	0.22727272727272727	0.0	0.0	0.0	0.0625	0.0	0.15384615384615385	0.14285714285714285	0.041666666666666664	0.15789473684210525	0.0	0.125	0.0	0.0	0.0	0.0	0.0	0.0	0.0	0.0	0.0	
Song Sparrow	0.5882352941176471	0.3333333333333333	0.2857142857142857	0.4090909090909091	0.8	0.375	0.35294117647058826	0.14285714285714285	0.8333333333333334	0.5	0.5714285714285714	0.5	0.8	0.8571428571428571	0.7272727272727273	0.6470588235294118	0.4	1.0	0.8	0.6	0.8333333333333334	0.5	0.6666666666666666	0.4	0.5	0.7777777777777778	0.6666666666666666	0.3181818181818182	0.5	0.3	0.2	0.3125	0.2222222222222222	0.23076923076923078	0.7142857142857143	0.5	0.8947368421052632	0.7333333333333333	0.75	0.5882352941176471	0.3333333333333333	0.4166666666666667	0.42857142857142855	0.4166666666666667	0.0	0.5	0.6666666666666666	0.9	
Lincoln's Sparrow	0.058823529411764705	0.0	0.07142857142857142	0.0	0.1	0.0015	0.0	0.0	0.0015	0.0	0.0	0.0	0.0	0.0	0.0	0.058823529411764705	0.0	0.3333333333333333	0.0	0.0	0.0	0.0	0.0	0.0	0.0	0.0	0.0	0.0	0.0	0.0	0.0	0.0	0.0	0.0	0.07142857142857142	0.041666666666666664	0.0	0.2	0.0	0.11764705882352941	0.0	0.0	0.21428571428571427	0.0	0.0	0.3333333333333333	0.0	0.1	
Spotted Towhee	0.4117647058823529	0.1111111111111111	0.35714285714285715	0.3181818181818182	0.4	0.25	0.4117647058823529	0.2857142857142857	1.0	0.5	0.5714285714285714	0.5	0.2	0.7142857142857143	0.8181818181818182	0.5294117647058824	0.4	0.6666666666666666	0.6	0.5	0.8333333333333334	0.75	0.6666666666666666	0.6	0.0	1.0	0.0	0.45454545454545453	0.375	0.3	0.1	0.0625	0.1111111111111111	0.3076923076923077	0.2857142857142857	0.5	0.7368421052631579	0.6	0.375	0.29411764705882354	0.08333333333333333	0.16666666666666666	0.35714285714285715	0.16666666666666666	0.3333333333333333	0.16666666666666666	0.6666666666666666	0.5	
sparrow sp.	0.0	0.0	0.0	0.045454545454545456	0.0	0.0	0.0	0.0	0.0	0.0	0.0	0.0	0.0	0.0	0.0	0.0	0.0	0.0	0.0	0.0	0.0	0.0	0.0	0.0	0.0	0.0	0.0	0.0	0.0	0.0	0.0	0.0	0.0	0.07692307692307693	0.0	0.0	0.05263157894736842	0.0	0.125	0.0	0.0	0.0	0.0	0.0	0.0	0.0	0.0	0.0	
Bullock's Oriole	0.0	0.0	0.0	0.0	0.0	0.0	0.0	0.0	0.0	0.0	0.0	0.0	0.0	0.0	0.0	0.0	0.0	0.0	0.0	0.0	0.0	0.25	0.0	0.0	0.0	0.0	0.0	0.0	0.0	0.0	0.0	0.0	0.0	0.0	0.0	0.0	0.0	0.0	0.0	0.0	0.0	0.0	0.0	0.0	0.0	0.0	0.0	0.0	
Red-winged Blackbird	0.29411764705882354	0.2222222222222222	0.35714285714285715	0.3181818181818182	0.3	0.375	0.4117647058823529	0.2857142857142857	0.6666666666666666	0.5	0.5714285714285714	0.6666666666666666	0.8	0.8571428571428571	1.0	0.8823529411764706	0.8	1.0	0.8	0.6	0.8333333333333334	1.0	0.6666666666666666	0.4	0.5	0.2222222222222222	0.0	0.22727272727272727	0.25	0.3	0.1	0.0	0.2222222222222222	0.3076923076923077	0.5	0.3333333333333333	0.3157894736842105	0.26666666666666666	0.25	0.23529411764705882	0.3333333333333333	0.08333333333333333	0.14285714285714285	0.16666666666666666	0.0	0.16666666666666666	0.0	0.3	
Brown-headed Cowbird	0.0	0.0	0.0	0.0	0.0	0.0	0.0	0.0	0.0	0.0	0.0	0.0	0.0	0.0	0.09090909090909091	0.0	0.0	1.0	0.0	0.0	0.5	0.5	0.3333333333333333	0.0	0.0	0.3333333333333333	0.0	0.13636363636363635	0.125	0.2	0.1	0.0625	0.0	0.0	0.0	0.0	0.0	0.0	0.0	0.0	0.0	0.0	0.0	0.0	0.0	0.0	0.0	0.0	
Brewer's Blackbird	0.0	0.0	0.0	0.0	0.0	0.0	0.0	0.0	0.0	0.0	0.0	0.0	0.0	0.0	0.0	0.058823529411764705	0.0	0.0	0.0	0.1	0.0	0.0	0.0	0.0	0.0	0.1111111111111111	0.0	0.0	0.0	0.0	0.0	0.0	0.0	0.0	0.0	0.0	0.0	0.06666666666666667	0.0	0.0	0.0	0.0	0.0	0.0	0.0	0.0	0.0	0.0	
Orange-crowned Warbler	0.0	0.0	0.0	0.0	0.0	0.0	0.0	0.0	0.0	0.0	0.0	0.0	0.0	0.14285714285714285	0.36363636363636365	0.47058823529411764	0.0015	0.3333333333333333	0.2	0.0	0.16666666666666666	0.0	0.0	0.2	0.0	0.0	0.0	0.045454545454545456	0.125	0.2	0.1	0.25	0.2222222222222222	0.23076923076923078	0.35714285714285715	0.125	0.05263157894736842	0.06666666666666667	0.0	0.0	0.0	0.0	0.0	0.0	0.0	0.0	0.0	0.0	
Common Yellowthroat	0.0	0.0	0.0	0.0	0.0	0.0	0.0	0.0	0.0	0.0	0.0	0.0	0.0	0.14285714285714285	0.09090909090909091	0.0	0.0015	0.0	0.2	0.0	0.5	0.0	0.3333333333333333	0.4	0.0	0.2222222222222222	0.3333333333333333	0.13636363636363635	0.125	0.2	0.1	0.1875	0.2222222222222222	0.15384615384615385	0.07142857142857142	0.08333333333333333	0.0	0.0	0.0	0.0	0.0	0.0	0.0	0.0	0.0	0.0	0.0	0.0	
Yellow Warbler	0.0	0.0	0.0	0.0	0.0	0.0	0.0	0.0	0.0	0.0	0.0	0.0	0.0	0.0	0.0	0.0	0.0015	0.3333333333333333	0.2	0.1	0.3333333333333333	0.25	0.0	0.0	0.0	0.2222222222222222	0.0	0.0	0.25	0.0	0.1	0.25	0.4444444444444444	0.23076923076923078	0.14285714285714285	0.08333333333333333	0.0	0.0	0.0	0.0	0.0	0.0	0.0	0.0	0.0	0.0	0.0	0.0	
Yellow-rumped Warbler	0.0	0.0	0.07142857142857142	0.0	0.0	0.0	0.0	0.0	0.0	0.0	0.21428571428571427	0.16666666666666666	0.0	1.0	0.45454545454545453	0.4117647058823529	0.4	1.0	0.2	0.1	0.0	0.0	0.0	0.0	0.0	0.0	0.0	0.0	0.0	0.2	0.0	0.0625	0.0	0.38461538461538464	0.5	0.8333333333333334	0.9473684210526315	0.7333333333333333	0.625	0.17647058823529413	0.08333333333333333	0.0	0.14285714285714285	0.08333333333333333	0.0	0.3333333333333333	0.0	0.0	
Black-throated Gray Warbler	0.0	0.0	0.0	0.0	0.0	0.0	0.0	0.0	0.0	0.0	0.0	0.0	0.0	0.0	0.0	0.0	0.0	0.0	0.0	0.0	0.0	0.0	0.0	0.0	0.0	0.0	0.0	0.0	0.125	0.0	0.0	0.0	0.0	0.0	0.0	0.0	0.0	0.0	0.0	0.0	0.0	0.0	0.0	0.0	0.0	0.0	0.0	0.0	
Townsend's Warbler	0.0	0.0	0.0	0.0	0.0	0.0	0.0	0.0	0.0	0.0	0.0	0.0	0.0	0.0	0.0	0.0	0.0	0.0	0.0	0.0	0.0	0.0	0.0	0.0	0.0	0.1111111111111111	0.0	0.0	0.0	0.0	0.0	0.0	0.0	0.0	0.0	0.0	0.0	0.0	0.0	0.0	0.0	0.0	0.0	0.0	0.0	0.0	0.0	0.0	
Wilson's Warbler	0.0	0.0	0.0	0.0	0.0	0.0	0.0	0.0	0.0	0.0	0.0	0.0	0.0	0.0	0.0	0.058823529411764705	0.0	0.3333333333333333	0.0015	0.1	0.0	0.0	0.0	0.0	0.0	0.0	0.0	0.09090909090909091	0.125	0.1	0.2	0.0	0.1111111111111111	0.07692307692307693	0.14285714285714285	0.0	0.05263157894736842	0.0	0.0	0.0	0.0	0.0	0.0	0.0	0.0	0.0	0.0	0.0	
Western Tanager	0.0	0.0	0.0	0.0	0.0	0.0	0.0	0.0	0.0	0.0	0.0	0.0	0.0	0.0	0.0	0.0	0.0	0.0	0.2	0.0015	0.0	0.0	0.0	0.0	0.0	0.0	0.0	0.0	0.0	0.0	0.0	0.0	0.0	0.0	0.0	0.0	0.0	0.0	0.0	0.0	0.0	0.0	0.0	0.0	0.0	0.0	0.0	0.0	
Black-headed Grosbeak	0.0	0.0	0.0	0.0	0.0	0.0	0.0	0.0	0.0	0.0	0.0	0.0	0.0	0.0	0.0	0.0	0.0	0.6666666666666666	0.0	0.0	0.16666666666666666	0.0	0.0	0.0	0.0	0.0	0.0	0.045454545454545456	0.0	0.0	0.0	0.0	0.0	0.0	0.0	0.0015	0.0	0.0	0.0	0.0	0.0	0.0	0.0	0.0	0.0	0.0	0.0	0.0	
House Sparrow	0.11764705882352941	0.0	0.07142857142857142	0.18181818181818182	0.2	0.0015	0.0	0.0	0.5	0.0	0.2857142857142857	0.3333333333333333	0.2	0.2857142857142857	0.18181818181818182	0.23529411764705882	0.4	1.0	0.4	0.1	0.0	0.25	0.0	0.4	0.0	0.3333333333333333	0.0	0.36363636363636365	0.0	0.0	0.0	0.0625	0.1111111111111111	0.07692307692307693	0.0015	0.08333333333333333	0.15789473684210525	0.13333333333333333	0.0	0.058823529411764705	0.0	0.08333333333333333	0.07142857142857142	0.08333333333333333	0.0	0.0	0.3333333333333333	0.0	
passerine sp.	0.0	0.0	0.0	0.0	0.0	0.0	0.0	0.0	0.0	0.0	0.0	0.0	0.0	0.0	0.0	0.0	0.2	0.0	0.0	0.0	0.0	0.0	0.0	0.0	0.0	0.0	0.0	0.0	0.0	0.0	0.0	0.0	0.0	0.15384615384615385	0.0	0.08333333333333333	0.05263157894736842	0.0	0.0	0.058823529411764705	0.0	0.0	0.0	0.0	0.0	0.0	0.0	0.0	

