









Frequency of observations in the selected location(s).:
Number of taxa: 	214

	Jan				Feb				Mar				Apr				May				Jun				Jul				Aug				Sep				Oct				Nov				Dec				
Sample Size:	16.0	13.0	6.0	16.0	14.0	15.0	12.0	10.0	8.0	8.0	9.0	11.0	10.0	8.0	10.0	17.0	8.0	5.0	4.0	5.0	5.0	1.0	2.0	2.0	2.0	3.0	8.0	7.0	13.0	7.0	6.0	6.0	8.0	6.0	14.0	10.0	6.0	4.0	4.0	9.0	6.0	16.0	9.0	11.0	2.0	8.0	8.0	4.0	

Greater White-fronted Goose	0.0	0.0	0.0	0.0	0.0	0.0015	0.0	0.0	0.0	0.0	0.0	0.0	0.0	0.0	0.0015	0.0	0.0	0.0	0.0	0.0	0.0	0.0	0.0	0.0	0.0	0.0	0.0	0.0	0.0	0.0	0.0	0.0	0.0	0.0	0.0	0.1	0.16666666666666666	0.0015	0.0	0.0	0.0	0.0	0.0	0.0	0.0	0.0	0.0	0.0	
Brant	0.9375	0.8461538461538461	1.0	1.0	1.0	0.7333333333333333	0.75	1.0	1.0	1.0	0.8888888888888888	0.7272727272727273	0.8	1.0	0.7	0.7647058823529411	0.5	0.4	0.0	0.0	0.4	0.0	0.0	0.0	0.5	0.0	0.0	0.0	0.0	0.0	0.0	0.0	0.125	0.0	0.0	0.0	0.16666666666666666	0.0	0.25	0.0	0.0	0.375	0.4444444444444444	0.7272727272727273	0.5	1.0	1.0	0.5	
Cackling Goose	0.0625	0.15384615384615385	0.0	0.0625	0.07142857142857142	0.0	0.08333333333333333	0.0	0.125	0.0	0.0	0.0	0.0	0.0	0.0	0.11764705882352941	0.0	0.0	0.0	0.0	0.0	0.0	0.0	0.0	0.0	0.0	0.0	0.0	0.0	0.0	0.0	0.0	0.0	0.0	0.0	0.0	0.0	0.25	0.0	0.0	0.0	0.0	0.0	0.0	0.0	0.0	0.375	0.0	
Canada Goose	0.1875	0.07692307692307693	0.16666666666666666	0.25	0.42857142857142855	0.4666666666666667	0.4166666666666667	0.4	0.5	0.375	0.5555555555555556	0.7272727272727273	0.6	0.375	0.5	0.8235294117647058	0.5	1.0	0.75	0.2	0.8	0.0	0.0	0.0	0.5	0.6666666666666666	0.0	0.0	0.07692307692307693	0.14285714285714285	0.3333333333333333	0.0	0.25	0.16666666666666666	0.07142857142857142	0.1	0.0	0.0	0.25	0.2222222222222222	0.16666666666666666	0.25	0.0015	0.2727272727272727	0.0	0.5	0.5	0.25	
Cackling/Canada Goose	0.0	0.0	0.0	0.0	0.0	0.0	0.0	0.0	0.0	0.0	0.0	0.0	0.0	0.0	0.0	0.058823529411764705	0.125	0.2	0.0	0.0	0.0	0.0	0.0	0.0	0.0	0.0	0.0	0.0	0.0	0.0	0.0	0.0	0.0	0.0	0.0	0.0	0.0	0.0	0.0	0.0	0.0	0.0625	0.0	0.0	0.0	0.0	0.0	0.0	
Trumpeter Swan	0.0	0.0	0.0	0.0	0.0	0.0	0.0	0.0	0.0	0.0	0.0	0.0	0.0	0.0	0.0	0.0	0.0	0.0	0.0	0.0	0.0	0.0	0.0	0.0	0.0	0.0	0.0	0.0	0.0	0.0	0.0	0.0	0.0	0.0	0.0	0.0	0.0	0.0	0.0	0.0	0.0	0.0015	0.0	0.0	0.0	0.0	0.0	0.0	
Tundra Swan	0.0	0.0	0.0	0.0	0.0	0.0	0.08333333333333333	0.0	0.0	0.0	0.0	0.0	0.0	0.0	0.0	0.058823529411764705	0.0	0.0	0.0	0.0	0.0	0.0	0.0	0.0	0.0	0.0	0.0	0.0	0.0	0.0	0.0	0.0	0.0	0.0	0.0	0.0	0.0	0.0	0.0	0.0	0.0	0.0	0.0	0.09090909090909091	0.0	0.0	0.0	0.0	
Wood Duck	0.0	0.0	0.0	0.0	0.0	0.06666666666666667	0.0	0.0	0.0	0.0	0.0	0.0	0.0	0.0	0.0	0.0	0.125	0.0	0.0	0.2	0.0	0.0	0.0	0.5	0.0	0.0	0.0	0.0	0.07692307692307693	0.14285714285714285	0.0	0.0	0.0	0.0	0.0	0.1	0.0	0.0	0.0	0.0	0.0	0.0	0.0	0.0	0.0	0.0	0.0	0.0	
Cinnamon Teal	0.0	0.0	0.0	0.0	0.0	0.0	0.0	0.0	0.0	0.0	0.0	0.0	0.0	0.0	0.0	0.0	0.0	0.0	0.0	0.0	0.2	0.0	0.0	0.0	0.0	0.0	0.0	0.0	0.0	0.0	0.0	0.0	0.0	0.0	0.0	0.0	0.0	0.0	0.0	0.0	0.0	0.0	0.0	0.0	0.0	0.0	0.0	0.0	
Northern Shoveler	0.0015	0.0	0.0	0.0	0.07142857142857142	0.0	0.0	0.0	0.0	0.0	0.0	0.09090909090909091	0.3	0.25	0.0	0.11764705882352941	0.0	0.0	0.0	0.0	0.0	0.0	0.0	0.0	0.0	0.0	0.0	0.0	0.0	0.0	0.0	0.0	0.0	0.0	0.07142857142857142	0.0	0.16666666666666666	0.0	0.0	0.0	0.0	0.0	0.0	0.0	0.0	0.25	0.125	0.0	
Gadwall	0.0	0.0	0.0	0.0	0.07142857142857142	0.06666666666666667	0.0	0.0	0.0	0.0	0.0	0.09090909090909091	0.0	0.0	0.1	0.11764705882352941	0.125	0.4	0.25	0.0	0.2	0.0	0.0	0.0	0.5	0.0	0.0	0.0	0.0	0.0	0.0	0.0	0.0	0.0	0.0	0.0	0.0	0.0	0.25	0.1111111111111111	0.0	0.0625	0.0	0.0	0.0	0.25	0.0	0.0	
Eurasian Wigeon	0.0	0.0	0.0	0.0	0.0	0.0	0.0	0.0	0.0	0.0	0.0	0.0	0.0	0.0	0.0	0.0	0.0	0.0	0.0	0.0	0.0	0.0	0.0	0.0	0.0	0.0	0.0	0.0	0.0	0.0	0.0	0.0	0.0	0.0	0.0	0.0	0.0	0.0	0.0	0.0	0.3333333333333333	0.0	0.0	0.0	0.0	0.0	0.25	0.0	
American Wigeon	0.125	0.0	0.3333333333333333	0.0	0.07142857142857142	0.06666666666666667	0.25	0.2	0.25	0.0	0.1111111111111111	0.18181818181818182	0.2	0.125	0.0015	0.17647058823529413	0.25	0.2	0.0	0.0	0.2	0.0	0.0	0.0	0.5	0.0	0.0	0.0	0.07692307692307693	0.0	0.0	0.0	0.125	0.0	0.07142857142857142	0.2	0.16666666666666666	0.0	0.75	0.3333333333333333	0.3333333333333333	0.1875	0.0	0.0	0.0015	0.625	0.5	0.25	
Eurasian x American Wigeon (hybrid)	0.0	0.0	0.0	0.0	0.0	0.0	0.0	0.0	0.0	0.0	0.0	0.0	0.0	0.0	0.0	0.0	0.0	0.0	0.0	0.0	0.0	0.0	0.0	0.0	0.0	0.0	0.0	0.0	0.0	0.0	0.0	0.0	0.0	0.0	0.0	0.0	0.0	0.0	0.0	0.0	0.0	0.0	0.0	0.0	0.0	0.125	0.0	0.0	
Mallard	0.125	0.07692307692307693	0.16666666666666666	0.0	0.07142857142857142	0.06666666666666667	0.16666666666666666	0.4	0.375	0.0	0.4444444444444444	0.2727272727272727	0.4	0.125	0.2	0.4117647058823529	0.5	0.4	0.0	0.4	0.6	0.0	0.0	0.0	0.5	0.6666666666666666	0.25	0.0	0.6153846153846154	0.2857142857142857	0.3333333333333333	0.16666666666666666	0.25	0.5	0.07142857142857142	0.4	0.16666666666666666	0.0	0.75	0.4444444444444444	0.3333333333333333	0.3125	0.1111111111111111	0.0	0.0	0.5	0.625	0.25	
Northern Pintail	0.1875	0.15384615384615385	0.16666666666666666	0.0625	0.0	0.0	0.16666666666666666	0.1	0.25	0.125	0.1111111111111111	0.0	0.2	0.0	0.0	0.058823529411764705	0.125	0.4	0.0	0.0	0.2	0.0	0.0	0.0	0.0	0.0	0.0	0.0	0.0	0.0	0.0	0.0	0.0	0.0	0.07142857142857142	0.0	0.0	0.0	0.0	0.0	0.16666666666666666	0.0	0.0	0.0	0.0	0.25	0.375	0.25	
Green-winged Teal	0.0	0.0015	0.16666666666666666	0.0	0.0	0.0	0.16666666666666666	0.1	0.0	0.0	0.1111111111111111	0.0	0.2	0.125	0.0	0.11764705882352941	0.0	0.0	0.0	0.0	0.2	0.0	0.0	0.0	0.0	0.0	0.0	0.0	0.0	0.0	0.0	0.0	0.0	0.0	0.07142857142857142	0.0	0.0	0.0	0.25	0.1111111111111111	0.16666666666666666	0.0625	0.0	0.0	0.0	0.25	0.375	0.25	
Ring-necked Duck	0.0	0.0	0.0	0.0	0.0	0.0	0.16666666666666666	0.1	0.0	0.0	0.0	0.0	0.1	0.125	0.0	0.0	0.0	0.0	0.0	0.0	0.0	0.0	0.0	0.0	0.0	0.0	0.0	0.0	0.0	0.0	0.0	0.0	0.0	0.0	0.0	0.0	0.0	0.0	0.0	0.1111111111111111	0.0	0.0625	0.0	0.0	0.0	0.0	0.0	0.0	
Greater Scaup	0.0	0.0	0.0	0.0625	0.0	0.0	0.08333333333333333	0.1	0.0	0.125	0.0	0.09090909090909091	0.0	0.0	0.0	0.0	0.0	0.0	0.0	0.0	0.0	0.0	0.0	0.0	0.0	0.0	0.0	0.0	0.0	0.0	0.0	0.0	0.0	0.0	0.0	0.0	0.0	0.0	0.0	0.1111111111111111	0.0	0.0	0.0	0.0	0.0	0.0	0.0	0.0	
Lesser Scaup	0.0	0.0	0.0	0.0	0.0	0.0015	0.0	0.0	0.0	0.0	0.0	0.0	0.0	0.0	0.0	0.0	0.0	0.0	0.0	0.0	0.0	0.0	0.0	0.0	0.0	0.0	0.0	0.0	0.07692307692307693	0.0	0.0	0.0	0.0	0.0	0.0	0.0	0.0	0.0	0.0	0.0	0.0	0.0	0.0	0.0	0.0	0.0	0.125	0.0	
Greater/Lesser Scaup	0.0	0.0	0.0	0.0	0.0	0.0	0.0	0.0	0.125	0.0	0.0	0.0	0.1	0.125	0.0	0.0	0.0	0.0	0.0	0.0	0.0	0.0	0.0	0.0	0.0	0.0	0.0	0.0	0.0	0.0	0.0	0.0	0.0	0.0	0.0	0.0	0.0	0.0	0.0	0.0	0.0	0.0	0.0	0.0	0.0	0.125	0.125	0.0	
Harlequin Duck	0.875	0.9230769230769231	0.6666666666666666	0.8125	0.8571428571428571	0.8666666666666667	0.8333333333333334	1.0	0.875	1.0	0.8888888888888888	0.8181818181818182	0.9	0.875	1.0	0.9411764705882353	0.5	0.8	0.25	0.0	0.6	1.0	0.5	0.0	0.5	1.0	0.375	0.42857142857142855	0.38461538461538464	0.2857142857142857	0.5	0.6666666666666666	1.0	0.6666666666666666	0.9285714285714286	0.9	1.0	1.0	1.0	1.0	0.6666666666666666	0.875	0.8888888888888888	1.0	1.0	1.0	0.875	0.75	
Surf Scoter	0.875	0.9230769230769231	0.8333333333333334	1.0	0.9285714285714286	0.8	0.5833333333333334	0.9	0.5	1.0	0.6666666666666666	0.7272727272727273	0.9	0.75	0.7	0.6470588235294118	0.625	0.6	0.25	0.4	0.2	0.0	0.0	0.0	0.5	0.0	0.0	0.0	0.0	0.0	0.16666666666666666	0.0	0.0	0.0	0.5714285714285714	0.6	0.8333333333333334	0.75	1.0	0.6666666666666666	0.5	0.875	0.8888888888888888	0.7272727272727273	1.0	0.875	1.0	0.5	
White-winged Scoter	0.1875	0.07692307692307693	0.0	0.25	0.14285714285714285	0.0015	0.16666666666666666	0.1	0.125	0.25	0.0	0.09090909090909091	0.1	0.25	0.1	0.4117647058823529	0.25	0.4	0.25	0.2	0.0	0.0	0.0	0.0	0.0	0.0	0.0	0.0	0.0	0.0	0.0	0.0	0.0	0.16666666666666666	0.14285714285714285	0.1	0.0	0.0	0.5	0.2222222222222222	0.16666666666666666	0.3125	0.4444444444444444	0.18181818181818182	0.0	0.125	0.75	0.0	
Black Scoter	0.0	0.0	0.0	0.0	0.0	0.0	0.0	0.0	0.0	0.0	0.0	0.0	0.0	0.0	0.0	0.0	0.0	0.0	0.0	0.0	0.0	0.0	0.0	0.0	0.0	0.0	0.0	0.0	0.0	0.0	0.0	0.0	0.0	0.0	0.0	0.1	0.0	0.0	0.0	0.0	0.0	0.0015	0.0	0.0	0.0	0.0	0.0	0.0	
Surf/Black Scoter	0.0	0.0	0.0	0.0	0.07142857142857142	0.0	0.08333333333333333	0.0	0.0	0.0	0.0	0.0	0.0	0.0	0.1	0.0	0.0	0.0	0.0	0.0	0.2	0.0	0.0	0.0	0.0	0.0	0.125	0.0	0.0	0.0	0.0	0.0	0.0	0.0	0.0	0.0	0.0	0.0	0.0	0.0	0.0	0.0	0.0	0.0	0.0	0.0	0.0	0.0	
scoter sp.	0.0	0.0	0.0	0.0	0.0	0.0	0.0	0.0	0.0	0.0	0.0	0.0	0.0	0.0	0.0	0.0	0.0	0.0	0.0	0.0	0.0	0.0	0.0	0.0	0.0	0.0	0.0	0.0	0.0	0.0	0.0	0.0	0.0	0.16666666666666666	0.07142857142857142	0.0	0.0	0.0	0.0	0.0	0.0	0.0	0.0	0.0	0.0	0.0	0.0	0.0	
Long-tailed Duck	0.625	0.6153846153846154	0.5	0.4375	0.5714285714285714	0.5333333333333333	0.16666666666666666	0.4	0.25	0.375	0.1111111111111111	0.2727272727272727	0.2	0.25	0.3	0.35294117647058826	0.125	0.0	0.25	0.0	0.0	0.0	0.0	0.0	0.0	0.0	0.0	0.0	0.0	0.0	0.0	0.0	0.0	0.0	0.0	0.0	0.0	0.0	0.0	0.1111111111111111	0.3333333333333333	0.625	0.3333333333333333	0.36363636363636365	0.5	0.375	0.5	0.25	
Bufflehead	0.8125	0.8461538461538461	1.0	0.875	0.9285714285714286	0.7333333333333333	0.9166666666666666	1.0	0.625	0.875	0.6666666666666666	0.9090909090909091	1.0	0.875	1.0	0.8235294117647058	0.625	0.4	0.0	0.0	0.0	0.0	0.0	0.0	0.0	0.0	0.0	0.0	0.0	0.0	0.0	0.0	0.0	0.0	0.07142857142857142	0.0	0.0	0.0	0.0	0.3333333333333333	0.6666666666666666	0.75	0.7777777777777778	0.9090909090909091	1.0	1.0	1.0	0.5	
Common Goldeneye	0.875	0.9230769230769231	1.0	0.875	1.0	0.6666666666666666	0.75	0.8	0.75	0.625	0.3333333333333333	0.45454545454545453	0.8	0.5	0.2	0.23529411764705882	0.0	0.2	0.0	0.0	0.0	0.0	0.0	0.0	0.0	0.0	0.0	0.0	0.0	0.0	0.0	0.0	0.0	0.0	0.0	0.0	0.0	0.0	0.0	0.0	0.0	0.3125	0.7777777777777778	0.9090909090909091	1.0	0.875	1.0	0.5	
Barrow's Goldeneye	0.125	0.07692307692307693	0.3333333333333333	0.125	0.14285714285714285	0.06666666666666667	0.16666666666666666	0.0	0.0	0.0	0.1111111111111111	0.0	0.0	0.0	0.0	0.0	0.0	0.0	0.0	0.0	0.0	0.0	0.0	0.0	0.0	0.0	0.0	0.0	0.0	0.0	0.0	0.0	0.0	0.0	0.0	0.0	0.0	0.0015	0.0	0.1111111111111111	0.0	0.0	0.0	0.0	0.0	0.25	0.125	0.25	
Common/Barrow's Goldeneye	0.0	0.0	0.0	0.0	0.0	0.0	0.0	0.1	0.0	0.0	0.0	0.0	0.0	0.0	0.0	0.0	0.0	0.0	0.0	0.0	0.0	0.0	0.0	0.0	0.0	0.0	0.0	0.0	0.0	0.0	0.0	0.0	0.0	0.0	0.0	0.0	0.0	0.0	0.0	0.0	0.0	0.0	0.0	0.0	0.0	0.0	0.0	0.0	
Hooded Merganser	0.0625	0.0015	0.0	0.0625	0.07142857142857142	0.0	0.16666666666666666	0.1	0.0	0.0	0.0	0.0	0.2	0.0	0.0	0.11764705882352941	0.0	0.0	0.0	0.0	0.0	0.0	0.0	0.0	0.0	0.0	0.0	0.0	0.0	0.0	0.0	0.0	0.0	0.0	0.0	0.0	0.0	0.0	0.0	0.0	0.0	0.0	0.0	0.0	0.0	0.125	0.5	0.25	
Common Merganser	0.0015	0.07692307692307693	0.0	0.0625	0.14285714285714285	0.2	0.0	0.0	0.0	0.25	0.0	0.0	0.1	0.125	0.2	0.11764705882352941	0.125	0.2	0.0	0.0	0.0	0.0	0.0	0.0	0.0	0.0	0.0	0.0	0.07692307692307693	0.0	0.0	0.0	0.0	0.0	0.0	0.3	0.0	0.25	0.25	0.0	0.0	0.0625	0.1111111111111111	0.18181818181818182	0.0	0.125	0.0	0.0	
Red-breasted Merganser	0.6875	0.9230769230769231	1.0	0.9375	0.9285714285714286	0.7333333333333333	0.8333333333333334	0.8	0.75	0.75	0.6666666666666666	0.8181818181818182	1.0	1.0	0.9	0.8235294117647058	0.625	0.6	0.0	0.2	0.0	0.0	0.0	0.0	0.0	0.0	0.0	0.0	0.0	0.0	0.0	0.0	0.0	0.0	0.0	0.0	0.16666666666666666	0.25	0.25	0.5555555555555556	0.6666666666666666	0.625	0.6666666666666666	0.7272727272727273	1.0	1.0	1.0	0.5	
Common/Red-breasted Merganser	0.0	0.0	0.0	0.0	0.0	0.0	0.0	0.0	0.0	0.0	0.0	0.0	0.0	0.0	0.0	0.0	0.0	0.0	0.0	0.0	0.2	0.0	0.0	0.0	0.5	0.0	0.0	0.0	0.07692307692307693	0.0	0.0	0.0	0.0	0.0	0.0	0.0	0.0	0.0	0.0	0.0	0.0	0.0	0.0	0.0	0.0	0.0	0.0	0.0	
Ruddy Duck	0.0	0.0	0.0	0.0	0.0	0.0	0.08333333333333333	0.0	0.125	0.125	0.0	0.0	0.0	0.0	0.0	0.0	0.0	0.0	0.0	0.0	0.0	0.0	0.0	0.0	0.0	0.0	0.0	0.0	0.0	0.0	0.0	0.0	0.0	0.0	0.07142857142857142	0.1	0.0	0.0	0.0	0.2222222222222222	0.0	0.0625	0.0	0.0	0.0	0.125	0.25	0.0	
duck sp.	0.0	0.0	0.0	0.0	0.0	0.0	0.0	0.0	0.0	0.0	0.1111111111111111	0.0	0.0	0.0	0.0	0.0	0.0	0.0	0.0	0.0	0.0	0.0	0.0	0.0	0.0	0.0	0.0	0.0	0.0	0.0	0.0	0.0	0.0	0.0	0.0	0.0	0.0	0.0	0.0	0.0	0.0	0.0	0.0	0.0	0.0	0.0	0.0	0.0	
California Quail	0.0	0.0	0.0	0.0	0.0	0.0	0.0	0.0	0.0	0.0	0.0	0.0	0.0	0.0	0.0	0.0	0.0	0.0	0.0	0.0	0.0	0.0	0.0	0.0	0.0	0.0	0.0	0.0	0.0	0.0	0.0	0.0	0.0	0.0	0.0	0.1	0.0	0.0	0.0	0.1111111111111111	0.0	0.0	0.0	0.0	0.0	0.0	0.0	0.0	
Ring-necked Pheasant	0.0	0.0	0.0	0.0	0.0	0.0	0.0	0.0	0.0	0.0	0.0	0.0	0.0	0.0	0.0	0.058823529411764705	0.0	0.0	0.0	0.0	0.0	0.0	0.0	0.0	0.0	0.0	0.0	0.0	0.0	0.0	0.0	0.0	0.0	0.0	0.0	0.0	0.0	0.0	0.0	0.0	0.0	0.0	0.0	0.0	0.0	0.0	0.0	0.0	
Pied-billed Grebe	0.0	0.0	0.0	0.0	0.0	0.0	0.0	0.0	0.0	0.0	0.0	0.0	0.0	0.0	0.0	0.0	0.0	0.2	0.0	0.0	0.2	0.0	0.0	0.0	0.0	0.0	0.0	0.0	0.0	0.0	0.0	0.0	0.0	0.0	0.0	0.0	0.0	0.0	0.0	0.1111111111111111	0.0	0.0625	0.0	0.0	0.0	0.0	0.0	0.0	
Horned Grebe	0.9375	0.9230769230769231	0.8333333333333334	0.8125	0.9285714285714286	0.8	0.6666666666666666	0.7	0.75	0.75	0.5555555555555556	0.6363636363636364	0.8	0.75	0.8	0.7058823529411765	0.5	0.6	0.25	0.0	0.0	0.0	0.0	0.0	0.5	0.0	0.0	0.0	0.07692307692307693	0.14285714285714285	0.5	0.0	0.25	0.16666666666666666	0.2857142857142857	0.3	1.0	1.0	0.75	0.8888888888888888	0.8333333333333334	0.9375	0.6666666666666666	1.0	1.0	0.875	0.875	0.5	
Red-necked Grebe	0.3125	0.46153846153846156	0.5	0.4375	0.5	0.3333333333333333	0.08333333333333333	0.2	0.125	0.375	0.1111111111111111	0.2727272727272727	0.1	0.125	0.2	0.47058823529411764	0.0	0.2	0.0	0.2	0.0	0.0	0.0	0.0	0.0	0.0	0.0	0.0	0.0	0.0	0.16666666666666666	0.0	0.125	0.5	0.7142857142857143	0.3	0.8333333333333334	0.5	0.25	0.3333333333333333	0.16666666666666666	0.5	0.4444444444444444	0.36363636363636365	0.0	0.25	0.375	0.25	
Eared Grebe	0.125	0.23076923076923078	0.0	0.0625	0.35714285714285715	0.13333333333333333	0.0	0.1	0.0	0.0	0.0	0.0015	0.3	0.25	0.0	0.0	0.0	0.0	0.0	0.0	0.0	0.0	0.0	0.0	0.0	0.0	0.0	0.0	0.0	0.0	0.16666666666666666	0.0	0.0	0.0	0.0	0.1	0.16666666666666666	0.25	0.25	0.0015	0.0	0.125	0.0	0.18181818181818182	0.0	0.25	0.0	0.25	
Horned/Eared Grebe	0.0	0.0	0.16666666666666666	0.0	0.0	0.0	0.0	0.0	0.0	0.0	0.0	0.0	0.0	0.0	0.0	0.0	0.0	0.0	0.0	0.0	0.0	0.0	0.0	0.0	0.0	0.0	0.0	0.0	0.0	0.0	0.0	0.0	0.125	0.0	0.0	0.0	0.0	0.0	0.0	0.1111111111111111	0.0	0.0	0.0	0.0	0.0	0.0	0.0	0.0	
Western Grebe	0.0625	0.0	0.16666666666666666	0.1875	0.07142857142857142	0.06666666666666667	0.08333333333333333	0.0	0.0	0.125	0.0	0.09090909090909091	0.1	0.0	0.0	0.11764705882352941	0.0	0.0	0.0	0.0	0.0	0.0	0.0	0.0	0.0	0.0	0.0	0.0	0.0	0.0	0.0	0.0	0.0	0.16666666666666666	0.07142857142857142	0.2	0.3333333333333333	0.0	0.25	0.1111111111111111	0.0	0.0625	0.4444444444444444	0.0	0.0	0.25	0.25	0.0	
Rock Pigeon	0.0	0.0	0.3333333333333333	0.0	0.07142857142857142	0.0	0.16666666666666666	0.1	0.25	0.0	0.1111111111111111	0.0	0.1	0.0	0.0	0.17647058823529413	0.25	0.4	0.0	0.0	0.2	0.0	0.0	0.5	0.5	0.6666666666666666	0.0	0.0	0.23076923076923078	0.2857142857142857	0.3333333333333333	0.3333333333333333	0.625	0.16666666666666666	0.07142857142857142	0.0	0.0	0.0	0.25	0.4444444444444444	0.0	0.125	0.0	0.0	0.0	0.25	0.375	0.25	
Band-tailed Pigeon	0.0	0.0	0.0	0.0	0.0	0.0	0.0	0.0	0.0	0.0	0.0	0.0015	0.0	0.0	0.0	0.0	0.0	0.0	0.0	0.2	0.2	0.0	0.0	0.0	0.0	0.0	0.0	0.0	0.15384615384615385	0.0	0.16666666666666666	0.0	0.0	0.16666666666666666	0.07142857142857142	0.1	0.0	0.0	0.0	0.1111111111111111	0.0	0.0	0.0	0.0	0.0	0.0	0.0	0.0	
Eurasian Collared-Dove	0.0	0.0	0.0	0.0	0.0	0.0	0.0	0.0	0.0	0.0	0.0	0.0	0.0	0.0	0.0	0.058823529411764705	0.0	0.0	0.0	0.0	0.2	0.0	0.0	0.0	0.0	0.0	0.125	0.0	0.07692307692307693	0.0	0.0	0.0	0.0	0.0	0.0	0.0	0.16666666666666666	0.0	0.0	0.0	0.0	0.0	0.0	0.0	0.0	0.125	0.25	0.0	
Mourning Dove	0.0	0.0	0.16666666666666666	0.0	0.0	0.0	0.0	0.1	0.25	0.0	0.0	0.0	0.1	0.0	0.0	0.11764705882352941	0.25	0.4	0.0	0.0	0.4	0.0	0.0	0.0	0.5	0.6666666666666666	0.125	0.0	0.5384615384615384	0.42857142857142855	0.3333333333333333	0.0	0.5	0.16666666666666666	0.07142857142857142	0.1	0.0	0.0	0.25	0.4444444444444444	0.16666666666666666	0.125	0.0	0.0	0.0	0.125	0.375	0.25	
Vaux's Swift	0.0	0.0	0.0	0.0	0.0	0.0	0.0	0.0	0.0	0.0	0.0	0.0	0.0	0.0	0.0	0.0	0.0	0.2	0.0	0.0	0.0	0.0	0.0	0.0	0.0	0.0	0.0	0.0	0.0	0.0	0.0	0.0	0.0	0.0	0.0	0.0	0.0	0.0	0.0	0.0	0.0	0.0	0.0	0.0	0.0	0.0	0.0	0.0	
Anna's Hummingbird	0.0	0.0	0.16666666666666666	0.0	0.0	0.06666666666666667	0.16666666666666666	0.1	0.125	0.0	0.0	0.0	0.2	0.0	0.0	0.17647058823529413	0.25	0.4	0.0	0.0	0.4	0.0	0.0	0.0	0.5	0.6666666666666666	0.0	0.0	0.5384615384615384	0.42857142857142855	0.3333333333333333	0.0	0.5	0.16666666666666666	0.07142857142857142	0.1	0.0	0.0	0.25	0.2222222222222222	0.16666666666666666	0.0625	0.0	0.0	0.0	0.375	0.5	0.25	
Rufous Hummingbird	0.0	0.0	0.0	0.0	0.0	0.0	0.0	0.1	0.0	0.0	0.0	0.0	0.2	0.0	0.1	0.29411764705882354	0.375	0.6	0.0	0.4	0.4	0.0	0.0	0.5	0.5	0.6666666666666666	0.0	0.0	0.38461538461538464	0.42857142857142855	0.3333333333333333	0.0	0.25	0.0	0.0	0.0	0.0	0.0	0.0	0.0	0.0	0.0	0.0	0.0	0.0	0.0	0.0	0.0	
Calliope Hummingbird	0.0	0.0	0.0	0.0	0.0	0.0	0.0	0.0	0.0	0.0	0.0	0.0	0.1	0.0	0.0	0.0	0.0	0.0	0.0	0.0	0.0	0.0	0.0	0.0	0.0	0.0	0.0	0.0	0.0	0.0	0.0	0.0	0.0	0.0	0.0	0.0	0.0	0.0	0.0	0.0	0.0	0.0	0.0	0.0	0.0	0.0	0.0	0.0	
hummingbird sp.	0.0	0.0	0.0	0.0	0.0	0.0	0.0	0.0	0.0	0.0	0.0	0.0	0.0	0.0	0.0	0.0	0.0	0.0	0.0	0.0	0.0	0.0	0.0	0.0	0.0	0.0	0.125	0.0	0.0	0.0	0.0	0.0	0.0	0.0	0.0	0.0	0.0	0.0	0.0	0.0	0.0	0.0	0.0	0.0	0.0	0.0	0.0	0.0	
American Coot	0.0	0.0	0.0	0.0	0.0	0.0	0.0	0.0	0.0	0.0	0.0	0.0	0.0	0.0	0.0	0.0	0.0	0.0	0.0	0.0	0.0	0.0	0.0	0.0	0.0	0.0	0.0	0.0	0.0	0.0	0.0	0.0	0.0	0.0	0.0	0.0	0.0	0.0	0.0	0.1111111111111111	0.0	0.0	0.0	0.0	0.0	0.0	0.0	0.0	
Black Oystercatcher	0.125	0.3076923076923077	0.0	0.1875	0.5	0.4	0.16666666666666666	0.3	0.375	0.125	0.2222222222222222	0.45454545454545453	0.2	0.375	0.2	0.35294117647058826	0.25	0.0	0.25	0.0	0.6	0.0	0.5	0.0	0.5	0.0	0.25	0.14285714285714285	0.15384615384615385	0.0	0.0	0.16666666666666666	0.5	0.0015	0.07142857142857142	0.1	0.0	0.0	0.0	0.0015	0.0	0.25	0.0015	0.09090909090909091	0.0	0.25	0.125	0.5	
Black-bellied Plover	0.9375	1.0	1.0	0.9375	0.8571428571428571	0.8666666666666667	0.75	1.0	0.625	0.5	0.8888888888888888	0.45454545454545453	0.5	0.875	0.3	0.23529411764705882	0.125	0.2	0.0015	0.2	0.2	0.0	0.0	0.0	0.0	0.0	0.125	0.14285714285714285	0.0	0.0	0.3333333333333333	0.16666666666666666	0.125	0.0	0.5	0.2	0.3333333333333333	0.75	0.5	0.6666666666666666	0.6666666666666666	0.8125	0.6666666666666666	0.7272727272727273	0.5	1.0	0.75	0.5	
American Golden-Plover	0.0	0.0	0.0	0.0	0.0	0.0	0.0	0.0	0.0	0.0	0.0	0.0	0.0	0.0	0.0	0.0	0.0	0.0	0.0	0.0	0.0	0.0	0.0	0.0	0.0	0.0	0.0	0.0	0.0	0.0	0.0	0.0	0.0	0.0	0.0	0.0	0.0	0.0	0.0	0.0	0.0	0.0015	0.2222222222222222	0.0	0.0	0.0	0.0	0.0	
Pacific Golden-Plover	0.0	0.0	0.0	0.0	0.0	0.0	0.0	0.0	0.0	0.0	0.0	0.0	0.0	0.0	0.0	0.0	0.0	0.0	0.0	0.0	0.0	0.0	0.0	0.0	0.0	0.0	0.0	0.0	0.0	0.0	0.0	0.16666666666666666	0.0	0.0	0.0	0.0	0.0	0.0	0.0	0.0	0.0	0.0	0.0	0.0	0.0	0.0	0.0	0.0	
Black-bellied Plover/golden-plover sp.	0.0	0.0	0.0	0.0625	0.0	0.0	0.0	0.0	0.0	0.0	0.0	0.0	0.0	0.0	0.0	0.0	0.0	0.0	0.0	0.0	0.0	0.0	0.0	0.0	0.0	0.0	0.0	0.0	0.0	0.0	0.0	0.0	0.0	0.0	0.0	0.0	0.0	0.0	0.0	0.1111111111111111	0.0	0.0625	0.0	0.0	0.0	0.0	0.0	0.0	
Semipalmated Plover	0.0	0.0	0.0	0.0	0.0	0.0	0.0	0.0	0.0	0.0	0.0	0.0	0.0	0.0	0.0	0.0	0.0	0.0	0.0	0.0	0.0	0.0	0.0	0.0	0.0	0.0	0.0	0.2857142857142857	0.0	0.0	0.0	0.0	0.0	0.0	0.07142857142857142	0.0	0.0	0.0	0.0	0.0	0.16666666666666666	0.0	0.0	0.0	0.0	0.0	0.0	0.0	
Killdeer	0.1875	0.0	0.16666666666666666	0.0	0.14285714285714285	0.06666666666666667	0.16666666666666666	0.1	0.25	0.125	0.1111111111111111	0.2727272727272727	0.5	0.375	0.4	0.5294117647058824	0.375	0.4	0.25	0.2	1.0	0.0	1.0	0.5	0.5	0.6666666666666666	0.25	0.8571428571428571	0.6153846153846154	0.2857142857142857	0.5	0.0	0.375	0.16666666666666666	0.2857142857142857	0.2	0.16666666666666666	0.25	0.25	0.2222222222222222	0.3333333333333333	0.125	0.0015	0.09090909090909091	0.0	0.25	0.5	0.5	
Whimbrel	0.0	0.0	0.0	0.0	0.0	0.0	0.0	0.0	0.0	0.0	0.0	0.0	0.0	0.0	0.0	0.11764705882352941	0.25	0.2	0.0	0.0	0.0	0.0	0.0	0.0	0.0	0.0	0.125	0.0	0.0	0.0	0.0	0.0	0.0	0.0	0.2857142857142857	0.0	0.0	0.0	0.0	0.0	0.0	0.0	0.0	0.0	0.0	0.0	0.0	0.0	
Marbled Godwit	0.0	0.0	0.0	0.0	0.0	0.0	0.0	0.0	0.0	0.0	0.0	0.0	0.0	0.0	0.0	0.0	0.0	0.0	0.0	0.0	0.0	0.0	0.0	0.0	0.0	0.0	0.0	0.0	0.0	0.14285714285714285	0.0	0.0	0.0	0.0	0.21428571428571427	0.0	0.3333333333333333	0.0015	0.0	0.0	0.0	0.0	0.2222222222222222	0.0	0.0	0.0015	0.0	0.0	
Ruddy Turnstone	0.0	0.0	0.0	0.0	0.0	0.0	0.0	0.0	0.0	0.0	0.0	0.0	0.0	0.0	0.0	0.0	0.0	0.0	0.0	0.0	0.0	0.0	0.0	0.0	0.0	0.0	0.0	0.0	0.0	0.0	0.0	0.0	0.0	0.0	0.0	0.1	0.0	0.0	0.0	0.0	0.0	0.0	0.0	0.0	0.0	0.0	0.0	0.0	
Black Turnstone	0.625	0.6153846153846154	0.6666666666666666	0.6875	0.6428571428571429	0.3333333333333333	0.3333333333333333	0.2	0.25	0.375	0.6666666666666666	0.2727272727272727	0.2	0.375	0.0	0.0	0.0	0.0	0.0	0.0	0.0	0.0	0.0	0.0	0.0	0.3333333333333333	0.0	0.0	0.07692307692307693	0.0	0.0	0.16666666666666666	0.25	0.0	0.2857142857142857	0.1	0.0	0.5	0.25	0.4444444444444444	0.6666666666666666	0.4375	0.3333333333333333	0.36363636363636365	0.5	0.375	0.875	0.25	
Red Knot	0.0	0.15384615384615385	0.0	0.0	0.21428571428571427	0.26666666666666666	0.08333333333333333	0.0015	0.0	0.0	0.3333333333333333	0.09090909090909091	0.0	0.0	0.0	0.0	0.0	0.0	0.0015	0.0	0.0	0.0	0.0	0.0	0.0	0.0	0.0	0.0	0.0	0.0	0.0	0.0	0.0	0.0	0.07142857142857142	0.0	0.0	0.25	0.0	0.0	0.0	0.0	0.0	0.0	0.0	0.0	0.0	0.0	
Surfbird	0.0625	0.07692307692307693	0.0	0.1875	0.42857142857142855	0.0	0.25	0.1	0.0	0.125	0.0	0.09090909090909091	0.0	0.125	0.0	0.0	0.0	0.0	0.0	0.0	0.0	0.0	0.0	0.0	0.0	0.0	0.0	0.0	0.0	0.0	0.0	0.16666666666666666	0.0	0.0	0.07142857142857142	0.0	0.0	0.0	0.0	0.0015	0.5	0.1875	0.1111111111111111	0.0	0.0	0.0	0.0	0.0	
Sanderling	0.9375	1.0	1.0	0.8125	0.9285714285714286	0.8666666666666667	0.5833333333333334	0.9	0.625	0.625	0.8888888888888888	0.45454545454545453	0.4	0.625	0.2	0.17647058823529413	0.0	0.0	0.0	0.0	0.0	0.0	0.0	0.0	0.5	0.0	0.125	0.0	0.0	0.0	0.0	0.5	0.75	0.0	0.42857142857142855	0.3	0.16666666666666666	0.75	0.5	0.5555555555555556	0.6666666666666666	0.75	0.6666666666666666	1.0	1.0	0.875	1.0	0.5	
Dunlin	0.9375	0.9230769230769231	1.0	0.875	0.7857142857142857	0.8666666666666667	0.5833333333333334	0.7	0.5	0.75	0.6666666666666666	0.45454545454545453	0.6	0.625	0.3	0.23529411764705882	0.0	0.2	0.0015	0.0	0.0	0.0	0.0	0.0	0.0	0.0	0.0	0.0	0.0	0.0	0.16666666666666666	0.0	0.0	0.0	0.0	0.1	0.0	0.5	0.25	0.5555555555555556	1.0	0.875	0.7777777777777778	0.6363636363636364	0.5	0.875	0.75	0.5	
Rock Sandpiper	0.0	0.0	0.0	0.0625	0.42857142857142855	0.2	0.0	0.0	0.0	0.0	0.1111111111111111	0.09090909090909091	0.0	0.0	0.0	0.0	0.0	0.0	0.0	0.0	0.0	0.0	0.0	0.0	0.0	0.0	0.0	0.0	0.0	0.0	0.0	0.0	0.0	0.0	0.0	0.0	0.0	0.0	0.0	0.0	0.0	0.0	0.0015	0.0	0.0	0.0	0.125	0.0	
Baird's Sandpiper	0.0	0.0	0.0	0.0	0.0	0.0	0.0	0.0	0.0	0.0	0.0	0.0	0.0	0.0	0.0	0.0	0.0	0.0	0.0	0.0	0.0	0.0	0.0	0.0	0.0	0.0	0.0	0.2857142857142857	0.0	0.0	0.16666666666666666	0.0	0.0	0.0	0.0	0.0	0.0	0.0	0.0	0.0	0.0	0.0	0.0	0.0	0.0	0.0	0.0	0.0	
Least Sandpiper	0.0	0.0	0.0	0.0	0.0	0.0	0.0	0.1	0.0	0.0	0.0	0.0	0.0	0.0	0.1	0.11764705882352941	0.125	0.0	0.0	0.0	0.0	0.0	0.0	0.0	0.0	0.3333333333333333	0.125	0.2857142857142857	0.07692307692307693	0.0	0.16666666666666666	0.3333333333333333	0.125	0.0	0.21428571428571427	0.1	0.0	0.0	0.0	0.1111111111111111	0.0	0.125	0.0	0.0	0.0	0.125	0.125	0.0	
Western Sandpiper	0.0625	0.23076923076923078	0.16666666666666666	0.0625	0.35714285714285715	0.06666666666666667	0.5833333333333334	0.2	0.25	0.25	0.1111111111111111	0.09090909090909091	0.1	0.375	0.1	0.35294117647058826	0.125	0.2	0.25	0.0	0.0	0.0	0.0	0.0	0.0	0.0	0.0	0.2857142857142857	0.07692307692307693	0.0	0.16666666666666666	0.16666666666666666	0.125	0.0	0.2857142857142857	0.1	0.0	0.25	0.0	0.2222222222222222	0.5	0.1875	0.0015	0.09090909090909091	0.0015	0.125	0.5	0.25	
peep sp.	0.0015	0.0	0.0	0.0	0.0	0.0	0.0	0.0	0.0	0.0	0.0	0.0	0.0	0.125	0.0	0.0	0.0	0.0	0.0	0.0	0.0	0.0	0.0	0.0	0.0	0.0	0.0	0.14285714285714285	0.0	0.0	0.0	0.0	0.0	0.0	0.0	0.0	0.0	0.0	0.0	0.0	0.0	0.0	0.1111111111111111	0.0	0.0	0.0	0.0	0.0	
Calidris sp.	0.0	0.0	0.16666666666666666	0.0	0.0	0.0	0.0	0.1	0.0	0.0	0.0	0.0	0.0	0.0	0.0	0.0	0.0	0.0	0.0	0.0	0.0	0.0	0.0	0.0	0.0	0.0	0.0	0.0	0.0	0.0	0.0	0.0	0.0	0.0	0.0	0.0	0.0	0.0	0.0	0.0	0.0	0.0	0.0	0.0	0.0	0.0	0.0	0.0	
Long-billed Dowitcher	0.0625	0.0	0.0	0.0	0.0	0.0	0.0	0.0	0.0	0.0	0.0	0.0	0.0	0.0	0.0	0.0	0.0	0.2	0.0	0.0	0.0	0.0	0.0	0.0	0.0	0.0	0.0	0.0	0.0	0.0	0.0	0.0	0.0	0.0	0.07142857142857142	0.0	0.0	0.0	0.0	0.0	0.0	0.0	0.0	0.0	0.0	0.0	0.0	0.0	
Short-billed/Long-billed Dowitcher	0.0	0.0	0.0	0.0	0.0	0.0	0.0	0.0	0.0	0.0	0.0	0.0	0.0	0.0	0.0	0.0	0.0	0.0	0.0	0.0	0.0	0.0	0.0	0.0	0.0	0.0	0.0	0.0	0.0	0.0	0.0	0.0	0.0	0.0	0.0	0.0	0.0	0.0	0.0	0.0	0.0	0.0625	0.0	0.0	0.0	0.125	0.0	0.0	
Wilson's Snipe	0.0	0.0	0.0	0.0	0.0	0.0	0.0	0.0	0.0	0.0	0.0	0.0	0.0	0.0	0.0	0.0	0.0	0.0	0.0	0.0	0.0	0.0	0.0	0.0	0.0	0.0	0.0	0.0	0.07692307692307693	0.0	0.0	0.0	0.0	0.0	0.0	0.0	0.0	0.0	0.0	0.0	0.0	0.125	0.0	0.0	0.0	0.0	0.0	0.0	
Red-necked Phalarope	0.0	0.0	0.0	0.0	0.0	0.0	0.0	0.0	0.0	0.0	0.0	0.0	0.0	0.0	0.0	0.0	0.0	0.0	0.0	0.0	0.0	0.0	0.0	0.0	0.0	0.0	0.0	0.0	0.0	0.0	0.0	0.16666666666666666	0.0	0.16666666666666666	0.07142857142857142	0.0	0.0	0.0	0.0	0.0	0.0	0.0	0.0	0.0	0.0	0.0	0.0	0.0	
Spotted Sandpiper	0.0	0.0	0.0	0.0	0.0	0.0	0.0	0.0	0.0	0.0	0.0	0.0	0.1	0.0	0.0	0.058823529411764705	0.125	0.0	0.0	0.0	0.0	0.0	0.0	0.0	0.0	0.0	0.0	0.0	0.07692307692307693	0.0	0.3333333333333333	0.0	0.125	0.0	0.07142857142857142	0.0	0.0	0.0	0.0	0.0	0.0	0.0	0.0	0.0	0.0	0.0	0.0	0.0	
Greater Yellowlegs	0.0	0.0	0.16666666666666666	0.0	0.0	0.0015	0.08333333333333333	0.1	0.0	0.0	0.0	0.09090909090909091	0.1	0.0	0.0	0.11764705882352941	0.125	0.0	0.0	0.0	0.0	0.0	0.0	0.0	0.0	0.0	0.0	0.0	0.0	0.0	0.0	0.0	0.0	0.0	0.07142857142857142	0.2	0.0	0.0	0.0	0.1111111111111111	0.0	0.1875	0.0	0.0	0.0	0.125	0.125	0.25	
Common Murre	0.25	0.23076923076923078	0.16666666666666666	0.3125	0.35714285714285715	0.2	0.08333333333333333	0.1	0.0	0.0	0.0	0.0	0.0	0.0	0.0	0.11764705882352941	0.25	0.2	0.0	0.0	0.2	0.0	0.0	0.0	0.5	0.0	0.0	0.0	0.07692307692307693	0.14285714285714285	0.16666666666666666	0.0	0.25	0.3333333333333333	0.21428571428571427	0.1	0.0	0.0015	0.25	0.2222222222222222	0.0	0.125	0.2222222222222222	0.0	0.0	0.375	0.625	0.25	
Pigeon Guillemot	0.5	0.6923076923076923	0.5	0.5625	0.6428571428571429	0.4666666666666667	0.3333333333333333	0.7	0.375	0.5	0.5555555555555556	0.6363636363636364	0.5	0.875	0.7	0.8235294117647058	0.625	1.0	0.5	0.4	0.8	1.0	1.0	1.0	1.0	0.0015	0.75	0.5714285714285714	0.46153846153846156	0.7142857142857143	0.6666666666666666	0.3333333333333333	0.875	0.5	0.5714285714285714	0.6	0.5	0.25	0.0	0.5555555555555556	0.3333333333333333	0.4375	0.2222222222222222	0.7272727272727273	0.0015	0.75	0.75	0.5	
Marbled Murrelet	0.125	0.38461538461538464	0.16666666666666666	0.25	0.35714285714285715	0.2	0.0	0.0	0.0	0.25	0.1111111111111111	0.09090909090909091	0.0	0.0	0.0	0.058823529411764705	0.125	0.0	0.0	0.0	0.0	0.0	0.5	0.0	0.5	0.0	0.0	0.14285714285714285	0.07692307692307693	0.0	0.16666666666666666	0.0	0.375	0.0	0.07142857142857142	0.1	0.0	0.5	0.0	0.2222222222222222	0.16666666666666666	0.25	0.1111111111111111	0.0	0.0	0.375	0.375	0.5	
Ancient Murrelet	0.0625	0.23076923076923078	0.3333333333333333	0.125	0.07142857142857142	0.06666666666666667	0.08333333333333333	0.1	0.0	0.0	0.0	0.0	0.0	0.0	0.0	0.058823529411764705	0.0	0.0	0.0	0.0	0.0	0.0	0.0	0.0	0.0	0.0	0.0	0.0	0.0	0.0	0.0	0.0	0.0	0.0	0.0	0.0	0.0	0.0	0.0	0.0	0.0	0.0625	0.0	0.0	0.0	0.125	0.0	0.0	
Rhinoceros Auklet	0.0	0.07692307692307693	0.0	0.0625	0.0	0.0	0.08333333333333333	0.2	0.25	0.125	0.2222222222222222	0.2727272727272727	0.1	0.0	0.3	0.5294117647058824	0.25	0.6	0.25	0.0	0.6	0.0	0.5	0.0	1.0	1.0	0.625	0.7142857142857143	0.7692307692307693	0.5714285714285714	0.5	0.16666666666666666	0.5	0.16666666666666666	0.2857142857142857	0.3	0.16666666666666666	0.0015	0.25	0.2222222222222222	0.0	0.1875	0.0	0.0	0.0	0.125	0.25	0.0	
Tufted Puffin	0.0	0.0	0.0	0.0	0.0	0.0	0.0	0.0	0.0	0.0	0.0	0.0	0.0	0.0	0.0	0.0	0.0	0.0	0.0	0.0	0.0	0.0	0.0	0.0	0.0	0.0	0.0	0.0	0.0	0.0	0.3333333333333333	0.0	0.0	0.0	0.07142857142857142	0.1	0.0	0.0	0.0	0.0	0.0	0.0	0.0	0.0	0.0	0.0	0.0	0.0	
alcid sp.	0.0	0.0	0.0	0.0	0.0	0.0	0.0	0.0	0.0	0.0	0.0	0.0	0.0	0.0	0.0	0.058823529411764705	0.0	0.0	0.0	0.0	0.0	0.0	0.0	0.0	0.0	0.0	0.0	0.0	0.0	0.0	0.0	0.0	0.0	0.0	0.0	0.0	0.0	0.0	0.0	0.0	0.0	0.0	0.0	0.0	0.0	0.0	0.0	0.0	
Bonaparte's Gull	0.0	0.0	0.0	0.0	0.0	0.0	0.08333333333333333	0.0	0.0	0.125	0.0	0.0	0.0	0.125	0.1	0.23529411764705882	0.25	0.0	0.0	0.0	0.0	0.0	0.0	0.0	0.0	0.0	0.0	0.14285714285714285	0.15384615384615385	0.0	0.16666666666666666	0.3333333333333333	0.125	0.3333333333333333	0.07142857142857142	0.1	0.0	0.0	0.25	0.0015	0.0	0.125	0.2222222222222222	0.0	0.0	0.0015	0.0	0.0	
Heermann's Gull	0.0	0.0	0.0	0.0	0.0	0.0	0.0	0.0	0.0	0.0	0.0	0.0	0.0	0.0	0.0	0.17647058823529413	0.0	0.0	0.0	0.0	0.0	1.0	0.0	0.5	0.5	0.6666666666666666	0.625	0.8571428571428571	0.6153846153846154	0.7142857142857143	0.6666666666666666	0.6666666666666666	1.0	0.3333333333333333	0.5	0.6	1.0	0.5	0.5	0.2222222222222222	0.16666666666666666	0.0625	0.0	0.0	0.0	0.125	0.0	0.0	
Mew Gull	0.6875	0.8461538461538461	0.8333333333333334	0.75	0.7857142857142857	0.7333333333333333	0.5833333333333334	0.5	0.375	0.375	0.2222222222222222	0.6363636363636364	0.4	0.25	0.2	0.4117647058823529	0.0	0.0	0.0	0.0	0.0	0.0	0.0	0.0	0.0	0.0	0.0	0.14285714285714285	0.07692307692307693	0.0	0.0	0.16666666666666666	0.25	0.16666666666666666	0.35714285714285715	0.2	0.3333333333333333	0.5	0.0	0.3333333333333333	0.6666666666666666	0.5	0.5555555555555556	0.5454545454545454	0.0015	0.625	0.75	0.5	
Ring-billed Gull	0.0	0.0	0.0	0.0	0.0	0.0015	0.0	0.0	0.0	0.0	0.0	0.0	0.0	0.0	0.0	0.0	0.0	0.0	0.0	0.0	0.0	1.0	0.0	0.0	0.0	0.0	0.0	0.0	0.0	0.0	0.0	0.0	0.0	0.0	0.14285714285714285	0.0	0.0	0.0	0.25	0.0	0.16666666666666666	0.0	0.0	0.0	0.0	0.0015	0.0	0.0	
Western Gull	0.0	0.07692307692307693	0.3333333333333333	0.0625	0.14285714285714285	0.0	0.16666666666666666	0.2	0.25	0.0	0.0	0.09090909090909091	0.0	0.125	0.1	0.23529411764705882	0.5	0.4	0.75	0.0	0.2	0.0	0.0	0.5	0.5	0.6666666666666666	0.125	0.0	0.3076923076923077	0.7142857142857143	0.6666666666666666	0.16666666666666666	0.5	0.16666666666666666	0.14285714285714285	0.2	0.0	0.0	0.5	0.3333333333333333	0.16666666666666666	0.125	0.0	0.0	0.0	0.125	0.125	0.25	
California Gull	0.0625	0.0	0.5	0.0625	0.0	0.0	0.0	0.0	0.125	0.125	0.0	0.09090909090909091	0.0	0.0	0.1	0.0	0.0	0.0	0.25	0.0	0.0	1.0	0.5	0.0	0.5	0.0	0.125	0.5714285714285714	0.23076923076923078	0.2857142857142857	0.16666666666666666	0.3333333333333333	0.25	0.3333333333333333	0.5	0.2	0.16666666666666666	0.25	0.0	0.2222222222222222	0.3333333333333333	0.125	0.1111111111111111	0.09090909090909091	0.0	0.375	0.125	0.25	
Herring Gull	0.125	0.07692307692307693	0.0	0.0	0.0	0.0015	0.0	0.2	0.125	0.0	0.0	0.0	0.0	0.0	0.0	0.058823529411764705	0.0	0.0	0.0	0.0	0.0	0.0	0.0	0.0	0.0	0.0	0.0	0.0	0.0	0.0	0.0	0.0	0.0	0.16666666666666666	0.07142857142857142	0.0	0.0	0.0	0.0	0.1111111111111111	0.0	0.0	0.0	0.0	0.5	0.0	0.0	0.0	
Iceland Gull	0.0625	0.23076923076923078	0.0	0.125	0.07142857142857142	0.0	0.08333333333333333	0.1	0.25	0.0	0.0	0.0	0.0	0.0	0.1	0.058823529411764705	0.125	0.0	0.0	0.0	0.0	0.0	0.0	0.0	0.0	0.0	0.0	0.0	0.0	0.0	0.0	0.0	0.0	0.0	0.0	0.1	0.0	0.0	0.0	0.0	0.16666666666666666	0.0625	0.0	0.18181818181818182	0.0	0.0015	0.125	0.0	
Herring/Iceland Gull	0.0625	0.0	0.0	0.0	0.0	0.0	0.0	0.0015	0.0	0.0	0.0	0.0	0.0	0.0	0.0	0.0	0.0	0.0	0.0	0.0	0.0	0.0	0.0	0.0	0.0	0.0	0.0	0.0	0.0	0.0	0.0	0.0	0.0	0.0	0.0	0.0	0.0	0.0	0.0	0.0	0.0	0.0	0.0	0.0	0.0	0.0	0.0	0.0	
Glaucous-winged Gull	0.4375	0.5384615384615384	0.8333333333333334	0.4375	0.7142857142857143	0.5333333333333333	0.6666666666666666	0.7	0.5	0.375	0.3333333333333333	0.36363636363636365	0.6	0.5	0.7	0.8235294117647058	0.625	1.0	1.0	0.8	0.8	1.0	1.0	1.0	1.0	1.0	1.0	0.7142857142857143	0.8461538461538461	1.0	0.6666666666666666	0.5	1.0	0.8333333333333334	0.5714285714285714	0.6	0.5	0.5	0.75	0.6666666666666666	0.6666666666666666	0.4375	0.4444444444444444	0.5454545454545454	1.0	0.875	0.875	0.5	
Western x Glaucous-winged Gull (hybrid)	0.375	0.3076923076923077	0.3333333333333333	0.25	0.35714285714285715	0.3333333333333333	0.4166666666666667	0.3	0.125	0.375	0.0	0.36363636363636365	0.5	0.125	0.3	0.4117647058823529	0.125	0.2	0.5	0.0	0.4	0.0	0.0	0.0	0.5	1.0	0.125	0.2857142857142857	0.07692307692307693	0.0	0.16666666666666666	0.16666666666666666	0.125	0.3333333333333333	0.2857142857142857	0.3	0.16666666666666666	0.25	0.0	0.3333333333333333	0.0	0.375	0.3333333333333333	0.18181818181818182	0.0015	0.375	0.625	0.25	
Western/Glaucous-winged Gull	0.125	0.3076923076923077	0.0	0.125	0.21428571428571427	0.13333333333333333	0.16666666666666666	0.0	0.125	0.25	0.1111111111111111	0.18181818181818182	0.1	0.0	0.0	0.058823529411764705	0.125	0.2	0.25	0.4	0.0	1.0	0.0	0.0	0.0	0.0015	0.0	0.42857142857142855	0.15384615384615385	0.0	0.0	0.0	0.0	0.0	0.14285714285714285	0.0	0.0	0.0	0.0	0.0	0.0	0.0625	0.0	0.18181818181818182	0.5	0.0	0.0	0.0	
Larus sp.	0.0625	0.15384615384615385	0.0	0.0625	0.2857142857142857	0.13333333333333333	0.16666666666666666	0.0	0.0	0.125	0.2222222222222222	0.0	0.0	0.125	0.0	0.058823529411764705	0.0	0.0	0.0	0.2	0.0	0.0	0.0	0.0	0.0	0.0	0.0	0.0	0.07692307692307693	0.0	0.0	0.0	0.0	0.0	0.07142857142857142	0.0	0.16666666666666666	0.0	0.0	0.0	0.0	0.0	0.0	0.0	0.0	0.0	0.0	0.0	
gull sp.	0.125	0.07692307692307693	0.16666666666666666	0.1875	0.07142857142857142	0.2	0.0	0.0	0.0	0.0	0.2222222222222222	0.36363636363636365	0.1	0.375	0.0	0.17647058823529413	0.0	0.0	0.0	0.2	0.2	0.0	0.0	0.0	0.0	0.0	0.0	0.0	0.0	0.0	0.0	0.0	0.125	0.5	0.35714285714285715	0.1	0.16666666666666666	0.25	0.25	0.0	0.0	0.0625	0.3333333333333333	0.0	0.0	0.0	0.0	0.0	
Caspian Tern	0.0	0.0	0.0	0.0	0.0	0.0	0.0	0.0	0.0	0.0	0.0	0.0	0.0	0.25	0.3	0.7647058823529411	0.5	1.0	1.0	0.4	0.6	1.0	0.5	0.0	1.0	1.0	0.75	1.0	0.6153846153846154	0.42857142857142855	0.6666666666666666	0.3333333333333333	0.375	0.5	0.42857142857142855	0.0	0.16666666666666666	0.5	0.25	0.0	0.0	0.0	0.0	0.0	0.0	0.0	0.0	0.0	
Red-throated Loon	0.0	0.07692307692307693	0.16666666666666666	0.1875	0.21428571428571427	0.13333333333333333	0.08333333333333333	0.2	0.25	0.125	0.0	0.0	0.2	0.125	0.0	0.058823529411764705	0.125	0.0	0.0	0.0	0.0	0.0	0.0	0.0	0.0	0.0	0.0	0.0	0.07692307692307693	0.0	0.0	0.0	0.25	0.16666666666666666	0.07142857142857142	0.1	0.3333333333333333	0.0	0.0	0.1111111111111111	0.16666666666666666	0.125	0.0	0.0	0.0	0.125	0.125	0.25	
Pacific Loon	0.3125	0.23076923076923078	0.5	0.25	0.21428571428571427	0.13333333333333333	0.3333333333333333	0.2	0.25	0.375	0.3333333333333333	0.09090909090909091	0.1	0.125	0.2	0.23529411764705882	0.25	0.4	0.25	0.4	0.2	0.0	0.0	0.0	0.5	0.0	0.0	0.0	0.15384615384615385	0.0	0.0	0.0	0.0	0.0	0.14285714285714285	0.3	0.16666666666666666	0.0015	0.5	0.3333333333333333	0.16666666666666666	0.4375	0.1111111111111111	0.0	0.0	0.5	0.5	0.25	
Common Loon	0.6875	0.8461538461538461	0.8333333333333334	0.75	0.7857142857142857	0.5333333333333333	0.5833333333333334	0.8	0.5	0.75	0.6666666666666666	0.6363636363636364	0.7	0.625	0.4	0.7058823529411765	0.5	0.4	0.25	0.0	0.2	0.0	0.0	0.0	0.5	0.0	0.0	0.0	0.0	0.0	0.0	0.0	0.375	0.0015	0.8571428571428571	0.8	1.0	0.75	0.75	0.6666666666666666	1.0	0.875	0.7777777777777778	0.6363636363636364	0.0	0.75	0.625	0.5	
Yellow-billed Loon	0.0015	0.0	0.0	0.125	0.07142857142857142	0.0	0.0	0.1	0.0	0.0	0.0	0.09090909090909091	0.0	0.0	0.0	0.0	0.0	0.0	0.0	0.0	0.0	0.0	0.0	0.0	0.0	0.0	0.0	0.0	0.0	0.0	0.0	0.0	0.0	0.0	0.0	0.0	0.0	0.0015	0.0	0.0	0.0	0.0	0.0	0.0	0.0	0.0	0.0	0.0	
loon sp.	0.0	0.0	0.0	0.0	0.0	0.0	0.0	0.0	0.0	0.0	0.0	0.0	0.0	0.125	0.0	0.058823529411764705	0.0	0.0	0.0	0.0	0.0	0.0	0.0	0.0	0.0	0.0	0.0	0.0	0.0	0.0	0.0	0.0	0.0	0.0	0.0	0.0	0.0	0.0	0.0	0.0	0.0	0.0	0.1111111111111111	0.0	0.0	0.0	0.0	0.0	
Brandt's Cormorant	0.4375	0.7692307692307693	0.6666666666666666	0.5	0.5714285714285714	0.4666666666666667	0.4166666666666667	0.3	0.375	0.25	0.3333333333333333	0.36363636363636365	0.6	0.375	0.4	0.5882352941176471	0.375	0.4	0.5	0.0	0.4	0.0	0.0	0.0	0.5	0.3333333333333333	0.0	0.2857142857142857	0.46153846153846156	0.42857142857142855	0.3333333333333333	0.16666666666666666	0.5	0.5	0.2857142857142857	0.6	0.5	0.25	0.25	0.6666666666666666	0.5	0.375	0.2222222222222222	0.2727272727272727	1.0	0.5	0.875	0.5	
Pelagic Cormorant	1.0	0.8461538461538461	1.0	1.0	0.7857142857142857	0.6666666666666666	0.75	0.6	0.625	0.375	0.5555555555555556	0.9090909090909091	0.6	0.5	0.6	0.8235294117647058	0.5	0.8	0.75	0.0	0.4	0.0	0.5	0.0	0.5	1.0	0.5	0.42857142857142855	0.6153846153846154	0.7142857142857143	0.6666666666666666	0.6666666666666666	1.0	0.6666666666666666	0.7857142857142857	0.8	0.8333333333333334	1.0	0.5	0.8888888888888888	1.0	0.8125	0.5555555555555556	0.8181818181818182	1.0	1.0	0.875	0.5	
Double-crested Cormorant	1.0	0.8461538461538461	1.0	1.0	0.9285714285714286	0.8	0.6666666666666666	0.8	0.625	0.625	0.6666666666666666	0.7272727272727273	1.0	0.75	0.6	0.7647058823529411	0.375	0.8	0.75	0.2	0.4	0.0	0.5	1.0	1.0	0.6666666666666666	0.5	0.8571428571428571	0.38461538461538464	0.42857142857142855	0.3333333333333333	0.5	1.0	0.8333333333333334	0.8571428571428571	1.0	0.6666666666666666	1.0	0.5	0.7777777777777778	1.0	0.9375	0.7777777777777778	0.9090909090909091	1.0	1.0	0.875	0.5	
cormorant sp.	0.1875	0.23076923076923078	0.16666666666666666	0.0625	0.21428571428571427	0.06666666666666667	0.0	0.2	0.0015	0.0	0.3333333333333333	0.18181818181818182	0.0	0.125	0.0	0.23529411764705882	0.0	0.0	0.0	0.2	0.2	0.0	0.0	0.0	0.0	0.0	0.0	0.14285714285714285	0.07692307692307693	0.0	0.0	0.0	0.0	0.3333333333333333	0.21428571428571427	0.2	0.3333333333333333	0.0	0.5	0.0015	0.16666666666666666	0.125	0.1111111111111111	0.09090909090909091	0.0	0.0015	0.0	0.0	
Brown Pelican	0.0	0.0	0.0	0.0	0.0	0.0	0.0	0.0	0.0	0.0	0.0	0.0	0.0	0.0	0.0	0.0	0.0	0.0	0.0	0.0	0.0	0.0	0.0	0.0	0.0	0.0	0.0	0.0	0.0	0.14285714285714285	0.0	0.0	0.0	0.16666666666666666	0.0	0.1	0.0	0.0	0.0	0.0	0.0	0.0625	0.0	0.0	0.0	0.0	0.0	0.0	
Great Blue Heron	0.1875	0.46153846153846156	0.16666666666666666	0.0	0.42857142857142855	0.4666666666666667	0.3333333333333333	0.2	0.5	0.125	0.2222222222222222	0.2727272727272727	0.5	0.25	0.5	0.47058823529411764	0.5	0.6	0.75	0.4	0.4	0.0	0.5	0.0	0.5	0.6666666666666666	0.375	0.42857142857142855	0.8461538461538461	0.7142857142857143	0.5	0.5	0.625	0.5	0.14285714285714285	0.7	0.3333333333333333	0.25	0.75	0.5555555555555556	0.6666666666666666	0.3125	0.3333333333333333	0.36363636363636365	0.0	0.375	0.375	0.25	
Turkey Vulture	0.0	0.0	0.0	0.0	0.0	0.0	0.0	0.0	0.0	0.0	0.0	0.0	0.0	0.0	0.0	0.11764705882352941	0.0	0.2	0.0	0.0	0.0	0.0	0.0	0.0	0.0	0.3333333333333333	0.0	0.0	0.07692307692307693	0.0	0.0	0.0	0.125	0.0	0.07142857142857142	0.1	0.0	0.0	0.0	0.0	0.0	0.0	0.0	0.0	0.0	0.0	0.0	0.0	
Osprey	0.0	0.0	0.0	0.0	0.0	0.0	0.0	0.0	0.0	0.0	0.0	0.0	0.0	0.0	0.0	0.058823529411764705	0.0	0.0	0.0	0.0	0.0	0.0	0.0	0.0	0.0	0.0	0.0	0.0	0.0	0.0	0.0	0.16666666666666666	0.0	0.0	0.0	0.0	0.0	0.0	0.0	0.0	0.0	0.0	0.0	0.0	0.0	0.0	0.0	0.0	
Northern Harrier	0.1875	0.07692307692307693	0.16666666666666666	0.0	0.0	0.0	0.08333333333333333	0.1	0.0	0.0	0.0	0.09090909090909091	0.0	0.0	0.0	0.058823529411764705	0.0	0.0	0.0	0.0	0.2	0.0	0.0	0.0	0.0	0.0	0.0	0.0	0.0	0.0	0.0	0.0	0.125	0.0	0.0	0.0	0.0	0.0	0.0	0.2222222222222222	0.5	0.125	0.1111111111111111	0.0	0.0	0.125	0.25	0.75	
Sharp-shinned Hawk	0.0	0.0	0.16666666666666666	0.0	0.0	0.0	0.08333333333333333	0.0	0.0	0.0	0.0	0.09090909090909091	0.2	0.0	0.0	0.0	0.125	0.0	0.0	0.0	0.0	0.0	0.0	0.5	0.0	0.0	0.0	0.0	0.07692307692307693	0.0	0.3333333333333333	0.16666666666666666	0.125	0.0	0.0	0.0	0.0	0.0	0.0	0.0	0.0	0.0	0.0	0.0	0.0	0.0	0.25	0.0	
Cooper's Hawk	0.0	0.0	0.0	0.0	0.0	0.06666666666666667	0.08333333333333333	0.0	0.0	0.0	0.0	0.0	0.0	0.0	0.0	0.058823529411764705	0.0	0.0	0.0	0.0	0.0	0.0	0.0	0.0	0.0	0.0	0.0	0.0	0.0	0.14285714285714285	0.0	0.3333333333333333	0.25	0.0	0.07142857142857142	0.1	0.0	0.0	0.0	0.1111111111111111	0.0	0.0625	0.1111111111111111	0.0	0.0	0.125	0.125	0.0	
Bald Eagle	0.5625	0.6153846153846154	0.8333333333333334	0.6875	0.7142857142857143	1.0	0.6666666666666666	0.8	0.5	0.625	0.4444444444444444	0.5454545454545454	0.8	0.875	0.9	0.8823529411764706	0.5	1.0	0.5	0.6	0.4	0.0	0.5	0.5	1.0	1.0	0.5	0.7142857142857143	0.9230769230769231	0.5714285714285714	0.6666666666666666	0.3333333333333333	0.375	0.0	0.35714285714285715	0.2	0.3333333333333333	0.5	0.75	0.5555555555555556	0.8333333333333334	0.875	0.7777777777777778	0.6363636363636364	1.0	0.875	0.875	0.5	
Red-tailed Hawk	0.0	0.0	0.16666666666666666	0.0625	0.07142857142857142	0.2	0.25	0.1	0.125	0.0	0.0	0.0	0.2	0.0	0.0	0.11764705882352941	0.25	0.2	0.0	0.2	0.2	0.0	0.0	0.5	0.0	0.0	0.125	0.0	0.07692307692307693	0.2857142857142857	0.0	0.0	0.375	0.16666666666666666	0.07142857142857142	0.1	0.16666666666666666	0.0	0.0	0.2222222222222222	0.16666666666666666	0.125	0.1111111111111111	0.0	0.0	0.125	0.125	0.0	
hawk sp.	0.0	0.0	0.0	0.0	0.0	0.0	0.08333333333333333	0.0	0.0	0.0	0.0	0.0	0.0	0.0	0.0	0.0	0.0	0.0	0.0	0.0	0.0	0.0	0.0	0.0	0.0	0.0	0.0	0.0	0.0	0.0	0.0	0.0	0.0	0.0	0.0	0.0	0.0	0.0	0.0	0.0	0.0	0.0	0.0	0.0	0.0	0.0	0.0	0.0	
Barn Owl	0.0	0.0	0.0	0.0	0.0	0.0	0.0	0.0	0.0	0.0	0.0	0.0	0.0	0.0	0.0	0.0	0.0	0.0	0.0	0.0	0.0	0.0	0.0	0.0	0.0	0.0	0.0	0.0	0.07692307692307693	0.0	0.0	0.0	0.0	0.0	0.0	0.0	0.0	0.0	0.0	0.0	0.0	0.0	0.0	0.0	0.0	0.0	0.0	0.0	
Great Horned Owl	0.0	0.0	0.0	0.0	0.0	0.0	0.0	0.0	0.0	0.0	0.0	0.0	0.0	0.0	0.0	0.0	0.0	0.0	0.0	0.0	0.0	0.0	0.0	0.0	0.0	0.0	0.0	0.0	0.23076923076923078	0.0	0.0	0.0	0.0	0.0	0.0	0.0	0.0	0.0	0.0	0.0	0.0	0.0	0.0	0.0	0.0	0.0	0.125	0.0	
Northern Pygmy-Owl	0.0	0.0	0.0	0.0	0.0	0.0	0.0	0.0	0.0	0.0	0.0	0.0	0.0	0.0	0.0	0.0	0.0	0.0	0.0	0.0	0.0	0.0	0.0	0.0	0.0	0.0	0.0	0.0	0.0	0.0	0.0	0.0	0.0	0.0	0.07142857142857142	0.0	0.0	0.0	0.0	0.0	0.0	0.0	0.0	0.0	0.0	0.0	0.0	0.0	
Barred Owl	0.0	0.0	0.0	0.0	0.0	0.0	0.0	0.0	0.0	0.0	0.0	0.0	0.0	0.0	0.0	0.0	0.0	0.0	0.0	0.0	0.0	0.0	0.0	0.0	0.0	0.0	0.0	0.0	0.07692307692307693	0.0	0.0	0.0	0.0	0.16666666666666666	0.0	0.0	0.0	0.0	0.0	0.0	0.0	0.0	0.0	0.0	0.0	0.0	0.0	0.25	
Short-eared Owl	0.0	0.0	0.0	0.0	0.0	0.0	0.0	0.0	0.0	0.0	0.0	0.0	0.0	0.0	0.0	0.0	0.0	0.0	0.0	0.0	0.0	0.0	0.0	0.0	0.0	0.0	0.0	0.0	0.0	0.0	0.0	0.0	0.0	0.0	0.0	0.0	0.0	0.0	0.0	0.0	0.0	0.0625	0.0	0.0	0.0	0.0	0.0	0.0	
Belted Kingfisher	0.125	0.07692307692307693	0.3333333333333333	0.0625	0.21428571428571427	0.3333333333333333	0.25	0.1	0.25	0.0	0.0	0.09090909090909091	0.6	0.25	0.1	0.35294117647058826	0.375	0.6	0.0	0.4	0.4	0.0	0.0	0.5	0.5	0.6666666666666666	0.125	0.0	0.6923076923076923	0.42857142857142855	0.5	0.6666666666666666	0.375	0.16666666666666666	0.14285714285714285	0.3	0.16666666666666666	0.25	0.75	0.4444444444444444	0.16666666666666666	0.125	0.0	0.18181818181818182	0.0	0.25	0.5	0.25	
Red-breasted Sapsucker	0.0	0.0	0.0	0.0	0.0	0.0	0.16666666666666666	0.0	0.0	0.0	0.0	0.0	0.0	0.0	0.0	0.0	0.0	0.2	0.0	0.0	0.2	0.0	0.0	0.0	0.0	0.3333333333333333	0.0	0.0	0.15384615384615385	0.0	0.0	0.0	0.25	0.0	0.0	0.0	0.0	0.0	0.0	0.0	0.0	0.0	0.0	0.0	0.0	0.0	0.0	0.25	
Downy Woodpecker	0.0	0.0	0.0	0.0	0.0	0.0	0.0	0.1	0.125	0.25	0.0	0.0	0.0	0.0	0.0	0.058823529411764705	0.125	0.0	0.0	0.0	0.2	0.0	0.0	0.0	0.0	0.3333333333333333	0.0	0.0	0.07692307692307693	0.14285714285714285	0.0	0.0	0.25	0.16666666666666666	0.07142857142857142	0.1	0.0	0.0	0.25	0.3333333333333333	0.0	0.125	0.0015	0.0	0.0	0.125	0.375	0.0	
Hairy Woodpecker	0.0	0.0	0.0	0.0	0.0	0.0	0.08333333333333333	0.0	0.0	0.0	0.0	0.0	0.0	0.0	0.1	0.0	0.25	0.0	0.0	0.0	0.2	0.0	0.0	0.5	0.0	0.0	0.0	0.0	0.15384615384615385	0.0	0.16666666666666666	0.0	0.25	0.0	0.07142857142857142	0.1	0.0	0.0	0.0	0.0	0.0	0.0625	0.0	0.0	0.0	0.0	0.125	0.0	
Pileated Woodpecker	0.0	0.0	0.0	0.0	0.0	0.0	0.0	0.0	0.0	0.0	0.0	0.0015	0.0	0.0	0.0	0.058823529411764705	0.125	0.2	0.0015	0.0	0.0	0.0	0.0	0.0	0.0	0.6666666666666666	0.0	0.0	0.23076923076923078	0.0	0.0	0.0	0.125	0.16666666666666666	0.07142857142857142	0.0	0.0	0.0	0.0	0.1111111111111111	0.0	0.0	0.0	0.0	0.0	0.0	0.0	0.0	
Northern Flicker	0.3125	0.0015	0.16666666666666666	0.1875	0.14285714285714285	0.13333333333333333	0.25	0.3	0.375	0.125	0.1111111111111111	0.18181818181818182	0.3	0.0	0.0	0.17647058823529413	0.25	0.2	0.25	0.0	0.2	0.0	0.0	0.0	0.5	0.3333333333333333	0.125	0.0	0.38461538461538464	0.42857142857142855	0.5	0.0	0.5	0.16666666666666666	0.21428571428571427	0.5	0.3333333333333333	0.5	0.25	0.5555555555555556	0.3333333333333333	0.3125	0.2222222222222222	0.36363636363636365	0.0015	0.5	0.5	0.0	
Merlin	0.0015	0.0	0.0	0.0	0.0	0.0	0.0	0.0	0.0	0.0	0.0	0.0	0.0	0.0	0.0	0.0	0.0	0.0	0.0	0.0	0.0	0.0	0.0	0.0	0.0	0.0	0.0	0.0	0.0	0.0	0.0	0.0	0.0	0.0	0.0	0.0	0.0	0.0	0.0	0.0	0.0	0.0	0.0	0.0	0.0	0.125	0.125	0.0	
Peregrine Falcon	0.0625	0.0	0.16666666666666666	0.0625	0.14285714285714285	0.0015	0.0	0.1	0.0	0.125	0.0	0.0	0.0	0.0	0.0	0.0	0.0	0.2	0.0	0.0	0.0	0.0	0.0	0.0	0.0	0.0	0.0	0.0	0.0	0.0	0.0	0.0	0.0	0.0	0.14285714285714285	0.0	0.0	0.0	0.0	0.0	0.0	0.1875	0.1111111111111111	0.0	0.0	0.0	0.125	0.0	
Olive-sided Flycatcher	0.0	0.0	0.0	0.0	0.0	0.0	0.0	0.0	0.0	0.0	0.0	0.0	0.0	0.0	0.0	0.0	0.0	0.0	0.0	0.0	0.2	0.0	0.0	0.0	0.0	0.0	0.0	0.0	0.0	0.0	0.0	0.0	0.0	0.0	0.0	0.0	0.0	0.0	0.0	0.0	0.0	0.0	0.0	0.0	0.0	0.0	0.0	0.0	
Willow Flycatcher	0.0	0.0	0.0	0.0	0.0	0.0	0.0	0.0	0.0	0.0	0.0	0.0	0.0	0.0	0.0	0.0	0.0	0.0	0.0	0.0	0.0	0.0	0.0	0.0	0.0	0.0	0.0	0.0	0.07692307692307693	0.0	0.0	0.0	0.0	0.0	0.0	0.0	0.0	0.0	0.0	0.0	0.0	0.0	0.0	0.0	0.0	0.0	0.0	0.0	
Pacific-slope Flycatcher	0.0	0.0	0.0	0.0	0.0	0.0	0.0	0.0	0.0	0.0	0.0	0.0	0.0	0.0	0.0	0.058823529411764705	0.25	0.2	0.0	0.2	0.2	0.0	0.0	0.0	0.5	0.6666666666666666	0.0015	0.0	0.23076923076923078	0.2857142857142857	0.0	0.0	0.375	0.16666666666666666	0.0	0.0	0.0	0.0	0.0	0.0	0.0	0.0	0.0	0.0	0.0	0.0	0.0	0.0	
Say's Phoebe	0.0	0.0	0.0	0.0	0.0	0.0	0.0	0.0	0.0	0.0	0.0	0.0	0.0	0.0015	0.0	0.0	0.0	0.0	0.0	0.0	0.0	0.0	0.0	0.0	0.0	0.0	0.0	0.0	0.0	0.0	0.0	0.0	0.0	0.0	0.0	0.0	0.0	0.0	0.0	0.0	0.0	0.0	0.0	0.0	0.0	0.0	0.0	0.0	
Northern Shrike	0.0	0.0	0.0	0.0	0.0	0.0	0.0	0.0	0.0	0.0	0.0	0.0	0.0	0.0	0.0	0.0	0.0	0.0	0.0	0.0	0.0	0.0	0.0	0.0	0.0	0.0	0.0	0.0	0.0	0.0	0.0	0.0	0.0	0.0	0.0	0.0	0.0	0.0	0.0	0.0	0.0	0.0	0.0	0.0	0.0	0.125	0.0	0.0	
Hutton's Vireo	0.0	0.0	0.0	0.0	0.0	0.0	0.0	0.0	0.125	0.0	0.0	0.09090909090909091	0.1	0.0	0.1	0.058823529411764705	0.0	0.2	0.0015	0.0	0.0	0.0	0.0	0.0	0.0	0.0	0.0	0.0	0.07692307692307693	0.0	0.0	0.0	0.0	0.0	0.0	0.0	0.0	0.0	0.0	0.0	0.0	0.0	0.0	0.0	0.0	0.0	0.0	0.0	
Cassin's Vireo	0.0	0.0	0.0	0.0	0.0	0.0	0.0	0.0	0.0	0.0	0.0	0.0	0.0	0.0	0.0	0.0	0.125	0.0	0.0	0.0	0.0	0.0	0.0	0.0	0.0	0.0	0.0	0.0	0.0	0.0	0.0	0.0	0.0	0.0	0.0	0.0	0.0	0.0	0.0	0.0	0.0	0.0	0.0	0.0	0.0	0.0	0.0	0.0	
Warbling Vireo	0.0	0.0	0.0	0.0	0.0	0.0	0.0	0.0	0.0	0.0	0.0	0.0	0.0	0.0	0.0	0.0	0.125	0.2	0.0	0.0	0.2	0.0	0.0	0.0	0.0	0.6666666666666666	0.0	0.0	0.0	0.14285714285714285	0.0	0.0	0.125	0.0	0.0	0.0	0.0	0.0	0.0	0.0	0.0	0.0	0.0	0.0	0.0	0.0	0.0	0.0	
Canada Jay	0.0	0.0	0.0	0.0	0.0	0.0	0.0	0.0	0.0	0.0	0.0	0.0	0.0	0.0	0.0	0.0	0.0	0.0	0.0	0.0	0.0	0.0	0.0	0.0	0.0	0.0	0.0	0.0	0.0	0.0	0.0	0.0	0.0	0.0	0.07142857142857142	0.0	0.0	0.0	0.0	0.0	0.0	0.0	0.0	0.0	0.0	0.0	0.0	0.0	
Steller's Jay	0.0	0.0	0.16666666666666666	0.0	0.07142857142857142	0.0	0.08333333333333333	0.1	0.25	0.0	0.1111111111111111	0.0	0.1	0.0	0.0	0.17647058823529413	0.125	0.4	0.0	0.0	0.4	0.0	0.0	0.0	1.0	0.0	0.0	0.0	0.07692307692307693	0.42857142857142855	0.3333333333333333	0.0	0.5	0.3333333333333333	0.21428571428571427	0.1	0.0	0.25	0.25	0.5555555555555556	0.16666666666666666	0.125	0.0	0.09090909090909091	0.0	0.25	0.5	0.25	
American Crow	0.375	0.3076923076923077	0.5	0.125	0.21428571428571427	0.26666666666666666	0.5833333333333334	0.4	0.5	0.625	0.5555555555555556	0.5454545454545454	0.1	0.125	0.3	0.5882352941176471	0.375	1.0	0.5	0.4	0.6	1.0	0.0	0.0	1.0	0.6666666666666666	0.125	0.14285714285714285	0.5384615384615384	0.42857142857142855	0.3333333333333333	0.0	0.625	0.3333333333333333	0.42857142857142855	0.4	0.3333333333333333	0.5	0.5	0.4444444444444444	0.6666666666666666	0.5	0.3333333333333333	0.2727272727272727	0.0	0.5	0.5	0.5	
Northwestern Crow	0.0	0.07692307692307693	0.16666666666666666	0.125	0.07142857142857142	0.0	0.08333333333333333	0.1	0.0	0.0	0.1111111111111111	0.18181818181818182	0.2	0.125	0.1	0.11764705882352941	0.25	0.0	0.25	0.4	0.2	0.0	1.0	0.5	0.0	0.0	0.25	0.0	0.15384615384615385	0.2857142857142857	0.16666666666666666	0.5	0.0	0.3333333333333333	0.0	0.2	0.0	0.0	0.0	0.2222222222222222	0.0	0.0	0.0	0.09090909090909091	0.0	0.0	0.0	0.0	
American/Northwestern Crow	0.125	0.23076923076923078	0.16666666666666666	0.1875	0.42857142857142855	0.3333333333333333	0.16666666666666666	0.1	0.25	0.0	0.1111111111111111	0.18181818181818182	0.4	0.375	0.3	0.35294117647058826	0.125	0.0	0.0	0.2	0.2	0.0	0.0	0.0	0.0	0.0	0.25	0.2857142857142857	0.07692307692307693	0.0	0.0	0.16666666666666666	0.0	0.16666666666666666	0.2857142857142857	0.1	0.16666666666666666	0.0	0.0	0.1111111111111111	0.0	0.0625	0.1111111111111111	0.0	0.0015	0.0015	0.125	0.25	
Common Raven	0.0	0.15384615384615385	0.0	0.0625	0.14285714285714285	0.2	0.25	0.3	0.125	0.125	0.1111111111111111	0.09090909090909091	0.2	0.0	0.3	0.35294117647058826	0.25	0.0	0.0	0.2	0.4	0.0	0.0	0.0	0.5	0.3333333333333333	0.0015	0.0	0.23076923076923078	0.42857142857142855	0.3333333333333333	0.3333333333333333	0.375	0.16666666666666666	0.07142857142857142	0.2	0.0	0.0	0.25	0.4444444444444444	0.8333333333333334	0.1875	0.0015	0.18181818181818182	0.0	0.0	0.25	0.0	
crow/raven sp.	0.0	0.0	0.0	0.0	0.0	0.0	0.0	0.0	0.0	0.0	0.0	0.0	0.0	0.0	0.0	0.0	0.0	0.0	0.0	0.0	0.0	0.0	0.0	0.0	0.0	0.0	0.0	0.14285714285714285	0.0	0.0	0.0	0.0	0.0	0.0	0.0	0.0	0.0	0.0	0.0	0.0	0.0	0.0	0.0	0.0	0.0	0.0	0.0	0.0	
Horned Lark	0.0	0.0	0.0	0.0	0.0	0.0	0.0	0.0	0.0	0.0	0.0	0.0	0.0	0.0	0.0	0.0	0.0	0.0	0.0	0.0	0.0	0.0	0.0	0.0	0.0	0.0	0.0	0.0	0.0	0.0	0.0	0.0	0.0	0.0	0.07142857142857142	0.0	0.0	0.0	0.0	0.0	0.0	0.0	0.0	0.0	0.0	0.0	0.0	0.0	
Northern Rough-winged Swallow	0.0	0.0	0.0	0.0	0.0	0.0	0.0	0.0	0.0	0.0	0.0	0.0	0.0	0.0	0.0	0.4117647058823529	0.375	0.6	0.5	0.0	0.4	0.0	0.5	0.0	0.5	0.6666666666666666	0.125	0.0	0.3076923076923077	0.42857142857142855	0.3333333333333333	0.0	0.25	0.16666666666666666	0.07142857142857142	0.0	0.0	0.0	0.0	0.0	0.0	0.0	0.0	0.0	0.0	0.0	0.0	0.0	
Purple Martin	0.0	0.0	0.0	0.0	0.0	0.0	0.0	0.0	0.0	0.0	0.0	0.0	0.0	0.0	0.0	0.058823529411764705	0.125	0.4	0.0	0.0	0.2	0.0	0.0	0.0	0.5	0.6666666666666666	0.0	0.0	0.3076923076923077	0.42857142857142855	0.16666666666666666	0.0	0.25	0.0	0.0	0.0	0.0	0.0	0.0	0.0	0.0	0.0	0.0	0.0	0.0	0.0	0.0	0.0	
Tree Swallow	0.0	0.0	0.0	0.0	0.0	0.0	0.0	0.0	0.0	0.0	0.0	0.0	0.0	0.0	0.0	0.29411764705882354	0.125	0.2	0.0	0.0	0.4	0.0	0.0	0.0	0.0	0.6666666666666666	0.0	0.0	0.46153846153846156	0.5714285714285714	0.0	0.0	0.125	0.0	0.07142857142857142	0.0	0.0	0.0	0.0	0.0	0.0	0.0	0.0	0.0	0.0	0.0	0.0	0.0	
Violet-green Swallow	0.0	0.0	0.0	0.0	0.0	0.0	0.0	0.0	0.0	0.0	0.0	0.0	0.1	0.125	0.4	0.4117647058823529	0.5	0.4	0.5	0.4	0.6	0.0	0.0	1.0	0.5	0.0	0.125	0.0	0.3076923076923077	0.42857142857142855	0.16666666666666666	0.16666666666666666	0.125	0.0	0.14285714285714285	0.0	0.0	0.0	0.0	0.0	0.0	0.0	0.0	0.0	0.0	0.0	0.0	0.0	
Tree/Violet-green Swallow	0.0	0.0	0.0	0.0	0.0	0.0	0.0	0.0	0.0	0.0	0.0	0.0	0.0	0.0	0.0	0.0	0.0	0.0	0.0	0.0	0.0	0.0	0.0	0.0	0.0	0.0	0.0	0.0	0.0	0.0	0.0	0.0	0.0	0.0	0.07142857142857142	0.0	0.0	0.0	0.0	0.0	0.0	0.0	0.0	0.0	0.0	0.0	0.0	0.0	
Barn Swallow	0.0	0.0	0.0	0.0	0.0	0.0	0.0	0.0	0.0	0.0	0.0	0.0	0.0	0.0	0.0015	0.4117647058823529	0.25	0.8	0.5	0.8	1.0	0.0	0.5	1.0	1.0	0.6666666666666666	0.75	0.7142857142857143	0.8461538461538461	0.5714285714285714	0.5	0.3333333333333333	0.375	0.5	0.14285714285714285	0.0	0.0	0.0	0.0	0.0	0.0	0.0	0.0	0.0	0.0	0.0	0.0	0.0	
Cliff Swallow	0.0	0.0	0.0	0.0	0.0	0.0	0.0	0.0	0.0	0.0	0.0	0.0	0.0	0.0	0.0	0.11764705882352941	0.25	0.4	0.0	0.0	0.6	0.0	0.0	0.5	1.0	0.3333333333333333	0.25	0.0	0.15384615384615385	0.0	0.16666666666666666	0.0	0.0	0.16666666666666666	0.0	0.0	0.0	0.0	0.0	0.0	0.0	0.0	0.0	0.0	0.0	0.0	0.0	0.0	
swallow sp.	0.0	0.0	0.0	0.0	0.0	0.0	0.0	0.0	0.0	0.0	0.0	0.0	0.0	0.125	0.0	0.0	0.0	0.0	0.25	0.0	0.0	0.0	0.0	0.0	0.0	0.0	0.0	0.0	0.0	0.0	0.0	0.0	0.0	0.0	0.0	0.0	0.0	0.0	0.0	0.0	0.0	0.0	0.0	0.0	0.0	0.0	0.0	0.0	
Black-capped Chickadee	0.0625	0.0	0.0	0.0	0.0	0.06666666666666667	0.08333333333333333	0.0015	0.0	0.25	0.0	0.0	0.2	0.0	0.0	0.17647058823529413	0.125	0.0	0.0	0.2	0.0	0.0	0.0	0.0	0.5	0.6666666666666666	0.0	0.0	0.6153846153846154	0.5714285714285714	0.3333333333333333	0.16666666666666666	0.5	0.16666666666666666	0.21428571428571427	0.2	0.0	0.0	0.25	0.3333333333333333	0.5	0.0	0.0	0.0	0.0	0.25	0.25	0.0	
Chestnut-backed Chickadee	0.1875	0.0	0.3333333333333333	0.0625	0.07142857142857142	0.06666666666666667	0.16666666666666666	0.2	0.375	0.25	0.0	0.0015	0.2	0.0	0.1	0.29411764705882354	0.125	0.4	0.0	0.0	0.4	0.0	0.0	0.0	0.5	0.6666666666666666	0.0	0.0	0.7692307692307693	0.5714285714285714	0.3333333333333333	0.16666666666666666	0.625	0.16666666666666666	0.07142857142857142	0.0	0.16666666666666666	0.0	0.0	0.5555555555555556	0.0	0.0625	0.0	0.18181818181818182	0.0015	0.5	0.5	0.25	
Bushtit	0.0	0.0	0.0	0.0	0.0	0.06666666666666667	0.08333333333333333	0.0	0.0	0.0	0.0	0.09090909090909091	0.0	0.0	0.1	0.058823529411764705	0.0	0.0	0.0	0.0	0.0	0.0	0.0	0.0	0.5	0.0	0.0	0.0	0.15384615384615385	0.0	0.0	0.0	0.25	0.0	0.0	0.1	0.0	0.25	0.5	0.1111111111111111	0.0	0.0	0.0	0.0	0.0	0.0	0.25	0.0	
Red-breasted Nuthatch	0.125	0.0	0.3333333333333333	0.0625	0.07142857142857142	0.0	0.08333333333333333	0.1	0.25	0.125	0.0	0.0015	0.2	0.0	0.1	0.17647058823529413	0.25	0.2	0.0	0.2	0.4	0.0	0.0	0.0	0.5	0.6666666666666666	0.0	0.0	0.6923076923076923	0.42857142857142855	0.3333333333333333	0.0	0.625	0.3333333333333333	0.14285714285714285	0.1	0.0	0.0	0.25	0.5555555555555556	0.5	0.125	0.0	0.09090909090909091	0.0	0.25	0.5	0.25	
Brown Creeper	0.0625	0.0	0.16666666666666666	0.0625	0.0	0.06666666666666667	0.0	0.0	0.125	0.0	0.0	0.0015	0.1	0.0	0.0	0.058823529411764705	0.125	0.0	0.0	0.0	0.0	0.0	0.0	0.0	0.5	0.6666666666666666	0.0	0.0	0.15384615384615385	0.0	0.0	0.0	0.5	0.16666666666666666	0.07142857142857142	0.0	0.0	0.0	0.0	0.0	0.16666666666666666	0.0	0.0	0.0	0.0	0.0	0.5	0.25	
House Wren	0.0	0.0	0.0	0.0	0.0	0.0	0.0	0.0	0.0	0.0	0.0	0.0	0.0	0.0	0.1	0.11764705882352941	0.0	0.0	0.0	0.2	0.0	0.0	0.0	0.0	0.0	0.0	0.0	0.0	0.0	0.0	0.0	0.0	0.125	0.0	0.0	0.0	0.0	0.0	0.0	0.0	0.0	0.0	0.0	0.0	0.0	0.0	0.0	0.0	
Pacific Wren	0.1875	0.07692307692307693	0.3333333333333333	0.1875	0.14285714285714285	0.2	0.16666666666666666	0.1	0.375	0.125	0.0	0.09090909090909091	0.2	0.0	0.0	0.29411764705882354	0.375	0.4	0.25	0.0	0.4	0.0	0.0	0.0	0.5	0.6666666666666666	0.0	0.0	0.38461538461538464	0.42857142857142855	0.3333333333333333	0.0	0.5	0.16666666666666666	0.07142857142857142	0.1	0.0	0.0	0.25	0.4444444444444444	0.5	0.1875	0.0	0.2727272727272727	0.0015	0.5	0.5	0.25	
Marsh Wren	0.0	0.0	0.0	0.0625	0.07142857142857142	0.06666666666666667	0.0	0.0	0.0	0.125	0.0	0.0	0.0	0.0	0.0	0.0	0.0	0.0	0.0	0.0	0.0	0.0	0.0	0.0	0.0	0.0	0.0	0.0	0.0	0.0	0.0	0.0	0.0	0.0	0.0	0.0	0.0	0.0	0.0	0.0	0.0	0.0	0.0	0.0	0.0	0.125	0.0	0.0	
Bewick's Wren	0.0	0.0	0.0	0.0625	0.0	0.0	0.0	0.1	0.125	0.125	0.0	0.0	0.0	0.0	0.1	0.058823529411764705	0.125	0.2	0.0	0.0	0.2	0.0	0.0	0.0	0.5	0.0	0.0015	0.0	0.15384615384615385	0.0	0.0	0.0	0.0	0.16666666666666666	0.0	0.0	0.16666666666666666	0.0	0.25	0.0015	0.0	0.0	0.0	0.0	0.0	0.125	0.125	0.0	
Golden-crowned Kinglet	0.25	0.07692307692307693	0.3333333333333333	0.1875	0.07142857142857142	0.06666666666666667	0.25	0.1	0.125	0.125	0.0	0.0015	0.0	0.0	0.1	0.17647058823529413	0.125	0.0	0.0	0.2	0.0	0.0	0.0	0.0	0.0	0.0	0.0	0.0	0.15384615384615385	0.14285714285714285	0.16666666666666666	0.0	0.375	0.3333333333333333	0.07142857142857142	0.0	0.0	0.25	0.25	0.2222222222222222	0.0	0.125	0.0	0.09090909090909091	0.0	0.375	0.5	0.0	
Ruby-crowned Kinglet	0.125	0.0	0.0	0.0625	0.07142857142857142	0.0	0.08333333333333333	0.1	0.25	0.125	0.0	0.0015	0.0	0.0	0.0	0.17647058823529413	0.25	0.0	0.0	0.0	0.0	0.0	0.0	0.0	0.0	0.0	0.0	0.0	0.0	0.0	0.0	0.0	0.0	0.0	0.0	0.0	0.0	0.0	0.25	0.0015	0.0	0.0625	0.0	0.0	0.0	0.25	0.125	0.25	
Mountain Bluebird	0.0	0.0	0.0	0.0	0.0	0.0	0.0	0.0	0.0	0.0	0.0	0.0	0.0	0.125	0.0	0.0	0.0	0.0	0.0	0.0	0.0	0.0	0.0	0.0	0.0	0.0	0.0	0.0	0.0	0.0	0.0	0.0	0.0	0.0	0.0	0.0	0.0	0.0	0.0	0.0	0.0	0.0	0.0	0.0	0.0	0.0	0.0	0.0	
Varied Thrush	0.1875	0.15384615384615385	0.16666666666666666	0.125	0.07142857142857142	0.2	0.25	0.2	0.25	0.125	0.1111111111111111	0.0	0.1	0.0	0.0	0.0	0.0	0.0	0.0	0.0	0.2	0.0	0.0	0.0	0.5	0.3333333333333333	0.0	0.0	0.0	0.0	0.0	0.0	0.0	0.0	0.0	0.1	0.0	0.0	0.0	0.1111111111111111	0.0	0.0	0.0	0.09090909090909091	0.0	0.25	0.625	0.25	
Swainson's Thrush	0.0	0.0	0.0	0.0	0.0	0.0	0.0	0.0	0.0	0.0	0.0	0.0	0.0	0.0	0.0	0.0	0.0	0.0	0.0	0.2	0.0	0.0	0.0	0.0	0.5	0.3333333333333333	0.0015	0.0	0.0	0.0	0.0	0.0	0.25	0.0	0.0	0.0	0.0	0.0	0.0	0.0	0.0	0.0	0.0	0.0	0.0	0.0	0.0	0.0	
Hermit Thrush	0.0625	0.0	0.16666666666666666	0.0625	0.0	0.0	0.0	0.1	0.0	0.125	0.0	0.0	0.0	0.0	0.0	0.0	0.125	0.0	0.0	0.2	0.0	0.0	0.0	0.0	0.5	0.6666666666666666	0.0	0.0	0.07692307692307693	0.0	0.0	0.16666666666666666	0.0	0.16666666666666666	0.0	0.0	0.0	0.0	0.0	0.0	0.0	0.0625	0.0	0.0	0.0	0.0	0.125	0.0	
American Robin	0.1875	0.15384615384615385	0.3333333333333333	0.125	0.21428571428571427	0.3333333333333333	0.4166666666666667	0.6	0.5	0.5	0.5555555555555556	0.7272727272727273	0.8	0.5	0.6	0.7647058823529411	0.5	0.8	0.0	1.0	0.8	1.0	0.0	0.5	1.0	0.6666666666666666	0.375	0.2857142857142857	0.5384615384615384	0.42857142857142855	0.3333333333333333	0.0	0.625	0.3333333333333333	0.21428571428571427	0.3	0.3333333333333333	0.0	0.5	0.5555555555555556	0.5	0.1875	0.1111111111111111	0.09090909090909091	0.0	0.25	0.5	0.0	
European Starling	0.0	0.0015	0.0	0.0625	0.0	0.06666666666666667	0.08333333333333333	0.0	0.0	0.0	0.0	0.0	0.1	0.125	0.0	0.29411764705882354	0.25	0.4	0.0	0.2	0.4	0.0	0.0	0.5	0.5	0.0	0.125	0.0	0.15384615384615385	0.14285714285714285	0.0	0.16666666666666666	0.25	0.0	0.07142857142857142	0.2	0.5	0.0	0.25	0.3333333333333333	0.5	0.0625	0.0	0.18181818181818182	0.0	0.25	0.5	0.0	
American Pipit	0.0	0.0	0.0	0.0	0.0	0.0	0.0	0.0	0.0	0.0	0.0	0.0	0.0	0.125	0.0	0.0015	0.0	0.0	0.0	0.0	0.0	0.0	0.0	0.0	0.5	0.0	0.0	0.0	0.0	0.0	0.0	0.0	0.0	0.16666666666666666	0.14285714285714285	0.1	0.0	0.0	0.0	0.0	0.0	0.0	0.1111111111111111	0.0	0.0	0.0	0.0	0.0	
Cedar Waxwing	0.0	0.0	0.0	0.0	0.0	0.0015	0.0	0.0	0.0	0.0	0.0	0.0	0.0	0.0	0.0	0.0	0.0	0.0	0.0	0.2	0.2	0.0	0.0	0.0	0.0	0.3333333333333333	0.0	0.0	0.23076923076923078	0.14285714285714285	0.0	0.3333333333333333	0.125	0.0	0.07142857142857142	0.1	0.0	0.0	0.0	0.2222222222222222	0.0	0.0	0.0	0.0	0.0	0.125	0.0	0.0	
House Finch	0.0	0.07692307692307693	0.16666666666666666	0.0625	0.0	0.0	0.08333333333333333	0.0	0.125	0.125	0.0	0.0	0.0	0.0	0.0	0.17647058823529413	0.25	0.4	0.25	0.2	0.4	0.0	0.0	0.0	0.5	0.6666666666666666	0.25	0.0	0.15384615384615385	0.0	0.16666666666666666	0.0	0.125	0.0	0.14285714285714285	0.2	0.16666666666666666	0.25	0.25	0.4444444444444444	0.6666666666666666	0.1875	0.2222222222222222	0.36363636363636365	0.0	0.0	0.375	0.0	
Purple Finch	0.0	0.0	0.0	0.0	0.0	0.06666666666666667	0.0	0.0	0.0	0.0	0.0	0.0	0.2	0.0	0.0	0.058823529411764705	0.25	0.0	0.0	0.0	0.0	0.0	0.0	0.0	0.0	0.0	0.0	0.0	0.07692307692307693	0.0	0.0	0.0	0.0	0.0	0.07142857142857142	0.0	0.0	0.0	0.0	0.0	0.0	0.0	0.0	0.0	0.0	0.0	0.25	0.0	
Red Crossbill	0.0	0.0	0.0	0.0625	0.07142857142857142	0.0	0.0	0.1	0.0	0.0	0.0	0.0015	0.2	0.0	0.0	0.11764705882352941	0.25	0.0	0.0	0.0	0.0	0.0	0.0	0.0	0.0	0.0	0.0	0.0	0.23076923076923078	0.2857142857142857	0.16666666666666666	0.0	0.125	0.16666666666666666	0.07142857142857142	0.0	0.16666666666666666	0.25	0.0	0.0	0.0	0.0	0.0	0.09090909090909091	0.0	0.125	0.25	0.0	
Pine Siskin	0.125	0.0	0.0	0.0	0.0	0.0	0.08333333333333333	0.1	0.125	0.125	0.0	0.0015	0.3	0.0	0.2	0.11764705882352941	0.125	0.2	0.0	0.0	0.2	0.0	0.0	0.0	0.5	0.0	0.0	0.2857142857142857	0.15384615384615385	0.0	0.0	0.0	0.25	0.0	0.07142857142857142	0.0	0.0	0.0	0.0	0.0	0.0	0.0625	0.1111111111111111	0.09090909090909091	0.0	0.0	0.25	0.0	
American Goldfinch	0.0	0.0	0.0	0.0	0.0	0.0	0.08333333333333333	0.0	0.0	0.0	0.0	0.0	0.0	0.0	0.1	0.17647058823529413	0.5	0.6	0.25	0.4	0.6	1.0	0.5	0.5	0.5	0.3333333333333333	0.25	0.42857142857142855	0.5384615384615384	0.42857142857142855	0.3333333333333333	0.16666666666666666	0.625	0.0	0.07142857142857142	0.1	0.0	0.0	0.0	0.1111111111111111	0.16666666666666666	0.0	0.0	0.0	0.0	0.0	0.0	0.25	
Lapland Longspur	0.0	0.0	0.0	0.0	0.0	0.0	0.0	0.0	0.0	0.0	0.0	0.0	0.0	0.0	0.0	0.0	0.0	0.0	0.0	0.0	0.0	0.0	0.0	0.0	0.0	0.0	0.0	0.0	0.0	0.0	0.0	0.0	0.0	0.0	0.0	0.0	0.0	0.0	0.0	0.0	0.0	0.0015	0.0	0.0	0.0	0.0	0.0	0.0	
Snow Bunting	0.0	0.0	0.0	0.0	0.0	0.0	0.0	0.0	0.0	0.0	0.1111111111111111	0.0	0.0	0.0	0.0	0.0	0.0	0.0	0.0	0.0	0.0	0.0	0.0	0.0	0.0	0.0	0.0	0.0	0.0	0.0	0.0	0.0	0.0	0.0	0.0	0.0	0.0	0.0	0.0	0.0015	0.0	0.0	0.3333333333333333	0.0	0.0	0.0	0.0	0.0	
Fox Sparrow	0.0625	0.0	0.0	0.0	0.0	0.0	0.16666666666666666	0.2	0.125	0.125	0.0	0.0	0.2	0.0	0.1	0.11764705882352941	0.125	0.0	0.0	0.0	0.0	0.0	0.0	0.0	0.0	0.0	0.0	0.0	0.0	0.0	0.0	0.0	0.25	0.16666666666666666	0.14285714285714285	0.1	0.0	0.0	0.0	0.3333333333333333	0.0	0.0	0.0	0.0	0.0	0.25	0.25	0.0	
Dark-eyed Junco	0.4375	0.15384615384615385	0.16666666666666666	0.0625	0.14285714285714285	0.13333333333333333	0.25	0.3	0.625	0.625	0.3333333333333333	0.36363636363636365	0.4	0.125	0.4	0.5294117647058824	0.5	0.6	0.5	0.8	0.4	0.0	0.0	0.5	0.5	0.6666666666666666	0.0	0.0	0.8461538461538461	0.5714285714285714	0.5	0.3333333333333333	0.625	0.3333333333333333	0.42857142857142855	0.3	0.16666666666666666	0.5	0.75	0.4444444444444444	0.5	0.1875	0.2222222222222222	0.2727272727272727	0.0015	0.875	0.5	0.25	
White-crowned Sparrow	0.375	0.5384615384615384	0.5	0.0625	0.35714285714285715	0.26666666666666666	0.3333333333333333	0.3	0.375	0.25	0.0	0.5454545454545454	0.9	0.875	0.8	1.0	0.75	1.0	0.5	0.6	1.0	1.0	0.5	1.0	1.0	1.0	0.625	0.2857142857142857	0.9230769230769231	0.7142857142857143	0.6666666666666666	0.5	0.625	0.3333333333333333	0.5	0.4	0.5	0.25	0.25	0.2222222222222222	0.3333333333333333	0.125	0.1111111111111111	0.36363636363636365	0.0	0.125	0.625	0.25	
Golden-crowned Sparrow	0.125	0.07692307692307693	0.16666666666666666	0.0	0.07142857142857142	0.06666666666666667	0.08333333333333333	0.1	0.0	0.125	0.0	0.18181818181818182	0.0	0.0	0.1	0.17647058823529413	0.125	0.2	0.25	0.0	0.0	0.0	0.0	0.0	0.0	0.0	0.0	0.0	0.0	0.0	0.0	0.0	0.0	0.0	0.07142857142857142	0.2	0.16666666666666666	0.0	0.25	0.2222222222222222	0.0	0.0625	0.0015	0.18181818181818182	0.0	0.375	0.5	0.25	
White-throated Sparrow	0.0	0.0	0.0	0.0	0.0	0.0	0.0	0.0	0.0	0.0	0.0	0.0	0.0	0.0	0.0	0.058823529411764705	0.0	0.0	0.0	0.0	0.0	0.0	0.0	0.0	0.0	0.0	0.0	0.0	0.0	0.0	0.0	0.0	0.0	0.0	0.0	0.0	0.0	0.0	0.0	0.0	0.0	0.0	0.0	0.0	0.0	0.0	0.0	0.0	
Zonotrichia sp.	0.0	0.0	0.0	0.0	0.0	0.0	0.0	0.0	0.0	0.125	0.0	0.0	0.0	0.0	0.0	0.0	0.0	0.0	0.0	0.0	0.0	0.0	0.0	0.0	0.0	0.0	0.0	0.0	0.0	0.0	0.0	0.0	0.0	0.0	0.0	0.0	0.0	0.0	0.0	0.0	0.0	0.0	0.0	0.0	0.0	0.0	0.0	0.0	
Savannah Sparrow	0.0	0.0	0.0	0.0	0.0	0.0	0.08333333333333333	0.1	0.0	0.0	0.0	0.09090909090909091	0.2	0.625	0.7	0.7647058823529411	0.375	0.4	0.25	0.4	0.6	1.0	0.5	0.0	0.5	0.0	0.25	0.8571428571428571	0.15384615384615385	0.14285714285714285	0.0	0.0	0.25	0.6666666666666666	0.7142857142857143	0.6	0.5	0.75	0.0	0.1111111111111111	0.16666666666666666	0.0625	0.0	0.0	0.0	0.125	0.0	0.0	
Song Sparrow	0.75	0.46153846153846156	0.3333333333333333	0.25	0.21428571428571427	0.3333333333333333	0.08333333333333333	0.4	0.375	0.5	0.2222222222222222	0.36363636363636365	0.2	0.25	0.2	0.7647058823529411	0.5	0.8	0.5	0.6	0.8	0.0	0.5	0.5	1.0	0.0	0.125	0.0	0.46153846153846156	0.42857142857142855	0.3333333333333333	0.16666666666666666	0.5	0.16666666666666666	0.42857142857142855	0.3	0.5	0.75	0.5	0.7777777777777778	0.5	0.4375	0.6666666666666666	0.45454545454545453	0.5	0.5	0.5	0.5	
Spotted Towhee	0.25	0.0	0.16666666666666666	0.125	0.07142857142857142	0.06666666666666667	0.25	0.1	0.375	0.125	0.0	0.09090909090909091	0.3	0.0	0.3	0.47058823529411764	0.375	0.4	0.0	0.8	0.4	0.0	0.0	0.5	0.5	0.6666666666666666	0.0015	0.0	0.6153846153846154	0.42857142857142855	0.3333333333333333	0.0	0.625	0.3333333333333333	0.35714285714285715	0.2	0.0	0.0	0.0	0.3333333333333333	0.5	0.0625	0.0	0.18181818181818182	0.0	0.25	0.5	0.25	
sparrow sp.	0.0	0.0	0.0	0.0	0.0	0.0	0.0	0.0	0.0	0.0	0.0	0.09090909090909091	0.0	0.0	0.0	0.0	0.0	0.0	0.0	0.0	0.0	0.0	0.0	0.0	0.0	0.0	0.0	0.0	0.0	0.0	0.0	0.16666666666666666	0.0	0.0	0.0	0.0	0.0	0.0	0.0	0.0	0.0	0.0	0.0	0.0	0.0	0.0	0.0	0.0	
Yellow-headed Blackbird	0.0	0.0	0.0	0.0	0.0	0.0	0.0	0.0	0.0	0.0	0.0	0.0	0.0	0.0	0.0	0.0	0.0	0.0	0.0	0.0	0.2	0.0	0.0	0.0	0.0	0.0	0.0	0.0	0.0	0.0	0.0	0.0	0.0	0.0	0.0	0.0	0.0	0.0	0.0	0.0	0.0	0.0	0.0	0.0	0.0	0.0	0.0	0.0	
Western Meadowlark	0.0	0.0	0.0	0.0	0.0	0.0	0.0	0.0	0.0	0.0	0.0	0.0015	0.0	0.0	0.0	0.0	0.0	0.0	0.0	0.0	0.0	0.0	0.0015	0.0	0.0	0.0	0.0	0.0	0.0	0.0	0.0	0.0	0.0	0.0	0.0	0.1	0.0	0.25	0.0	0.0	0.0	0.125	0.1111111111111111	0.0	0.0	0.0	0.0	0.0	
Red-winged Blackbird	0.0	0.0	0.0	0.0	0.0	0.0	0.0	0.0	0.0	0.0	0.0	0.0	0.0	0.0	0.0	0.17647058823529413	0.375	0.2	0.0	0.0	0.4	0.0	0.0	0.5	0.5	0.3333333333333333	0.0	0.0	0.07692307692307693	0.0	0.0	0.0	0.0	0.0	0.07142857142857142	0.0	0.0	0.0	0.0	0.0	0.0	0.0625	0.0	0.0	0.0	0.0	0.25	0.25	
Brown-headed Cowbird	0.0	0.0	0.0	0.0	0.0	0.06666666666666667	0.0	0.0	0.0	0.0	0.0	0.0	0.0	0.0	0.0	0.0	0.25	0.2	0.0	0.4	0.2	0.0	0.0	0.0	0.5	0.6666666666666666	0.125	0.14285714285714285	0.15384615384615385	0.0	0.0	0.0	0.125	0.0	0.07142857142857142	0.0	0.0	0.0	0.0	0.0	0.0	0.125	0.0	0.0	0.0	0.0	0.25	0.25	
Brewer's Blackbird	0.0	0.0	0.0	0.0	0.0	0.0	0.0	0.0	0.0	0.0	0.0	0.0	0.0	0.0	0.0	0.058823529411764705	0.0	0.0	0.0	0.0	0.4	0.0	0.0	0.0	0.5	0.0	0.0	0.0	0.07692307692307693	0.0	0.0	0.0	0.0	0.0	0.07142857142857142	0.0	0.0	0.0	0.0	0.1111111111111111	0.0	0.0	0.0	0.0	0.0	0.0	0.125	0.0	
Orange-crowned Warbler	0.0	0.0	0.0	0.0	0.0	0.0	0.0	0.0	0.0	0.0	0.0	0.0	0.0	0.0	0.2	0.29411764705882354	0.375	0.2	0.0	0.2	0.2	0.0	0.0	0.0	0.5	0.6666666666666666	0.125	0.0	0.3076923076923077	0.42857142857142855	0.16666666666666666	0.0	0.5	0.16666666666666666	0.07142857142857142	0.0	0.0	0.0	0.0	0.0	0.0	0.0	0.0	0.0	0.0	0.0	0.0	0.0	
MacGillivray's Warbler	0.0	0.0	0.0	0.0	0.0	0.0	0.0	0.0	0.0	0.0	0.0	0.0	0.0	0.0	0.0	0.0	0.0	0.0	0.0	0.0	0.0	0.0	0.0	0.0	0.0	0.0	0.0	0.0	0.0	0.0	0.0	0.0	0.25	0.0	0.0	0.0	0.0	0.0	0.0	0.0	0.0	0.0	0.0	0.0	0.0	0.0	0.0	0.0	
Common Yellowthroat	0.0	0.0	0.0	0.0	0.0	0.0	0.0	0.0	0.0	0.0	0.0	0.0	0.0	0.0	0.0	0.058823529411764705	0.0	0.0	0.0	0.0	0.0	0.0	0.0	0.0	0.0	0.0	0.0	0.0	0.0	0.0	0.0	0.0	0.0	0.0	0.0	0.0	0.0	0.0	0.0	0.0	0.0	0.0	0.0	0.0	0.0	0.0	0.0	0.0	
Yellow Warbler	0.0	0.0	0.0	0.0	0.0	0.0	0.0	0.0	0.0	0.0	0.0	0.0	0.0	0.0	0.0	0.0	0.0	0.0	0.0	0.0	0.0	0.0	0.0	0.0	0.0	0.0	0.0	0.0	0.0	0.0	0.16666666666666666	0.0	0.0	0.0	0.0	0.0	0.0	0.0	0.0	0.0	0.0	0.0	0.0	0.0	0.0	0.0	0.0	0.0	
Yellow-rumped Warbler	0.0	0.0	0.0	0.0	0.0	0.0	0.0	0.0	0.0	0.0	0.0	0.09090909090909091	0.3	0.125	0.3	0.11764705882352941	0.125	0.2	0.0	0.0	0.2	0.0	0.0	0.0	0.0	0.0	0.0	0.14285714285714285	0.3076923076923077	0.2857142857142857	0.16666666666666666	0.0	0.0	0.0	0.14285714285714285	0.0	0.0	0.0	0.25	0.0	0.0	0.0	0.0	0.09090909090909091	0.0	0.0	0.125	0.0	
Black-throated Gray Warbler	0.0	0.0	0.0	0.0	0.0	0.0	0.0	0.0	0.0	0.0	0.0	0.0	0.0	0.0	0.0	0.0	0.0	0.0	0.0	0.0	0.2	0.0	0.0	0.0	0.0	0.6666666666666666	0.0	0.0	0.0	0.14285714285714285	0.0	0.0	0.25	0.0	0.0	0.0	0.0	0.0	0.0	0.0	0.0	0.0	0.0	0.0	0.0	0.0	0.0	0.0	
Townsend's Warbler	0.0	0.0	0.0	0.0	0.0	0.0	0.0	0.0	0.0	0.0	0.0	0.0	0.0	0.0	0.0	0.0	0.125	0.2	0.0	0.0	0.0	0.0	0.0	0.0	0.0	0.0	0.0	0.0	0.0	0.0	0.0	0.0	0.125	0.0	0.14285714285714285	0.0	0.0	0.0	0.0	0.0	0.0	0.0	0.0	0.0	0.0	0.0	0.0	0.0	
Wilson's Warbler	0.0	0.0	0.0	0.0	0.0	0.0	0.0	0.0	0.0	0.0	0.0	0.0	0.0	0.0	0.0	0.058823529411764705	0.0	0.2	0.25	0.2	0.0	0.0	0.0	0.0	0.0	0.0	0.0	0.0	0.07692307692307693	0.0	0.0	0.0	0.375	0.16666666666666666	0.0	0.0	0.0	0.0	0.0	0.0	0.0	0.0	0.0	0.0	0.0	0.0	0.0	0.0	
Western Tanager	0.0	0.0	0.0	0.0	0.0	0.0	0.0	0.0	0.0	0.0	0.0	0.0	0.0	0.0	0.0	0.0	0.0	0.2	0.0	0.0	0.0	0.0	0.0	0.0	0.0	0.3333333333333333	0.0	0.0	0.0	0.0	0.0	0.0	0.0	0.0	0.0	0.0	0.0	0.0	0.0	0.0	0.0	0.0	0.0	0.0	0.0	0.0	0.0	0.0	
Black-headed Grosbeak	0.0	0.0	0.0	0.0	0.0	0.0	0.0	0.0	0.0	0.0	0.0	0.0	0.0	0.0	0.0	0.0	0.0	0.2	0.0	0.2	0.2	0.0	0.0	0.0	0.5	0.0	0.0	0.0	0.23076923076923078	0.42857142857142855	0.3333333333333333	0.0	0.25	0.0	0.0	0.0	0.0	0.0	0.0	0.0	0.0	0.0	0.0	0.0	0.0	0.0	0.0	0.0	
House Sparrow	0.0	0.0	0.0	0.0	0.0	0.0	0.08333333333333333	0.0	0.0	0.0	0.0	0.0	0.0	0.0	0.0	0.058823529411764705	0.125	0.0	0.0	0.0	0.2	0.0	0.0	0.0	0.5	0.3333333333333333	0.0	0.0	0.07692307692307693	0.0	0.0	0.0	0.0	0.0	0.07142857142857142	0.0	0.0	0.0	0.0	0.1111111111111111	0.0	0.0	0.0	0.0	0.0	0.0	0.25	0.0	
passerine sp.	0.0	0.0	0.0	0.0	0.0	0.0	0.0	0.0	0.0	0.125	0.0	0.0	0.0	0.0	0.0	0.0	0.0	0.0	0.0	0.0	0.0	0.0	0.0	0.0	0.0	0.0	0.0	0.0	0.0	0.0	0.0	0.0	0.0	0.0	0.0	0.0	0.0	0.0	0.0	0.0	0.0	0.0	0.0	0.0	0.0	0.0	0.0	0.0	

