









Frequency of observations in the selected location(s).:
Number of taxa: 	179

	Jan				Feb				Mar				Apr				May				Jun				Jul				Aug				Sep				Oct				Nov				Dec				
Sample Size:	4.0	3.0	5.0	7.0	3.0	11.0	13.0	4.0	12.0	7.0	7.0	12.0	8.0	4.0	9.0	5.0	5.0	4.0	6.0	4.0	0.0	2.0	7.0	4.0	3.0	5.0	6.0	10.0	5.0	4.0	7.0	5.0	8.0	9.0	9.0	13.0	8.0	1.0	9.0	10.0	6.0	11.0	11.0	9.0	8.0	5.0	1.0	3.0	

Snow Goose	0.0	0.0	0.0	0.14285714285714285	0.0	0.2727272727272727	0.07692307692307693	0.25	0.16666666666666666	0.0	0.0	0.0	0.0	0.0	0.0	0.0	0.0	0.0	0.0	0.0	0.0	0.0	0.0	0.0	0.0	0.0	0.0	0.0	0.0	0.0	0.0	0.0	0.0	0.0	0.0	0.0	0.0	0.0	0.0	0.0	0.5	0.2727272727272727	0.0	0.0	0.0	0.0	0.0	0.0	
Greater White-fronted Goose	0.0	0.0	0.0	0.0	0.0	0.18181818181818182	0.07692307692307693	0.0	0.16666666666666666	0.0015	0.0	0.08333333333333333	0.0	0.0	0.0	0.2	0.2	0.5	0.16666666666666666	0.0	0.0	0.0	0.0	0.0	0.0	0.0	0.0	0.0	0.0	0.0	0.0	0.0	0.0	0.0	0.0	0.23076923076923078	0.0	0.0	0.0	0.1	0.0	0.0	0.0	0.0	0.0	0.0	0.0	0.0	
Brant	0.0	0.0	0.0	0.0	0.0	0.0	0.0	0.0	0.0	0.14285714285714285	0.0	0.0	0.0	0.0	0.0	0.0	0.0	0.0	0.0	0.0	0.0	0.0	0.0	0.0	0.0	0.0	0.0	0.0	0.0	0.0	0.0	0.0	0.0	0.0	0.0	0.0	0.0	0.0	0.0	0.0	0.0	0.0	0.0	0.0	0.0	0.0	0.0	0.0	
Cackling Goose	0.0015	0.0	0.0	0.0	0.0	0.18181818181818182	0.07692307692307693	0.0015	0.08333333333333333	0.0	0.0	0.0	0.0	0.25	0.0	0.0015	0.0015	0.25	0.16666666666666666	0.0	0.0	0.0	0.0	0.0	0.0	0.0	0.0	0.0	0.0	0.0	0.0	0.0	0.0	0.0	0.0	0.0	0.0	0.0	0.2222222222222222	0.1	0.0	0.0	0.0	0.0	0.125	0.0	0.0	0.0	
Canada Goose	0.0015	0.6666666666666666	0.6	0.5714285714285714	0.0015	0.8181818181818182	0.8461538461538461	0.75	0.8333333333333334	0.8571428571428571	1.0	0.8333333333333334	0.875	1.0	0.7777777777777778	0.8	1.0	1.0	1.0	0.5	0.0	1.0	0.7142857142857143	1.0	1.0	1.0	1.0	0.8	1.0	0.75	0.5714285714285714	0.4	0.25	0.5555555555555556	0.4444444444444444	0.6153846153846154	0.375	0.0	0.2222222222222222	0.1	0.0	0.18181818181818182	0.09090909090909091	0.7777777777777778	0.25	0.2	1.0	0.6666666666666666	
Domestic goose sp. (Domestic type) x Canada Goose (hybrid)	0.0	0.0	0.0	0.0	0.0	0.0	0.0	0.0	0.0	0.0	0.0	0.0	0.0	0.0	0.0	0.0	0.0	0.0	0.0	0.0	0.0	0.0	0.0	0.0	0.0	0.0	0.0	0.0	0.0	0.0	0.0	0.0	0.0	0.0	0.0	0.0	0.0	0.0	0.0	0.0	0.0	0.0	0.0	0.0	0.125	0.0	0.0	0.0	
Cackling/Canada Goose	0.25	0.0	0.0	0.0	0.0	0.0	0.07692307692307693	0.0	0.0	0.0	0.0	0.0	0.0	0.0	0.0	0.0	0.0	0.0	0.0	0.0	0.0	0.0	0.0	0.0	0.0	0.0	0.0	0.0	0.0	0.0	0.0	0.0	0.0	0.0	0.0	0.0	0.0	0.0	0.0	0.0	0.0	0.0	0.0	0.0	0.0	0.0	0.0	0.0	
Trumpeter Swan	0.25	0.0	0.8	0.5714285714285714	0.6666666666666666	0.9090909090909091	0.6153846153846154	0.5	0.6666666666666666	0.8571428571428571	0.2857142857142857	0.16666666666666666	0.125	0.25	0.2222222222222222	0.6	0.4	0.25	0.16666666666666666	0.0	0.0	0.0	0.0	0.0	0.0	0.0	0.0	0.0	0.0	0.0	0.0	0.0	0.0	0.0	0.0	0.0	0.0	0.0	0.0	0.1	0.16666666666666666	0.6363636363636364	0.6363636363636364	0.2222222222222222	0.75	0.6	0.0	0.6666666666666666	
Tundra Swan	0.0	0.0	0.0	0.0	0.0	0.18181818181818182	0.07692307692307693	0.0	0.25	0.0	0.0	0.0	0.0	0.0	0.0015	0.0	0.0	0.0	0.0	0.0	0.0	0.0	0.0	0.25	0.0	0.0	0.0	0.0	0.0	0.0	0.0	0.0	0.125	0.0	0.0	0.0	0.0	0.0	0.0	0.1	0.16666666666666666	0.36363636363636365	0.18181818181818182	0.0	0.25	0.4	0.0	0.0	
Trumpeter/Tundra Swan	0.25	0.0	0.0	0.0	0.3333333333333333	0.09090909090909091	0.15384615384615385	0.0	0.08333333333333333	0.0	0.14285714285714285	0.0	0.125	0.0	0.0	0.0	0.0	0.0	0.0	0.0	0.0	0.0	0.0	0.0	0.0	0.0	0.0	0.0	0.0	0.0	0.0	0.0	0.0	0.0	0.0	0.0	0.0	0.0	0.0	0.0	0.16666666666666666	0.2727272727272727	0.2727272727272727	0.0	0.125	0.0	0.0015	0.0	
Blue-winged Teal	0.0	0.0	0.0	0.0	0.0	0.0	0.0	0.0	0.0	0.0	0.0	0.0	0.0	0.0	0.0	0.0	0.0	0.25	0.0	0.0	0.0	0.0	0.0	0.0	0.0	0.0	0.0	0.0	0.0	0.0	0.0	0.0	0.0	0.0	0.0	0.0	0.0	0.0	0.0	0.0	0.0	0.0	0.0	0.0	0.0	0.0	0.0	0.0	
Cinnamon Teal	0.0	0.0	0.0	0.0	0.0	0.0	0.0	0.0	0.0	0.0	0.0	0.0	0.0	0.0	0.0	0.4	0.0015	0.25	0.0	0.0	0.0	0.0	0.14285714285714285	0.0	0.0	0.0	0.0	0.0	0.0	0.0	0.0	0.0	0.0	0.1111111111111111	0.2222222222222222	0.23076923076923078	0.0	0.0	0.0	0.0	0.0	0.0	0.0	0.0	0.0	0.0	0.0	0.0	
Northern Shoveler	0.0	0.3333333333333333	0.0	0.0	0.0	0.09090909090909091	0.0	0.25	0.25	0.14285714285714285	0.14285714285714285	0.08333333333333333	0.125	0.25	0.3333333333333333	0.6	0.8	0.5	0.16666666666666666	0.0	0.0	0.0	0.0	0.0	0.3333333333333333	0.2	0.0	0.0	0.0	0.5	0.2857142857142857	1.0	0.25	0.4444444444444444	0.5555555555555556	0.5384615384615384	0.625	0.0	0.0	0.0	0.16666666666666666	0.18181818181818182	0.09090909090909091	0.0	0.125	0.2	0.0	0.0	
Gadwall	0.25	0.3333333333333333	0.4	0.42857142857142855	0.3333333333333333	0.36363636363636365	0.3076923076923077	0.25	0.3333333333333333	0.42857142857142855	0.14285714285714285	0.16666666666666666	0.125	0.5	0.3333333333333333	0.8	0.6	0.75	0.8333333333333334	0.25	0.0	0.0	0.42857142857142855	0.0	0.0	0.0	0.0	0.3	0.4	0.0	0.0	0.8	0.5	0.5555555555555556	0.6666666666666666	0.6923076923076923	0.375	0.0	0.2222222222222222	0.0	0.0	0.09090909090909091	0.18181818181818182	0.1111111111111111	0.625	0.6	0.0	0.3333333333333333	
Eurasian Wigeon	0.0	0.0	0.0	0.14285714285714285	0.0	0.09090909090909091	0.07692307692307693	0.5	0.25	0.14285714285714285	0.0	0.08333333333333333	0.0	0.0	0.1111111111111111	0.0	0.0	0.0	0.0	0.0	0.0	0.0	0.0	0.0	0.0	0.0	0.0	0.0	0.0	0.0	0.0	0.0	0.0	0.0	0.0	0.07692307692307693	0.0	0.0	0.0	0.1	0.0	0.0	0.0	0.0	0.0	0.0	0.0	0.0	
American Wigeon	0.25	0.0	0.0	1.0	0.6666666666666666	0.8181818181818182	0.38461538461538464	0.75	0.6666666666666666	0.8571428571428571	0.42857142857142855	0.5	0.375	1.0	0.2222222222222222	0.8	0.4	0.5	0.0	0.0	0.0	0.0	0.0	0.0	0.0	0.0	0.0	0.0	0.0	0.0	0.14285714285714285	0.0	0.125	0.3333333333333333	0.5555555555555556	0.6153846153846154	1.0	1.0	0.5555555555555556	0.7	1.0	0.5454545454545454	0.45454545454545453	0.6666666666666666	0.875	0.4	1.0	0.3333333333333333	
Mallard	0.75	0.3333333333333333	0.2	0.7142857142857143	1.0	0.7272727272727273	0.6923076923076923	0.75	0.6666666666666666	1.0	1.0	0.75	1.0	1.0	0.7777777777777778	1.0	1.0	1.0	0.8333333333333334	0.75	0.0	0.5	0.2857142857142857	0.25	0.6666666666666666	0.2	0.3333333333333333	0.6	0.6	0.5	0.5714285714285714	1.0	0.625	0.6666666666666666	0.7777777777777778	0.9230769230769231	0.75	1.0	0.4444444444444444	0.6	0.6666666666666666	0.5454545454545454	0.2727272727272727	0.7777777777777778	0.75	0.8	1.0	0.6666666666666666	
Northern Pintail	0.75	0.0	0.6	0.7142857142857143	0.0015	0.8181818181818182	0.7692307692307693	0.75	0.75	0.8571428571428571	0.7142857142857143	0.75	0.25	0.75	0.7777777777777778	0.4	0.2	0.0	0.0	0.0	0.0	0.0	0.0	0.0	0.0	0.0	0.0	0.0	0.0	0.0	0.0	0.4	0.375	0.3333333333333333	0.4444444444444444	0.6153846153846154	0.625	0.0	0.4444444444444444	0.5	0.5	0.45454545454545453	0.36363636363636365	0.4444444444444444	0.875	0.6	1.0	0.6666666666666666	
Green-winged Teal	0.5	0.0	0.2	0.42857142857142855	0.0015	0.5454545454545454	0.15384615384615385	1.0	0.5	0.5714285714285714	0.2857142857142857	0.5	0.375	0.5	0.5555555555555556	0.8	0.6	0.5	0.0	0.0	0.0	0.0	0.14285714285714285	0.0	0.0	0.0	0.0	0.1	0.0	0.25	0.14285714285714285	0.4	0.5	0.4444444444444444	0.7777777777777778	0.6153846153846154	0.75	1.0	0.4444444444444444	0.2	0.5	0.2727272727272727	0.2727272727272727	0.4444444444444444	0.5	0.0	1.0	0.3333333333333333	
dabbling duck sp.	0.0	0.0	0.0	0.0	0.0	0.0	0.0	0.0	0.0	0.0	0.0	0.0	0.0	0.0	0.0	0.0	0.0	0.0	0.0	0.0	0.0	0.0	0.0	0.0	0.0	0.0	0.0	0.0	0.0	0.0	0.0	0.0	0.0	0.0	0.0	0.0	0.0	0.0	0.0	0.0	0.0	0.0	0.09090909090909091	0.0	0.0	0.0	0.0	0.0	
Canvasback	0.25	0.3333333333333333	0.6	0.5714285714285714	0.6666666666666666	0.5454545454545454	0.6923076923076923	1.0	0.6666666666666666	0.8571428571428571	0.7142857142857143	0.5	0.5	0.5	0.2222222222222222	0.4	0.2	0.0	0.0	0.0	0.0	0.0	0.0	0.0	0.0	0.0	0.0	0.0	0.0	0.0	0.0	0.0	0.0	0.0	0.0	0.07692307692307693	0.25	0.0	0.0	0.3	0.16666666666666666	0.36363636363636365	0.45454545454545453	0.0	1.0	0.8	1.0	0.3333333333333333	
Redhead	0.0	0.0	0.0	0.14285714285714285	0.0	0.0	0.0	0.0	0.0	0.14285714285714285	0.0	0.0	0.0	0.0	0.0	0.0	0.0	0.0	0.0	0.0	0.0	0.0	0.0	0.0	0.0	0.0	0.0	0.0	0.0	0.0	0.0	0.0	0.0	0.0	0.0	0.0	0.0	0.0	0.0	0.0	0.0	0.09090909090909091	0.0	0.0	0.0	0.0	0.0	0.0	
Ring-necked Duck	0.0	0.3333333333333333	0.4	0.2857142857142857	0.3333333333333333	0.5454545454545454	0.38461538461538464	0.5	0.4166666666666667	0.7142857142857143	0.5714285714285714	0.4166666666666667	0.375	0.75	0.2222222222222222	0.6	0.2	0.25	0.0	0.25	0.0	0.0	0.0	0.0	0.0	0.0	0.0015	0.0	0.0	0.0	0.0	0.0	0.0	0.0	0.2222222222222222	0.15384615384615385	0.5	0.0	0.3333333333333333	0.4	0.3333333333333333	0.2727272727272727	0.18181818181818182	0.1111111111111111	0.5	0.6	1.0	0.3333333333333333	
Greater Scaup	0.0	0.0	0.0	0.0	0.3333333333333333	0.2727272727272727	0.07692307692307693	0.0015	0.16666666666666666	0.14285714285714285	0.14285714285714285	0.25	0.125	0.75	0.2222222222222222	0.0	0.6	0.0	0.3333333333333333	0.0	0.0	0.0	0.0	0.0	0.0	0.0	0.0015	0.0	0.0	0.0	0.0	0.0	0.0	0.0	0.0	0.15384615384615385	0.0	0.0	0.3333333333333333	0.2	0.16666666666666666	0.18181818181818182	0.2727272727272727	0.2222222222222222	0.625	0.6	1.0	0.3333333333333333	
Lesser Scaup	0.0	0.0	0.6	0.5714285714285714	0.3333333333333333	0.36363636363636365	0.23076923076923078	0.25	0.4166666666666667	0.42857142857142855	0.14285714285714285	0.3333333333333333	0.25	0.25	0.0	0.4	0.6	0.0	0.0	0.0	0.0	0.0	0.0	0.5	0.0	0.0	0.0015	0.0	0.0	0.0	0.0	0.0	0.0	0.0	0.1111111111111111	0.15384615384615385	0.125	0.0	0.2222222222222222	0.4	0.3333333333333333	0.36363636363636365	0.45454545454545453	0.4444444444444444	0.625	0.6	1.0	0.3333333333333333	
Greater/Lesser Scaup	0.0	0.0	0.0	0.0	0.0	0.0	0.07692307692307693	0.0	0.08333333333333333	0.0	0.0	0.0	0.0	0.0	0.1111111111111111	0.0	0.0	0.0	0.16666666666666666	0.0	0.0	0.0	0.0	0.0	0.0	0.0	0.0	0.0	0.0	0.0	0.0	0.0	0.0	0.0	0.2222222222222222	0.07692307692307693	0.125	0.0	0.2222222222222222	0.2	0.16666666666666666	0.5454545454545454	0.09090909090909091	0.1111111111111111	0.25	0.4	0.0	0.0	
Surf Scoter	0.0	0.0	0.2	0.0	0.0	0.0	0.0	0.0	0.0	0.0	0.0	0.16666666666666666	0.0	0.0	0.0	0.0	0.0	0.0	0.0	0.0	0.0	0.0	0.0	0.0	0.0	0.0	0.0	0.0	0.0	0.0	0.0	0.0	0.0	0.0	0.1111111111111111	0.15384615384615385	0.0	0.0	0.0	0.0	0.0	0.09090909090909091	0.09090909090909091	0.2222222222222222	0.0	0.0	0.0	0.0	
Bufflehead	0.75	0.3333333333333333	0.8	0.8571428571428571	1.0	0.6363636363636364	0.6923076923076923	0.75	0.6666666666666666	0.8571428571428571	0.8571428571428571	0.5833333333333334	0.5	0.75	0.5555555555555556	0.8	1.0	0.5	0.3333333333333333	0.0	0.0	0.0	0.0	0.0	0.0	0.0	0.0015	0.0	0.0	0.0	0.0	0.0	0.0	0.0	0.0	0.07692307692307693	0.25	0.0	0.0	0.3	0.8333333333333334	0.6363636363636364	0.8181818181818182	1.0	1.0	1.0	1.0	0.6666666666666666	
Common Goldeneye	0.25	0.3333333333333333	0.0	0.5714285714285714	0.3333333333333333	0.18181818181818182	0.23076923076923078	0.25	0.16666666666666666	0.42857142857142855	0.14285714285714285	0.25	0.25	0.0	0.2222222222222222	0.0	0.0	0.0	0.3333333333333333	0.0	0.0	0.0	0.2857142857142857	0.0015	0.0	0.2	0.16666666666666666	0.0	0.0	0.0	0.0	0.0	0.0	0.1111111111111111	0.0	0.0	0.0	0.0	0.0	0.0	0.0	0.09090909090909091	0.36363636363636365	0.3333333333333333	0.75	0.6	0.0	0.3333333333333333	
Barrow's Goldeneye	0.0	0.0	0.0	0.0	0.0	0.09090909090909091	0.0	0.0	0.0	0.0	0.0	0.0	0.0	0.0	0.0	0.0	0.0	0.0	0.0	0.0	0.0	0.0	0.0	0.0	0.0	0.0	0.0	0.0	0.0	0.0	0.0	0.0	0.0	0.0	0.0	0.0	0.0	0.0	0.0	0.0	0.0	0.0	0.09090909090909091	0.2222222222222222	0.0	0.0	0.0	0.0	
Hooded Merganser	0.5	0.3333333333333333	0.8	0.7142857142857143	0.6666666666666666	0.36363636363636365	0.7692307692307693	0.25	0.75	0.7142857142857143	0.5714285714285714	0.4166666666666667	0.625	1.0	0.5555555555555556	0.6	0.6	0.0	0.16666666666666666	0.0	0.0	0.0	0.14285714285714285	0.0	0.0	0.0	0.16666666666666666	0.2	0.2	0.25	0.14285714285714285	0.6	0.375	0.4444444444444444	0.1111111111111111	0.5384615384615384	0.375	1.0	0.5555555555555556	0.6	0.6666666666666666	0.5454545454545454	0.36363636363636365	0.7777777777777778	0.875	0.6	1.0	0.3333333333333333	
Common Merganser	0.0	0.3333333333333333	0.2	0.0	0.3333333333333333	0.0	0.07692307692307693	0.0015	0.25	0.14285714285714285	0.14285714285714285	0.08333333333333333	0.125	0.25	0.3333333333333333	0.0	0.0	0.5	0.16666666666666666	0.25	0.0	0.0	0.42857142857142855	0.0	0.0	0.0	0.0	0.0	0.0	0.0	0.0	0.0	0.0	0.0	0.0	0.0	0.0	0.0	0.0	0.1	0.3333333333333333	0.2727272727272727	0.0	0.1111111111111111	0.0	0.2	0.0	0.0	
Red-breasted Merganser	0.25	0.0	0.0	0.0	0.3333333333333333	0.09090909090909091	0.07692307692307693	0.25	0.08333333333333333	0.14285714285714285	0.0	0.08333333333333333	0.0	0.0	0.2222222222222222	0.0	0.2	0.25	0.0	0.0	0.0	0.0	0.0	0.0	0.0	0.0	0.0	0.0	0.0	0.0	0.0	0.0	0.0	0.0	0.0	0.0	0.0	0.0	0.0	0.0	0.0	0.09090909090909091	0.09090909090909091	0.1111111111111111	0.0	0.0	0.0	0.0	
Ruddy Duck	0.0	0.0	0.0	0.14285714285714285	0.3333333333333333	0.18181818181818182	0.15384615384615385	0.0015	0.25	0.14285714285714285	0.0	0.0	0.0	0.0	0.0	0.0	0.0	0.0	0.16666666666666666	0.0	0.0	0.0	0.0	0.0	0.0	0.0	0.0	0.0	0.0	0.0	0.0	0.0	0.0	0.0	0.0	0.07692307692307693	0.25	0.0	0.1111111111111111	0.1	0.0	0.09090909090909091	0.2727272727272727	0.0	0.25	0.0	0.0	0.0	
duck sp.	0.0	0.0	0.0	0.0	0.0	0.0	0.0	0.0	0.0	0.0	0.0	0.0	0.0	0.0	0.0	0.0	0.0	0.0	0.0	0.0	0.0	0.0	0.0	0.0	0.0	0.0	0.0	0.0	0.0	0.0	0.2857142857142857	0.0	0.25	0.0	0.1111111111111111	0.07692307692307693	0.125	0.0	0.0	0.0	0.16666666666666666	0.0	0.18181818181818182	0.1111111111111111	0.0	0.0	0.0	0.0	
waterfowl sp.	0.25	0.0	0.0	0.0	0.0	0.0	0.0	0.0	0.0	0.0	0.0	0.0	0.0	0.0	0.0	0.0	0.0	0.0	0.0	0.0	0.0	0.0	0.0	0.0	0.0	0.0	0.0	0.0	0.0	0.0	0.0	0.0	0.0	0.1111111111111111	0.0	0.0	0.0	0.0	0.0	0.1	0.0	0.0	0.0	0.0	0.0	0.0	0.0	0.3333333333333333	
California Quail	0.0	0.0	0.0	0.0	0.0	0.0	0.0	0.0	0.0	0.0	0.0	0.0	0.125	0.0	0.0	0.0	0.0	0.0	0.0	0.0	0.0	0.0	0.0	0.0	0.0	0.0	0.0	0.0	0.0	0.0	0.0	0.0	0.0	0.1111111111111111	0.0	0.0	0.0	0.0	0.0	0.1	0.0	0.0	0.0	0.0	0.0	0.0	0.0	0.0	
Pied-billed Grebe	0.25	0.0	0.2	0.2857142857142857	0.0	0.09090909090909091	0.15384615384615385	0.5	0.08333333333333333	0.0	0.0	0.0	0.125	0.0	0.0	0.0	0.0	0.0	0.0	0.0	0.0	0.0	0.0	0.75	0.3333333333333333	0.4	0.5	0.3	0.6	0.5	0.2857142857142857	1.0	0.875	0.5555555555555556	0.7777777777777778	0.6153846153846154	0.25	1.0	0.6666666666666666	0.6	0.6666666666666666	0.45454545454545453	0.36363636363636365	0.3333333333333333	0.25	0.2	0.0	0.3333333333333333	
Horned Grebe	0.25	0.0	0.2	0.14285714285714285	0.0	0.0	0.0	0.5	0.08333333333333333	0.14285714285714285	0.0	0.0	0.0	0.0	0.0	0.0	0.0	0.0	0.0	0.0	0.0	0.0	0.0	0.0	0.0	0.0	0.0	0.0	0.0	0.0	0.0	0.0	0.0	0.0	0.1111111111111111	0.38461538461538464	0.25	0.0	0.1111111111111111	0.2	0.5	0.18181818181818182	0.18181818181818182	0.5555555555555556	0.5	0.2	0.0	0.0	
Red-necked Grebe	0.0	0.0	0.0	0.14285714285714285	0.0	0.0	0.0	0.0	0.0	0.0	0.0	0.0	0.0	0.0	0.0	0.0	0.0	0.0	0.0	0.0	0.0	0.0	0.0	0.0015	0.0	0.0	0.0	0.0	0.0	0.0	0.0	0.0	0.0	0.0	0.0	0.0	0.0	0.0	0.1111111111111111	0.0	0.0	0.0	0.0	0.0	0.0	0.0	0.0	0.0	
Eared Grebe	0.0	0.0	0.0	0.0	0.0	0.0	0.0	0.0	0.0	0.0	0.0	0.0	0.0	0.0	0.0	0.0	0.0	0.0	0.0	0.0	0.0	0.0	0.0	0.0	0.0	0.0	0.0	0.0	0.0	0.0	0.0	0.0	0.0	0.0	0.0	0.0	0.125	0.0	0.1111111111111111	0.0	0.16666666666666666	0.18181818181818182	0.0	0.0	0.25	0.0	0.0	0.0	
Western Grebe	0.0	0.0	0.0	0.0	0.0	0.0	0.0	0.25	0.0	0.0	0.0	0.0	0.0	0.0	0.0	0.0	0.0	0.0	0.0	0.0	0.0	0.0	0.0	0.0	0.0	0.0	0.0	0.0	0.0	0.0	0.0	0.0	0.0	0.0	0.1111111111111111	0.07692307692307693	0.125	0.0	0.1111111111111111	0.0	0.3333333333333333	0.18181818181818182	0.09090909090909091	0.1111111111111111	0.25	0.0	0.0	0.0	
Rock Pigeon	0.0	0.0	0.0	0.0	0.0	0.0	0.0	0.0	0.0	0.0	0.0	0.0	0.0	0.0	0.0	0.0	0.0	0.0	0.0	0.0	0.0	0.0	0.0	0.0	0.0	0.0	0.0	0.0	0.0	0.0	0.0	0.0	0.0	0.0	0.0	0.0	0.125	0.0	0.0	0.0	0.0	0.0	0.0	0.0	0.0	0.0	0.0	0.0	
Band-tailed Pigeon	0.0	0.0	0.0	0.0	0.0	0.0	0.0	0.0	0.0	0.0	0.0	0.0	0.0	0.0	0.0	0.0	0.0	0.0	0.0	0.0	0.0	0.0	0.0	0.0	0.3333333333333333	0.0	0.0	0.0	0.0	0.0	0.0	0.0	0.0	0.0	0.0	0.0	0.0	0.0	0.0	0.0	0.0	0.0	0.0	0.0	0.0	0.0	0.0	0.0	
Eurasian Collared-Dove	0.0	0.0	0.2	0.0	0.0	0.0	0.0	0.0	0.16666666666666666	0.0	0.0	0.08333333333333333	0.125	0.0	0.0	0.0	0.0	0.0	0.16666666666666666	0.25	0.0	0.0	0.2857142857142857	0.0	0.0	0.0	0.6666666666666666	0.0	0.4	0.25	0.0	0.2	0.25	0.1111111111111111	0.1111111111111111	0.15384615384615385	0.125	0.0	0.0	0.0	0.0	0.09090909090909091	0.0	0.1111111111111111	0.125	0.0	0.0	0.3333333333333333	
Mourning Dove	0.0	0.0	0.0	0.0	0.0	0.0	0.07692307692307693	0.0015	0.0	0.0	0.0	0.0	0.0	0.0	0.0	0.0	0.0	0.0	0.0	0.0	0.0	0.0	0.2857142857142857	0.25	0.0	0.2	0.16666666666666666	0.1	0.0	0.0	0.14285714285714285	0.0	0.0	0.2222222222222222	0.0	0.0	0.0	0.0	0.0	0.1	0.0	0.0	0.0	0.0	0.0	0.0	0.0	0.0	
Vaux's Swift	0.0	0.0	0.0	0.0	0.0	0.0	0.0	0.0	0.0	0.0	0.0	0.0	0.0	0.0	0.0	0.0	0.0	0.0	0.0	0.0	0.0	0.0	0.0	0.0	0.0	0.0	0.0	0.0	0.0	0.25	0.0	0.0	0.0	0.0	0.0	0.0	0.0	0.0	0.0	0.0	0.0	0.0	0.0	0.0	0.0	0.0	0.0	0.0	
Anna's Hummingbird	0.0	0.3333333333333333	0.0	0.0	0.0	0.18181818181818182	0.15384615384615385	0.0	0.08333333333333333	0.14285714285714285	0.2857142857142857	0.08333333333333333	0.125	0.5	0.2222222222222222	0.2	0.4	0.25	0.16666666666666666	0.0	0.0	0.0	0.0	0.0	0.0	0.0	0.0	0.0	0.2	0.0	0.0	0.0	0.5	0.1111111111111111	0.0	0.07692307692307693	0.125	0.0	0.0	0.0	0.3333333333333333	0.0	0.0	0.0	0.25	0.2	0.0	0.0	
Rufous Hummingbird	0.0	0.0	0.0	0.0	0.0	0.0	0.0	0.0	0.0	0.0	0.0	0.08333333333333333	0.125	0.25	0.0	0.0	0.6	0.25	0.16666666666666666	0.0	0.0	0.0	0.42857142857142855	0.0	0.0	0.0	0.0	0.0	0.0	0.0	0.0	0.0	0.0	0.0	0.0	0.0	0.0	0.0	0.0	0.0	0.0	0.0	0.0	0.0	0.0	0.0	0.0	0.0	
hummingbird sp.	0.0	0.0	0.0	0.0	0.0	0.0	0.0	0.0	0.0	0.0	0.0	0.08333333333333333	0.0	0.0	0.0	0.0	0.0	0.0	0.0	0.0	0.0	0.5	0.14285714285714285	0.0	0.0	0.0	0.0	0.0	0.0	0.0	0.0	0.0	0.0	0.0	0.0	0.0	0.0	0.0	0.0	0.0	0.0	0.0	0.0	0.0	0.0	0.0	0.0	0.0	
Virginia Rail	0.0	0.0	0.0	0.0	0.0	0.18181818181818182	0.0	0.25	0.08333333333333333	0.0	0.0	0.0	0.0	0.0	0.0	0.2	0.0015	0.25	0.16666666666666666	0.25	0.0	0.0	0.2857142857142857	0.0	0.6666666666666666	0.4	0.16666666666666666	0.0	0.4	0.25	0.14285714285714285	0.2	0.125	0.2222222222222222	0.2222222222222222	0.15384615384615385	0.125	0.0	0.4444444444444444	0.0	0.0	0.09090909090909091	0.0	0.2222222222222222	0.0	0.0	0.0	0.0	
American Coot	0.5	0.0	0.2	0.2857142857142857	0.3333333333333333	0.18181818181818182	0.07692307692307693	0.0	0.0	0.0	0.14285714285714285	0.0	0.125	0.0	0.0	0.0	0.0	0.0	0.0	0.0	0.0	0.0	0.0	0.0	0.0	0.0	0.0	0.0	0.0	0.0	0.0	0.6	0.25	0.1111111111111111	0.2222222222222222	0.6153846153846154	0.375	1.0	0.1111111111111111	0.2	0.16666666666666666	0.5454545454545454	0.36363636363636365	0.2222222222222222	0.625	0.4	1.0	0.0	
Black Oystercatcher	0.0	0.0	0.0	0.0	0.0	0.0	0.0	0.0	0.0	0.0	0.0	0.0	0.125	0.0	0.0	0.0	0.0	0.0	0.0	0.0	0.0	0.0	0.0	0.0	0.0	0.0	0.0	0.0	0.0	0.0	0.0	0.0	0.0	0.0	0.0	0.0	0.0	0.0	0.0	0.0	0.0	0.0	0.0	0.0	0.0	0.0	0.0	0.0	
Black-bellied Plover	0.0	0.0	0.0	0.0	0.0	0.0	0.0	0.0	0.0	0.0	0.0	0.0	0.0	0.0	0.0	0.0	0.0	0.0	0.16666666666666666	0.0	0.0	0.0	0.0	0.0	0.0	0.0	0.0	0.0	0.0	0.0	0.0	0.0	0.0	0.0	0.0	0.0	0.0	0.0	0.0	0.0	0.0	0.0	0.0	0.0	0.0	0.0	0.0	0.0	
Semipalmated Plover	0.0	0.0	0.0	0.0	0.0	0.0	0.0	0.0	0.0	0.0	0.0	0.0	0.0	0.0	0.0	0.0	0.0	0.0	0.0	0.0	0.0	0.0	0.0	0.0	0.0	0.0	0.0	0.0	0.0	0.0	0.0	0.0	0.25	0.0	0.0	0.0	0.0	0.0	0.0	0.0	0.0	0.0	0.0	0.0	0.125	0.0	0.0	0.0	
Killdeer	0.0	0.3333333333333333	0.2	0.14285714285714285	0.0	0.2727272727272727	0.07692307692307693	0.25	0.08333333333333333	0.0	0.0	0.08333333333333333	0.25	0.25	0.2222222222222222	0.4	0.6	0.25	0.3333333333333333	0.25	0.0	0.0	0.42857142857142855	0.25	0.6666666666666666	0.8	0.6666666666666666	0.2	0.6	0.75	0.14285714285714285	0.4	0.625	0.4444444444444444	0.5555555555555556	0.6923076923076923	0.625	1.0	0.4444444444444444	0.2	0.16666666666666666	0.18181818181818182	0.0	0.0	0.25	0.0	0.0	0.3333333333333333	
Dunlin	0.0015	0.3333333333333333	0.2	0.0	0.0	0.09090909090909091	0.0	0.0	0.0	0.0	0.14285714285714285	0.0	0.0	0.0	0.1111111111111111	0.0	0.0015	0.0	0.0	0.0	0.0	0.0	0.0	0.0	0.0	0.0	0.0	0.0	0.0	0.0	0.0	0.0	0.0	0.0	0.0	0.0	0.0	0.0	0.0	0.0	0.3333333333333333	0.18181818181818182	0.09090909090909091	0.3333333333333333	0.25	0.2	0.0	0.6666666666666666	
Baird's Sandpiper	0.0	0.0	0.0	0.0	0.0	0.0	0.0	0.0	0.0	0.0	0.0	0.0	0.0	0.0	0.0	0.0	0.0	0.0	0.0	0.0	0.0	0.0	0.0	0.0	0.0	0.0	0.0	0.0	0.2	0.0	0.0	0.0	0.0	0.0	0.0	0.0	0.0	0.0	0.0	0.0	0.0	0.0	0.0	0.0	0.0	0.0	0.0	0.0	
Least Sandpiper	0.0	0.0	0.0	0.0	0.0	0.0	0.0	0.0	0.0	0.0	0.0	0.0	0.0	0.0	0.1111111111111111	0.2	0.2	0.0	0.16666666666666666	0.0	0.0	0.0	0.0	0.0	0.3333333333333333	0.0	0.3333333333333333	0.0	0.4	0.0	0.14285714285714285	0.2	0.0	0.0	0.0	0.0	0.0	0.0	0.0	0.0	0.16666666666666666	0.0	0.0	0.0	0.0	0.0	0.0	0.0	
Pectoral Sandpiper	0.0	0.0	0.0	0.0	0.0	0.0	0.0	0.0	0.0	0.0	0.0	0.0	0.0	0.0	0.0	0.0	0.0	0.0	0.0	0.0	0.0	0.0	0.0	0.0	0.0	0.2	0.16666666666666666	0.0	0.0	0.0	0.0	0.0	0.0	0.0	0.1111111111111111	0.23076923076923078	0.0	0.0	0.0	0.0	0.0	0.0	0.0	0.0	0.0	0.0	0.0	0.0	
Semipalmated Sandpiper	0.0	0.0	0.0	0.0	0.0	0.0	0.0	0.0	0.0	0.0	0.0	0.0	0.0	0.0	0.0	0.0	0.0	0.0	0.0	0.0	0.0	0.0	0.0	0.0	0.0	0.0	0.16666666666666666	0.0	0.0	0.0	0.0	0.0	0.0	0.0	0.0	0.0	0.0	0.0	0.0	0.0	0.0	0.0	0.0	0.0	0.0	0.0	0.0	0.0	
Western Sandpiper	0.0	0.0	0.0	0.0	0.0	0.0	0.0	0.0	0.0	0.0	0.0	0.0	0.0	0.0	0.1111111111111111	0.2	0.0015	0.5	0.16666666666666666	0.0	0.0	0.0	0.0	0.0	0.3333333333333333	0.2	0.16666666666666666	0.0	0.4	0.25	0.2857142857142857	0.4	0.0	0.0	0.0	0.0	0.0	0.0	0.0	0.0	0.0	0.0	0.0	0.0	0.0	0.0	0.0	0.0	
peep sp.	0.0	0.3333333333333333	0.0	0.0	0.0	0.0	0.0	0.0	0.0	0.0	0.0	0.0	0.0	0.0	0.0	0.0	0.2	0.25	0.0	0.0	0.0	0.0	0.0	0.0	0.0	0.0	0.0	0.0	0.4	0.0	0.14285714285714285	0.0	0.125	0.0	0.0	0.0	0.0	0.0	0.0	0.0	0.0	0.0	0.0	0.0	0.0	0.0	0.0	0.0	
Short-billed Dowitcher	0.0	0.0	0.0	0.0	0.0	0.0	0.0	0.0	0.0	0.0	0.0	0.0	0.0	0.0	0.0	0.0	0.0	0.0	0.0	0.0	0.0	0.0	0.0	0.0	0.0	0.0	0.0	0.0	0.0	0.0	0.0	0.0	0.125	0.0	0.0	0.07692307692307693	0.0	0.0	0.0	0.0	0.0	0.0	0.0	0.0	0.0	0.0	0.0	0.0	
Long-billed Dowitcher	0.0	0.0	0.0	0.0	0.0	0.0	0.0	0.0	0.0	0.0	0.0	0.0	0.0	0.0	0.0	0.0	0.0	0.0	0.3333333333333333	0.0	0.0	0.0	0.0	0.0	0.0	0.0	0.16666666666666666	0.2	0.0	0.0	0.14285714285714285	0.0	0.0	0.0	0.0	0.07692307692307693	0.375	1.0	0.3333333333333333	0.2	0.16666666666666666	0.09090909090909091	0.0	0.2222222222222222	0.125	0.2	0.0	0.0	
Short-billed/Long-billed Dowitcher	0.0	0.0	0.0	0.0	0.0	0.0	0.0	0.0	0.0	0.0	0.0	0.0	0.0	0.0	0.0	0.0	0.0	0.25	0.0	0.0	0.0	0.0	0.0	0.0	0.0	0.0	0.0	0.0	0.0	0.0	0.0	0.0	0.0	0.0	0.0	0.0	0.0	0.0	0.0	0.1	0.3333333333333333	0.18181818181818182	0.0	0.0	0.0	0.0	0.0	0.0	
Wilson's Snipe	0.0	0.0	0.0	0.0	0.0	0.09090909090909091	0.07692307692307693	0.0	0.0	0.14285714285714285	0.0	0.0	0.125	0.0	0.2222222222222222	0.0	0.0015	0.0	0.0	0.0	0.0	0.0	0.0	0.0	0.0	0.0	0.0	0.0	0.0	0.0	0.0	0.0	0.0	0.0	0.0	0.07692307692307693	0.25	0.0	0.0	0.2	0.3333333333333333	0.09090909090909091	0.0	0.1111111111111111	0.125	0.2	0.0	0.0	
Wilson's Phalarope	0.0	0.0	0.0	0.0	0.0	0.0	0.0	0.0	0.0	0.0	0.0	0.0	0.0	0.0	0.0	0.0	0.0	0.0	0.0	0.0	0.0	0.0	0.0	0.0	0.0	0.0	0.0	0.0	0.0	0.0	0.0	0.0	0.125	0.0	0.0	0.0	0.0	0.0	0.0	0.0	0.0	0.0	0.0	0.0	0.0	0.0	0.0	0.0	
Red-necked Phalarope	0.0	0.0	0.0	0.0	0.0	0.0	0.0	0.0	0.0	0.0	0.0	0.0	0.0	0.0	0.0	0.0	0.0	0.0	0.0	0.0	0.0	0.0	0.0	0.0	0.0	0.0	0.0	0.0	0.0	0.0	0.0	0.2	0.0	0.0	0.0	0.0	0.0	0.0	0.0	0.0	0.0	0.0	0.0	0.0	0.0	0.0	0.0	0.0	
Spotted Sandpiper	0.0	0.0	0.0	0.0	0.0	0.0	0.0	0.0	0.0	0.0	0.0	0.0	0.0	0.0	0.0	0.0	0.0	0.75	0.5	0.0	0.0	0.0	0.5714285714285714	0.5	0.3333333333333333	0.2	0.0	0.0	0.0	0.0	0.0	0.2	0.125	0.1111111111111111	0.0	0.07692307692307693	0.0	0.0	0.0	0.0	0.0	0.0	0.0	0.0	0.0	0.0	0.0	0.0	
Greater Yellowlegs	0.25	0.3333333333333333	0.4	0.14285714285714285	0.3333333333333333	0.0	0.15384615384615385	0.0	0.16666666666666666	0.14285714285714285	0.2857142857142857	0.16666666666666666	0.25	0.25	0.2222222222222222	0.2	0.4	0.0	0.16666666666666666	0.0	0.0	0.0	0.0	0.0	0.3333333333333333	0.4	0.3333333333333333	0.1	0.8	0.25	0.14285714285714285	0.4	0.25	0.3333333333333333	0.1111111111111111	0.6153846153846154	0.375	1.0	0.7777777777777778	0.5	0.5	0.36363636363636365	0.09090909090909091	0.5555555555555556	0.75	0.6	0.0	0.3333333333333333	
Lesser Yellowlegs	0.0	0.0	0.0	0.0	0.0	0.0	0.0	0.0	0.0	0.0	0.0	0.0	0.125	0.0	0.1111111111111111	0.0	0.0015	0.0	0.0	0.0	0.0	0.0	0.0	0.0	0.0	0.2	0.0	0.0	0.2	0.0	0.0	0.0	0.0	0.1111111111111111	0.0	0.0	0.125	0.0	0.1111111111111111	0.0	0.0	0.0	0.0	0.0	0.0	0.0	0.0	0.0	
Greater/Lesser Yellowlegs	0.25	0.3333333333333333	0.0	0.0	0.0	0.0	0.15384615384615385	0.0	0.08333333333333333	0.0	0.0	0.0	0.125	0.25	0.1111111111111111	0.4	0.0	0.25	0.0	0.0	0.0	0.0	0.0	0.0	0.0	0.0	0.0	0.0	0.0	0.0	0.0	0.0	0.0	0.0	0.0	0.0	0.0	0.0	0.0	0.0	0.0	0.09090909090909091	0.0	0.0	0.0	0.0	0.0	0.0	
shorebird sp.	0.0	0.0	0.0	0.0	0.0	0.0	0.0	0.0	0.0	0.0	0.0	0.0	0.0	0.0	0.0	0.0	0.0	0.0	0.0	0.0	0.0	0.0	0.0	0.0	0.0	0.0	0.0	0.0	0.0	0.0	0.0	0.0	0.125	0.0	0.0	0.0	0.0	0.0	0.0	0.0	0.16666666666666666	0.09090909090909091	0.0	0.0	0.0	0.0	0.0	0.0	
Pigeon Guillemot	0.0	0.0	0.0	0.0	0.0	0.0	0.0	0.25	0.08333333333333333	0.0	0.0	0.08333333333333333	0.0	0.0	0.0	0.0	0.0	0.0	0.0	0.0	0.0	0.0	0.0	0.0	0.0	0.0	0.0	0.0	0.0	0.0	0.0	0.0	0.0	0.0	0.0	0.0	0.0	0.0	0.0	0.0	0.0	0.0	0.0	0.0	0.0	0.0	0.0	0.0	
Marbled Murrelet	0.0	0.0	0.0	0.0	0.0	0.0	0.0	0.0	0.0	0.0	0.0	0.0	0.0	0.0	0.0	0.0	0.0	0.0	0.0	0.0	0.0	0.0	0.0	0.0	0.0	0.0	0.0	0.0	0.0	0.0	0.0	0.0	0.0	0.0	0.0	0.0	0.0	0.0	0.0	0.0	0.0	0.09090909090909091	0.0	0.0	0.0	0.0	0.0	0.0	
Bonaparte's Gull	0.0	0.0	0.0	0.0	0.0	0.0	0.07692307692307693	0.0	0.0	0.0	0.0	0.0	0.125	0.0	0.0	0.0	0.0	0.25	0.0	0.0	0.0	0.0	0.0	0.0	0.0	0.0	0.0	0.0	0.0	0.0	0.0	0.0	0.0	0.1111111111111111	0.1111111111111111	0.0	0.0	0.0	0.0	0.0	0.16666666666666666	0.09090909090909091	0.09090909090909091	0.0	0.125	0.0	0.0	0.0	
Franklin's Gull	0.0	0.0	0.0	0.0	0.0	0.0	0.0	0.0	0.0	0.0	0.0	0.0	0.0	0.0	0.0	0.0	0.0	0.0	0.0	0.0	0.0	0.0	0.0	0.0	0.0	0.0	0.0	0.1	0.0	0.0	0.0	0.0	0.0	0.0	0.0	0.0	0.0	0.0	0.0	0.0	0.0	0.0	0.0	0.0	0.0	0.0	0.0	0.0	
Heermann's Gull	0.0	0.0	0.0	0.0	0.0	0.0	0.0	0.0	0.0	0.0	0.0	0.0	0.0	0.0	0.0	0.0	0.0	0.0	0.0	0.0	0.0	0.0	0.0	0.0	0.0	0.0	0.0	0.0	0.0	0.0	0.0	0.0	0.0	0.0	0.0	0.0	0.0	0.0	0.1111111111111111	0.0	0.0	0.0	0.0	0.0	0.0	0.0	0.0	0.0	
Mew Gull	0.25	0.0	0.4	0.5714285714285714	0.3333333333333333	0.18181818181818182	0.15384615384615385	0.25	0.08333333333333333	0.2857142857142857	0.14285714285714285	0.16666666666666666	0.25	0.25	0.4444444444444444	0.0	0.2	0.0	0.0	0.0	0.0	0.0	0.0	0.0	0.0	0.0	0.0	0.0	0.0	0.0	0.0	0.0	0.0	0.0	0.0	0.0	0.25	0.0	0.2222222222222222	0.5	0.0	0.2727272727272727	0.18181818181818182	0.0	0.125	0.0	0.0	0.3333333333333333	
Ring-billed Gull	0.0	0.0	0.0	0.14285714285714285	0.0	0.09090909090909091	0.0	0.0	0.0	0.0	0.0	0.0	0.0	0.0	0.0	0.2	0.0	0.25	0.0	0.25	0.0	0.0	0.2857142857142857	0.0	0.3333333333333333	0.0	0.5	0.3	0.4	0.0	0.42857142857142855	0.2	0.375	0.4444444444444444	0.4444444444444444	0.7692307692307693	0.25	1.0	0.3333333333333333	0.3	0.5	0.2727272727272727	0.0	0.1111111111111111	0.125	0.0	0.0	0.0	
California Gull	0.0	0.0	0.0	0.0	0.0	0.0	0.0	0.0	0.0	0.0	0.0	0.0	0.0	0.0	0.0	0.0	0.0	0.0	0.0	0.0	0.0	0.0	0.0	0.0	0.3333333333333333	0.2	0.16666666666666666	0.3	0.4	0.25	0.14285714285714285	0.4	0.125	0.2222222222222222	0.0	0.0	0.0	0.0	0.1111111111111111	0.1	0.0	0.0	0.0	0.0	0.0	0.0	0.0	0.0	
Iceland Gull	0.0	0.0	0.0	0.0	0.0	0.0	0.0	0.0	0.0	0.14285714285714285	0.0	0.0	0.0	0.0	0.0	0.0	0.0	0.0	0.0	0.0	0.0	0.0	0.0	0.0	0.0	0.0	0.0	0.0	0.0	0.0	0.0	0.0	0.0	0.0	0.0	0.0	0.0	0.0	0.0	0.0	0.0	0.0	0.0	0.0	0.0	0.0	0.0	0.0	
Glaucous-winged Gull	0.0	0.0	0.2	0.42857142857142855	0.0	0.2727272727272727	0.07692307692307693	0.5	0.08333333333333333	0.42857142857142855	0.0	0.16666666666666666	0.125	0.25	0.4444444444444444	0.4	0.2	1.0	0.0	0.0	0.0	0.5	0.0	0.25	0.0	0.2	0.16666666666666666	0.2	0.0	0.25	0.0	0.4	0.125	0.1111111111111111	0.2222222222222222	0.23076923076923078	0.375	0.0	0.0	0.4	0.3333333333333333	0.2727272727272727	0.18181818181818182	0.2222222222222222	0.25	0.2	0.0	0.3333333333333333	
Western x Glaucous-winged Gull (hybrid)	0.0	0.0	0.0	0.14285714285714285	0.0	0.09090909090909091	0.07692307692307693	0.0	0.08333333333333333	0.0	0.0	0.08333333333333333	0.125	0.0	0.1111111111111111	0.0	0.0	0.0	0.0	0.25	0.0	0.0	0.14285714285714285	0.0	0.0	0.0	0.0	0.0	0.0	0.0	0.14285714285714285	0.2	0.0	0.0	0.0	0.0	0.0	0.0	0.1111111111111111	0.0	0.3333333333333333	0.09090909090909091	0.0	0.0	0.125	0.0	0.0	0.0	
Western/Glaucous-winged Gull	0.0	0.0	0.0	0.0	0.0	0.09090909090909091	0.0	0.0	0.0	0.0	0.0	0.08333333333333333	0.0	0.0	0.1111111111111111	0.0	0.0	0.0	0.0	0.0	0.0	0.0	0.0	0.0	0.0	0.0	0.0	0.0	0.0	0.25	0.0	0.0	0.0	0.0	0.0	0.15384615384615385	0.0	0.0	0.1111111111111111	0.0	0.0	0.0	0.0	0.0	0.0	0.0	0.0	0.0	
Larus sp.	0.0	0.0	0.0	0.0	0.0	0.0	0.0	0.0	0.08333333333333333	0.0	0.0	0.08333333333333333	0.0	0.0	0.0	0.0	0.0	0.5	0.0	0.0	0.0	0.0	0.0	0.0	0.0	0.0	0.16666666666666666	0.0	0.0	0.0	0.0	0.0	0.0	0.1111111111111111	0.0	0.0	0.0	0.0	0.1111111111111111	0.0	0.0	0.0	0.0	0.0	0.0	0.2	0.0	0.0	
gull sp.	0.5	0.6666666666666666	0.0	0.2857142857142857	0.3333333333333333	0.09090909090909091	0.23076923076923078	0.0	0.25	0.0	0.2857142857142857	0.3333333333333333	0.25	0.5	0.3333333333333333	0.4	0.4	0.25	0.16666666666666666	0.25	0.0	0.5	0.14285714285714285	0.0	0.3333333333333333	0.0	0.0	0.3	0.4	0.25	0.2857142857142857	0.2	0.625	0.4444444444444444	0.5555555555555556	0.3076923076923077	0.0	0.0	0.0	0.1	0.3333333333333333	0.18181818181818182	0.09090909090909091	0.2222222222222222	0.125	0.2	1.0	0.3333333333333333	
Caspian Tern	0.0	0.0	0.0	0.0	0.0	0.0	0.0	0.0	0.0	0.0	0.0	0.0	0.0	0.0	0.1111111111111111	0.8	0.0	0.5	0.16666666666666666	0.25	0.0	0.5	0.14285714285714285	0.0	0.3333333333333333	0.0	0.3333333333333333	0.3	0.6	0.25	0.14285714285714285	1.0	0.375	0.2222222222222222	0.3333333333333333	0.3076923076923077	0.0	0.0	0.0	0.0	0.0	0.0	0.0	0.0	0.0	0.0	0.0	0.0	
Common Tern	0.0	0.0	0.0	0.0	0.0	0.0	0.0	0.0	0.0	0.0	0.0	0.0	0.0	0.0	0.0	0.0	0.0	0.0	0.0	0.0	0.0	0.0	0.0	0.0	0.0	0.0	0.0	0.0	0.0	0.0	0.0	0.0	0.0	0.1111111111111111	0.0	0.0	0.0	0.0	0.0	0.0	0.0	0.0	0.0	0.0	0.0	0.0	0.0	0.0	
Red-throated Loon	0.0	0.0	0.0	0.14285714285714285	0.0015	0.0	0.0	0.0	0.16666666666666666	0.0	0.0	0.08333333333333333	0.0	0.0	0.0	0.0	0.0	0.0	0.0	0.0	0.0	0.0	0.0	0.0	0.0	0.0	0.0	0.0	0.0	0.0	0.0	0.0	0.0	0.0	0.0	0.0	0.0	0.0	0.0	0.0	0.0	0.0	0.0	0.0	0.125	0.0	0.0	0.0	
Pacific Loon	0.0	0.0	0.0	0.0	0.0	0.0	0.0	0.0	0.0	0.0	0.0	0.0	0.0	0.0	0.0	0.0	0.0	0.0	0.0	0.0	0.0	0.0	0.0	0.0	0.0	0.0	0.0	0.0	0.0	0.0	0.0	0.0	0.0	0.0	0.0	0.0	0.0	0.0	0.0	0.0	0.0	0.09090909090909091	0.0	0.0	0.0	0.0	0.0	0.0	
Common Loon	0.0	0.0	0.0	0.0	0.0	0.0	0.0	0.25	0.25	0.0	0.0	0.08333333333333333	0.0	0.0	0.1111111111111111	0.0	0.0	0.0	0.16666666666666666	0.0	0.0	0.0	0.0	0.25	0.0	0.0	0.0	0.0	0.0	0.0	0.0	0.0	0.0	0.0	0.1111111111111111	0.23076923076923078	0.25	0.0	0.1111111111111111	0.0	0.16666666666666666	0.0	0.0	0.0	0.0	0.0	0.0	0.0	
Double-crested Cormorant	0.0	0.6666666666666666	0.6	0.8571428571428571	0.0	0.09090909090909091	0.3076923076923077	0.25	0.25	0.2857142857142857	0.2857142857142857	0.25	0.0	0.0	0.3333333333333333	0.0	0.0	0.0	0.0	0.0	0.0	0.0	0.14285714285714285	0.0	0.3333333333333333	0.0	0.0	0.1	0.2	0.0	0.14285714285714285	0.0	0.5	0.2222222222222222	0.5555555555555556	0.46153846153846156	0.5	0.0	0.3333333333333333	0.2	0.5	0.45454545454545453	0.18181818181818182	0.5555555555555556	0.375	0.6	0.0	0.3333333333333333	
cormorant sp.	0.0	0.0	0.0	0.0	0.0	0.0	0.0	0.0	0.0	0.14285714285714285	0.0	0.16666666666666666	0.0	0.0	0.0	0.0	0.0	0.25	0.0	0.0	0.0	0.0	0.0	0.0	0.0	0.0	0.16666666666666666	0.0	0.0	0.25	0.14285714285714285	0.0	0.0	0.1111111111111111	0.1111111111111111	0.07692307692307693	0.0	0.0	0.0	0.1	0.16666666666666666	0.18181818181818182	0.09090909090909091	0.1111111111111111	0.0	0.4	0.0	0.0	
Great Blue Heron	0.75	1.0	0.8	0.7142857142857143	1.0	0.8181818181818182	0.8461538461538461	0.75	0.8333333333333334	0.8571428571428571	0.7142857142857143	0.6666666666666666	1.0	1.0	0.7777777777777778	1.0	0.8	0.75	0.5	0.75	0.0	1.0	1.0	0.75	1.0	0.8	0.8333333333333334	0.9	0.8	0.75	0.7142857142857143	1.0	0.75	1.0	1.0	0.9230769230769231	0.75	1.0	0.7777777777777778	0.9	1.0	0.7272727272727273	0.7272727272727273	0.8888888888888888	1.0	1.0	1.0	1.0	
Great Egret	0.0015	0.0	0.0	0.0	0.0	0.0	0.0	0.0	0.0	0.0	0.0	0.0	0.375	0.0	0.0	0.0	0.0	0.0	0.0	0.0	0.0	0.0	0.0	0.0	0.0	0.0	0.0	0.0	0.0	0.0	0.0	0.0	0.125	0.0	0.0	0.0	0.0	0.0	0.0	0.0	0.0	0.0	0.0	0.0	0.0015	0.2	0.0	0.0	
Turkey Vulture	0.0	0.0	0.0	0.0	0.0	0.0	0.0	0.0	0.0	0.0	0.0	0.16666666666666666	0.0	0.0015	0.1111111111111111	0.0	0.0	0.25	0.16666666666666666	0.0	0.0	0.5	0.0	0.0	0.0	0.2	0.3333333333333333	0.1	0.2	0.0	0.0	0.2	0.25	0.3333333333333333	0.2222222222222222	0.15384615384615385	0.125	0.0	0.0	0.0	0.0	0.0	0.0	0.0	0.0	0.0	0.0	0.0	
Osprey	0.0	0.0	0.0	0.0	0.0	0.0	0.0	0.0	0.0	0.0	0.0	0.0	0.0	0.25	0.3333333333333333	0.6	0.2	0.25	0.3333333333333333	0.25	0.0	0.0	0.14285714285714285	0.25	1.0	0.6	0.3333333333333333	0.5	0.4	0.75	0.42857142857142855	0.8	0.5	0.4444444444444444	0.4444444444444444	0.38461538461538464	0.0	0.0	0.0	0.0	0.0	0.09090909090909091	0.0	0.0	0.0	0.0	0.0	0.0	
Northern Harrier	0.0	0.0	0.4	0.0	0.3333333333333333	0.0	0.0	0.0	0.4166666666666667	0.0	0.0	0.0	0.0	0.25	0.1111111111111111	0.0	0.0	0.0	0.0	0.25	0.0	0.0	0.14285714285714285	0.0	0.0	0.0	0.16666666666666666	0.1	0.0	0.0	0.2857142857142857	0.4	0.125	0.0	0.1111111111111111	0.23076923076923078	0.25	1.0	0.1111111111111111	0.4	0.16666666666666666	0.45454545454545453	0.09090909090909091	0.2222222222222222	0.25	0.0	0.0	0.0	
Sharp-shinned Hawk	0.0	0.0	0.0	0.0	0.0	0.0	0.0	0.0	0.0	0.0	0.0	0.0	0.0	0.0	0.0	0.0	0.0	0.0	0.0	0.0	0.0	0.0	0.0	0.0	0.0	0.0	0.0	0.1	0.0	0.0	0.0	0.0	0.0	0.0	0.0	0.0	0.0	0.0	0.0	0.0	0.0	0.18181818181818182	0.0	0.0	0.0	0.0	0.0	0.0	
Cooper's Hawk	0.0	0.0	0.0	0.0	0.0	0.0	0.0	0.0	0.0	0.0	0.0	0.0	0.0	0.0	0.0	0.0	0.0	0.0	0.0	0.0	0.0	0.0	0.0	0.0	0.0	0.0	0.0	0.0	0.0	0.0	0.0	0.0	0.0	0.0	0.0	0.0	0.125	0.0	0.0	0.1	0.0	0.0	0.0	0.0	0.125	0.0	0.0	0.0	
Accipiter sp.	0.0	0.0	0.0	0.0	0.0	0.0	0.0	0.0	0.0	0.0	0.0	0.0	0.0	0.0	0.0	0.2	0.0	0.0	0.0	0.0	0.0	0.0	0.0	0.0	0.0	0.0	0.0	0.0	0.0	0.0	0.0	0.0	0.0	0.0	0.0	0.0	0.0	0.0	0.0	0.0	0.0	0.0	0.0	0.0	0.0	0.0	0.0	0.0	
Bald Eagle	0.25	0.6666666666666666	0.2	0.5714285714285714	0.3333333333333333	0.5454545454545454	0.6923076923076923	0.0015	0.4166666666666667	0.5714285714285714	0.14285714285714285	0.4166666666666667	0.5	0.5	0.6666666666666666	0.8	0.8	0.75	0.5	0.5	0.0	0.0	0.5714285714285714	0.25	0.3333333333333333	0.8	0.8333333333333334	0.5	0.4	0.75	0.2857142857142857	0.4	0.5	0.1111111111111111	0.0	0.5384615384615384	0.5	1.0	0.5555555555555556	0.3	0.8333333333333334	0.6363636363636364	0.18181818181818182	0.2222222222222222	0.625	0.6	1.0	0.3333333333333333	
Red-tailed Hawk	0.5	1.0	0.4	0.14285714285714285	0.3333333333333333	0.09090909090909091	0.46153846153846156	0.0015	0.25	0.42857142857142855	0.14285714285714285	0.16666666666666666	0.125	0.0	0.1111111111111111	0.2	0.4	0.5	0.0	0.25	0.0	0.0	0.2857142857142857	0.5	0.0	0.0	0.5	0.1	0.0	0.0	0.2857142857142857	0.0	0.5	0.3333333333333333	0.0	0.38461538461538464	0.25	1.0	0.2222222222222222	0.4	0.5	0.5454545454545454	0.18181818181818182	0.2222222222222222	0.5	0.4	1.0	0.0	
Rough-legged Hawk	0.0	0.3333333333333333	0.0	0.0	0.0	0.0	0.0	0.0	0.0	0.0	0.0	0.0	0.0	0.0	0.0	0.0	0.0	0.0	0.0	0.0	0.0	0.0	0.0	0.0	0.0	0.0	0.0	0.0	0.0	0.0	0.0	0.0	0.0	0.0	0.0	0.0	0.0	0.0	0.0	0.0	0.0	0.0	0.09090909090909091	0.0	0.125	0.0	0.0	0.0	
hawk sp.	0.0	0.0	0.0	0.0	0.0	0.0	0.0	0.0	0.0	0.0	0.0	0.0	0.0	0.0	0.0	0.0	0.0	0.0	0.0	0.0	0.0	0.0	0.0	0.0	0.0	0.0	0.0	0.0	0.0	0.0	0.0	0.0	0.0	0.0	0.0	0.0	0.0	0.0	0.0	0.0	0.0	0.0	0.0	0.0	0.0	0.0	0.0	0.3333333333333333	
Great Horned Owl	0.0	0.0	0.0	0.0	0.0	0.0	0.0	0.0	0.0	0.0	0.0	0.0	0.0	0.0	0.0	0.0	0.0	0.0	0.0	0.0	0.0	0.0	0.0	0.0	0.0	0.0	0.0	0.0	0.0	0.0	0.0	0.0	0.0	0.0	0.0	0.0	0.0	0.0	0.0	0.0	0.0	0.0	0.0	0.1111111111111111	0.0	0.0	0.0	0.0	
Short-eared Owl	0.0	0.0	0.0	0.0	0.0	0.0	0.0	0.0	0.0	0.0	0.0	0.0	0.0	0.0	0.0	0.0	0.0	0.0	0.0	0.0	0.0	0.0	0.0	0.0	0.0	0.0	0.0	0.0	0.0	0.0	0.0	0.0	0.0	0.0	0.0	0.0	0.0	0.0	0.0	0.1	0.0	0.0	0.0	0.0	0.125	0.0	0.0	0.0	
Belted Kingfisher	0.25	0.6666666666666666	0.0	0.5714285714285714	0.3333333333333333	0.45454545454545453	0.46153846153846156	0.5	0.16666666666666666	0.42857142857142855	0.2857142857142857	0.3333333333333333	0.5	0.5	0.6666666666666666	0.2	0.6	0.25	0.6666666666666666	0.25	0.0	0.5	0.5714285714285714	0.5	1.0	0.8	0.8333333333333334	0.3	0.4	0.5	0.14285714285714285	0.8	0.75	0.5555555555555556	0.6666666666666666	0.7692307692307693	0.5	1.0	0.2222222222222222	0.4	0.8333333333333334	0.45454545454545453	0.09090909090909091	0.6666666666666666	0.75	0.8	1.0	0.3333333333333333	
Red-breasted Sapsucker	0.0	0.0	0.0	0.0	0.0	0.0	0.0	0.0	0.0	0.0	0.0	0.0	0.0	0.0	0.0	0.2	0.0	0.0	0.0	0.0	0.0	0.0	0.14285714285714285	0.0	0.0	0.0	0.0	0.0	0.0	0.0	0.0	0.0	0.0	0.0	0.0	0.0	0.0	0.0	0.0	0.0	0.0	0.0	0.0	0.0	0.0	0.0	0.0	0.0	
Downy Woodpecker	0.0	0.0	0.0	0.0	0.0	0.0	0.0	0.0	0.0	0.0	0.0	0.0	0.0	0.0	0.0	0.0	0.0	0.0	0.0	0.0	0.0	0.0	0.0	0.0	0.0	0.0	0.0	0.0	0.0	0.0	0.0	0.4	0.0	0.1111111111111111	0.0	0.0	0.0	0.0	0.1111111111111111	0.0	0.0	0.0	0.0	0.0	0.0	0.0	0.0	0.0	
Pileated Woodpecker	0.0	0.0	0.0	0.0	0.0	0.0	0.0	0.0	0.0	0.0	0.0	0.0	0.0	0.0	0.0	0.0	0.0	0.0	0.0	0.0	0.0	0.0	0.0	0.0	0.0	0.0	0.0	0.0	0.0	0.0	0.0	0.0	0.125	0.1111111111111111	0.0	0.0	0.0	0.0	0.0	0.0	0.0	0.0	0.0	0.0	0.0	0.0	0.0	0.0	
Northern Flicker	0.0	0.0	0.0	0.14285714285714285	0.0	0.18181818181818182	0.3076923076923077	0.0	0.0	0.2857142857142857	0.0	0.08333333333333333	0.125	0.0	0.0	0.2	0.0	0.0	0.16666666666666666	0.0	0.0	0.0	0.14285714285714285	0.0	0.3333333333333333	0.0	0.16666666666666666	0.0	0.2	0.0	0.14285714285714285	0.4	0.125	0.1111111111111111	0.1111111111111111	0.38461538461538464	0.375	0.0	0.4444444444444444	0.4	0.3333333333333333	0.18181818181818182	0.09090909090909091	0.4444444444444444	0.5	0.4	0.0	0.3333333333333333	
woodpecker sp.	0.0	0.0	0.0	0.0	0.0	0.0	0.0	0.0	0.0	0.0	0.0	0.08333333333333333	0.0	0.0	0.0	0.0	0.0	0.0	0.0	0.0	0.0	0.0	0.0	0.0	0.0	0.0	0.0	0.0	0.0	0.0	0.0	0.0	0.0	0.0	0.0	0.0	0.0	0.0	0.0	0.0	0.0	0.0	0.0	0.0	0.0	0.0	0.0	0.0	
American Kestrel	0.0015	0.0	0.0	0.0	0.0	0.0	0.0	0.0	0.0	0.0	0.0	0.0	0.0	0.0	0.0	0.0	0.2	0.0	0.0	0.0	0.0	0.0	0.0	0.0	0.0	0.0	0.16666666666666666	0.0	0.0	0.0	0.0	0.0	0.0	0.0	0.0	0.07692307692307693	0.0	0.0	0.0	0.0	0.0	0.0	0.0	0.0	0.0	0.0	0.0	0.0	
Merlin	0.0	0.0	0.0	0.0	0.0	0.0	0.0	0.0	0.0	0.0	0.0	0.0	0.125	0.25	0.0	0.0	0.0	0.0	0.0	0.0	0.0015	0.0	0.0	0.0	0.0	0.0	0.0	0.0	0.0	0.0	0.0	0.0	0.0	0.0	0.1111111111111111	0.07692307692307693	0.125	0.0	0.0	0.0	0.0	0.0	0.0	0.0	0.125	0.0	0.0	0.0015	
Peregrine Falcon	0.0	0.0	0.0	0.0	0.0	0.09090909090909091	0.0	0.25	0.0	0.0	0.0	0.0	0.0	0.0	0.0	0.0	0.0	0.0	0.0	0.0	0.0	0.0	0.0	0.25	0.0	0.0	0.0	0.0015	0.0	0.0	0.0	0.0	0.0	0.0	0.0	0.0	0.0	0.0	0.0	0.0	0.0	0.0	0.0	0.0	0.125	0.0	0.0	0.0	
Olive-sided Flycatcher	0.0	0.0	0.0	0.0	0.0	0.0	0.0	0.0	0.0	0.0	0.0	0.0	0.0	0.0	0.0	0.0	0.0	0.0	0.0	0.0	0.0	0.0	0.0	0.0	0.0	0.0	0.16666666666666666	0.0	0.0	0.0	0.0	0.0	0.0	0.0	0.0	0.0	0.0	0.0	0.0	0.0	0.0	0.0	0.0	0.0	0.0	0.0	0.0	0.0	
Western Wood-Pewee	0.0	0.0	0.0	0.0	0.0	0.0	0.0	0.0	0.0	0.0	0.0	0.0	0.0	0.0	0.0	0.0	0.0	0.0	0.0	0.0	0.0	0.0	0.0	0.0	0.0	0.0	0.0	0.2	0.2	0.0	0.0	0.2	0.0	0.0	0.0	0.0	0.0	0.0	0.0	0.0	0.0	0.0	0.0	0.0	0.0	0.0	0.0	0.0	
Willow Flycatcher	0.0	0.0	0.0	0.0	0.0	0.0	0.0	0.0	0.0	0.0	0.0	0.0	0.0	0.0	0.0	0.0	0.0	0.0	0.0	0.0	0.0	0.0	0.14285714285714285	0.0	0.0	0.0	0.0	0.0	0.2	0.0	0.0	0.4	0.125	0.0	0.0	0.0	0.0	0.0	0.0	0.0	0.0	0.0	0.0	0.0	0.0	0.0	0.0	0.0	
Northern Shrike	0.0	0.0	0.0	0.2857142857142857	0.0015	0.0	0.0	0.0	0.0	0.14285714285714285	0.0	0.0	0.0	0.0	0.0	0.0	0.0	0.0	0.0	0.0	0.0	0.0	0.0	0.0	0.0	0.0	0.0	0.0	0.0	0.0	0.0	0.0	0.0	0.0	0.0	0.0	0.0	0.0	0.3333333333333333	0.0	0.16666666666666666	0.09090909090909091	0.0	0.0	0.0	0.0	0.0	0.0	
Hutton's Vireo	0.0	0.0	0.0	0.0	0.0	0.0	0.0	0.0015	0.0	0.0	0.0	0.0	0.0	0.0	0.0	0.0	0.0	0.0	0.0	0.0	0.0	0.0	0.0	0.0	0.0	0.0	0.0	0.0	0.0	0.0	0.0	0.0	0.0	0.0	0.0	0.07692307692307693	0.0	0.0	0.0	0.0	0.0	0.0	0.0	0.0	0.125	0.0	0.0	0.0	
Warbling Vireo	0.0	0.0	0.0	0.0	0.0	0.0	0.0	0.0	0.0	0.0	0.0	0.0	0.0	0.0	0.0	0.0	0.0	0.0	0.0	0.0	0.0	0.0	0.0	0.0	0.3333333333333333	0.0	0.0	0.0	0.0	0.0	0.0	0.0	0.25	0.0	0.0	0.0	0.0	0.0	0.0	0.0	0.0	0.0	0.0	0.0	0.0	0.0	0.0	0.0	
Steller's Jay	0.0	0.0	0.0	0.0	0.0	0.0	0.07692307692307693	0.0	0.0	0.0	0.0	0.0	0.125	0.0	0.0	0.0	0.0	0.0	0.0	0.0	0.0	0.0	0.0	0.0	0.0	0.0	0.0	0.0	0.0	0.0	0.14285714285714285	0.0	0.0	0.1111111111111111	0.0	0.0	0.125	1.0	0.0	0.0	0.0	0.09090909090909091	0.0	0.0	0.125	0.0	0.0	0.0	
American Crow	0.0	0.3333333333333333	0.2	0.14285714285714285	0.6666666666666666	0.09090909090909091	0.23076923076923078	0.0015	0.08333333333333333	0.2857142857142857	0.0	0.25	0.125	0.0	0.1111111111111111	0.2	0.0	0.0	0.3333333333333333	0.25	0.0	0.0	0.2857142857142857	0.25	0.0	0.4	0.16666666666666666	0.1	0.6	0.25	0.2857142857142857	0.0	0.25	0.2222222222222222	0.0	0.3076923076923077	0.25	1.0	0.1111111111111111	0.7	0.0	0.18181818181818182	0.09090909090909091	0.0	0.375	0.0	0.0	0.3333333333333333	
Northwestern Crow	0.0	0.0	0.0	0.0	0.0	0.0	0.0	0.25	0.08333333333333333	0.14285714285714285	0.0	0.0	0.25	0.0	0.0	0.0	0.0	0.0	0.0	0.0	0.0	0.0	0.0	0.0	0.0	0.0	0.0	0.0	0.0	0.0	0.0	0.0	0.0	0.1111111111111111	0.0	0.0	0.0	0.0	0.0	0.1	0.0	0.0	0.0	0.0	0.0	0.2	0.0	0.0	
American/Northwestern Crow	0.0	0.3333333333333333	0.0	0.0	0.0	0.09090909090909091	0.15384615384615385	0.0	0.0	0.0	0.2857142857142857	0.08333333333333333	0.375	0.25	0.4444444444444444	0.4	0.6	0.0	0.0	0.0	0.0	0.0	0.2857142857142857	0.0	0.3333333333333333	0.0	0.16666666666666666	0.4	0.0	0.0	0.2857142857142857	0.2	0.5	0.3333333333333333	0.4444444444444444	0.3076923076923077	0.25	0.0	0.2222222222222222	0.0	0.3333333333333333	0.18181818181818182	0.0	0.2222222222222222	0.0	0.2	0.0	0.0	
Common Raven	0.0	0.3333333333333333	0.2	0.0	0.0	0.0	0.07692307692307693	0.0	0.0	0.0	0.0	0.0	0.0	0.0	0.1111111111111111	0.0	0.0	0.0	0.0	0.25	0.0	0.0	0.0	0.0	0.0	0.0	0.0	0.2	0.0	0.0	0.0	0.2	0.125	0.2222222222222222	0.0	0.23076923076923078	0.0	0.0	0.0	0.3	0.16666666666666666	0.18181818181818182	0.0	0.0	0.375	0.2	0.0	0.3333333333333333	
Northern Rough-winged Swallow	0.0	0.0	0.0	0.0	0.0	0.0	0.0	0.0	0.0	0.0	0.0	0.0	0.0	0.25	0.2222222222222222	0.2	0.0	0.25	0.0	0.25	0.0	0.0	0.2857142857142857	0.0	0.0	0.0015	0.16666666666666666	0.0	0.2	0.0	0.0	0.2	0.0	0.0	0.0	0.0	0.0	0.0	0.0	0.0	0.0	0.0	0.0	0.0	0.0	0.0	0.0	0.0	
Tree Swallow	0.0	0.0	0.0	0.0	0.0	0.0	0.0	0.0	0.16666666666666666	0.0	0.14285714285714285	0.25	0.125	0.5	0.5555555555555556	0.6	0.4	0.75	0.8333333333333334	0.75	0.0	0.5	0.5714285714285714	0.75	1.0	0.4	0.3333333333333333	0.4	0.4	0.0	0.0	0.0	0.0	0.0	0.0	0.0	0.0	0.0	0.0	0.0	0.0	0.0	0.0	0.0	0.0	0.0	0.0	0.0	
Violet-green Swallow	0.0	0.0	0.0	0.0	0.0	0.0	0.0	0.0	0.0	0.0	0.0	0.16666666666666666	0.125	0.75	0.3333333333333333	0.4	0.6	0.75	0.8333333333333334	0.25	0.0	1.0	0.2857142857142857	0.25	0.6666666666666666	0.8	0.5	0.2	0.4	0.0	0.0	0.2	0.0	0.1111111111111111	0.0	0.0	0.0	0.0	0.0	0.0	0.0	0.0	0.0	0.0	0.0	0.0	0.0	0.0	
Tree/Violet-green Swallow	0.0	0.0	0.0	0.0	0.0	0.0	0.0	0.0	0.0	0.14285714285714285	0.0	0.0	0.0	0.0	0.0	0.0	0.0	0.0	0.0	0.0	0.0	0.0	0.0	0.0	0.0	0.2	0.0	0.0	0.0	0.0	0.0	0.0	0.0	0.0	0.0	0.0	0.0	0.0	0.0	0.0	0.0	0.0	0.0	0.0	0.0	0.0	0.0	0.0	
Barn Swallow	0.0	0.0	0.0	0.0	0.0	0.0	0.0	0.0	0.0	0.0	0.0	0.0	0.0	0.5	0.5555555555555556	1.0	0.8	0.75	1.0	1.0	0.0	1.0	1.0	0.75	1.0	1.0	1.0	0.9	0.8	1.0	1.0	1.0	0.875	0.2222222222222222	0.2222222222222222	0.07692307692307693	0.125	0.0	0.0	0.0	0.0	0.0	0.0	0.0	0.0	0.0	0.0	0.0	
Cliff Swallow	0.0	0.0	0.0	0.0	0.0	0.0	0.0	0.0	0.0	0.0	0.0	0.0	0.0	0.0	0.2222222222222222	0.2	0.0	0.25	0.16666666666666666	0.25	0.0	0.0	0.14285714285714285	0.25	0.0	0.0	0.16666666666666666	0.1	0.0	0.0	0.0	0.0	0.0	0.0	0.0	0.0	0.0	0.0	0.0	0.0	0.0	0.0	0.0	0.0	0.0	0.0	0.0	0.0	
swallow sp.	0.0	0.0	0.0	0.0	0.0	0.0	0.0	0.0	0.0	0.0	0.0	0.08333333333333333	0.25	0.5	0.2222222222222222	0.6	0.2	0.25	0.16666666666666666	0.0	0.0	0.0	0.14285714285714285	0.25	0.0	0.0	0.0	0.0	0.2	0.0	0.0	0.0	0.0	0.1111111111111111	0.1111111111111111	0.0	0.0	0.0	0.0	0.0	0.0	0.0	0.0	0.0	0.0	0.0	0.0	0.0	
Black-capped Chickadee	0.0	0.3333333333333333	0.0	0.0	0.0	0.0	0.07692307692307693	0.0	0.0	0.14285714285714285	0.0	0.0	0.0	0.0	0.0	0.0	0.0	0.0	0.0	0.0	0.0	0.0	0.14285714285714285	0.0	0.0	0.0	0.0	0.0	0.2	0.25	0.0	0.2	0.375	0.1111111111111111	0.0	0.15384615384615385	0.125	0.0	0.0	0.1	0.16666666666666666	0.0	0.0	0.0	0.125	0.2	0.0	0.3333333333333333	
Chestnut-backed Chickadee	0.0	0.3333333333333333	0.0	0.0	0.0	0.0	0.07692307692307693	0.0015	0.0	0.0	0.0	0.0	0.0	0.0	0.0	0.0	0.0	0.0	0.0	0.0	0.0	0.0	0.14285714285714285	0.0	0.0	0.0	0.16666666666666666	0.0	0.0	0.0	0.0	0.4	0.125	0.0	0.0	0.15384615384615385	0.0	0.0	0.0	0.0	0.16666666666666666	0.0	0.0	0.0	0.0	0.2	0.0	0.0	
Bushtit	0.0	0.0	0.0	0.0	0.0	0.0	0.0	0.0	0.0	0.0	0.0	0.0	0.0	0.0	0.0	0.0	0.0	0.0	0.0	0.0	0.0	0.0	0.2857142857142857	0.0	0.0	0.0	0.0	0.0	0.0	0.0	0.0	0.0	0.0	0.0	0.0	0.0	0.0	0.0	0.0	0.0	0.16666666666666666	0.0	0.0	0.0	0.0	0.0	0.0	0.0	
House Wren	0.0	0.0	0.0	0.0	0.0	0.0	0.0	0.0	0.0	0.0	0.0	0.0	0.0	0.0	0.0	0.0	0.0	0.0	0.16666666666666666	0.0	0.0	0.0	0.0	0.0	0.0	0.0	0.0	0.0	0.0	0.0	0.0	0.0	0.0	0.1111111111111111	0.0	0.0	0.0	0.0	0.0	0.0	0.0	0.0	0.0	0.0	0.0	0.0	0.0	0.0	
Pacific Wren	0.0	0.3333333333333333	0.0	0.0	0.0	0.0	0.0	0.0	0.0	0.0	0.0	0.0	0.0	0.0	0.0	0.0	0.0	0.0	0.0	0.0	0.0	0.0	0.0	0.0	0.0	0.0	0.0	0.0	0.0	0.0	0.0	0.0	0.0	0.0	0.0	0.0	0.0	0.0	0.0	0.0	0.0	0.09090909090909091	0.0	0.0	0.125	0.0	0.0	0.0	
Marsh Wren	0.0	0.0	0.0	0.14285714285714285	0.0	0.36363636363636365	0.15384615384615385	0.25	0.08333333333333333	0.7142857142857143	0.2857142857142857	0.4166666666666667	0.25	0.5	0.4444444444444444	1.0	0.4	1.0	1.0	0.25	0.0	1.0	1.0	0.25	1.0	0.4	0.5	0.0	0.2	0.25	0.0	0.2	0.125	0.1111111111111111	0.0	0.38461538461538464	0.125	1.0	0.5555555555555556	0.2	0.3333333333333333	0.18181818181818182	0.2727272727272727	0.2222222222222222	0.75	0.4	0.0	0.0	
Bewick's Wren	0.0	0.3333333333333333	0.0	0.0	0.0	0.09090909090909091	0.0	0.0	0.0	0.0	0.0	0.0	0.125	0.25	0.1111111111111111	0.2	0.0015	0.25	0.16666666666666666	0.0	0.0	0.0	0.0	0.0	0.0	0.0	0.3333333333333333	0.0	0.0	0.0	0.0	0.2	0.0	0.1111111111111111	0.0	0.0	0.125	0.0	0.1111111111111111	0.1	0.3333333333333333	0.18181818181818182	0.0	0.0	0.375	0.0	0.0	0.0	
Golden-crowned Kinglet	0.0	0.0	0.0	0.0	0.0	0.0	0.07692307692307693	0.0	0.0	0.0	0.0	0.0	0.0	0.0	0.0	0.0	0.0	0.0	0.0	0.0	0.0	0.0	0.0	0.0	0.0	0.0	0.0	0.0	0.0	0.0	0.0	0.0	0.0	0.0	0.0	0.0	0.0	0.0	0.0	0.0	0.16666666666666666	0.09090909090909091	0.0	0.0	0.25	0.0	0.0	0.0	
Ruby-crowned Kinglet	0.0015	0.0	0.0	0.0	0.0	0.0	0.07692307692307693	0.0	0.0	0.0	0.0	0.0	0.0	0.0	0.0	0.0	0.0	0.0	0.0	0.0	0.0	0.0	0.0	0.0	0.0	0.0	0.0	0.0	0.0	0.0	0.0	0.0	0.0	0.0	0.0	0.0	0.0	0.0	0.2222222222222222	0.0	0.16666666666666666	0.0	0.0	0.0	0.25	0.0	0.0	0.0	
Varied Thrush	0.0	0.3333333333333333	0.0	0.0	0.0	0.09090909090909091	0.07692307692307693	0.0	0.0	0.0	0.0	0.0	0.0	0.0	0.0	0.0	0.0	0.0	0.0	0.0	0.0	0.0	0.0	0.0	0.0	0.0	0.0	0.0	0.0	0.0	0.0	0.0	0.0	0.0	0.0	0.0	0.0	0.0	0.0	0.0	0.0	0.0	0.0	0.0	0.125	0.0	0.0	0.0	
Swainson's Thrush	0.0	0.0	0.0	0.0	0.0	0.0	0.0	0.0	0.0	0.0	0.0	0.0	0.0	0.0	0.0	0.0	0.0	0.0	0.0	0.0	0.0	0.0	0.2857142857142857	0.0	0.6666666666666666	0.2	0.5	0.1	0.2	0.0	0.0	0.2	0.125	0.1111111111111111	0.0	0.07692307692307693	0.0	0.0	0.0	0.0	0.0	0.0	0.0	0.0	0.0	0.0	0.0	0.0	
American Robin	0.0	0.3333333333333333	0.0	0.0	0.0	0.09090909090909091	0.23076923076923078	0.0	0.08333333333333333	0.2857142857142857	0.5714285714285714	0.25	0.625	0.0	0.1111111111111111	0.6	0.4	0.5	0.5	0.25	0.0	1.0	0.2857142857142857	0.0	0.0	0.0	0.3333333333333333	0.4	0.4	0.5	0.14285714285714285	0.4	0.5	0.3333333333333333	0.0	0.3076923076923077	0.375	0.0	0.3333333333333333	0.2	0.3333333333333333	0.09090909090909091	0.0	0.0	0.5	0.4	0.0	0.0	
European Starling	0.0	0.0	0.2	0.42857142857142855	0.3333333333333333	0.2727272727272727	0.15384615384615385	0.25	0.16666666666666666	0.2857142857142857	0.2857142857142857	0.08333333333333333	0.125	0.25	0.5555555555555556	0.8	0.4	0.5	0.16666666666666666	0.5	0.0	0.5	0.7142857142857143	0.75	0.3333333333333333	0.4	0.6666666666666666	0.6	0.6	0.75	0.42857142857142855	0.4	0.625	0.0	0.5555555555555556	0.3076923076923077	0.75	1.0	0.2222222222222222	0.4	0.5	0.2727272727272727	0.18181818181818182	0.4444444444444444	0.25	0.0	0.0	0.3333333333333333	
Cedar Waxwing	0.0	0.0	0.0	0.0	0.0	0.0	0.0	0.0	0.0	0.0	0.0	0.0	0.0	0.0	0.0	0.0	0.0	0.0	0.3333333333333333	0.0	0.0	0.0	0.2857142857142857	0.0	0.0	0.2	0.3333333333333333	0.0	0.2	0.0	0.0	0.4	0.5	0.1111111111111111	0.0	0.0	0.0	0.0	0.0	0.0	0.0	0.0	0.09090909090909091	0.0	0.0	0.0	0.0	0.0	
House Finch	0.0	0.0	0.0	0.14285714285714285	0.0	0.0	0.07692307692307693	0.0015	0.0	0.14285714285714285	0.14285714285714285	0.08333333333333333	0.125	0.0	0.1111111111111111	0.2	0.2	0.0	0.16666666666666666	0.25	0.0	0.0	0.5714285714285714	0.0	0.0	0.0	0.5	0.1	0.4	0.0	0.0	0.0	0.125	0.3333333333333333	0.1111111111111111	0.23076923076923078	0.375	0.0	0.2222222222222222	0.5	0.16666666666666666	0.09090909090909091	0.18181818181818182	0.1111111111111111	0.625	0.2	0.0	0.3333333333333333	
Purple Finch	0.0	0.0	0.0	0.0	0.0	0.0	0.0	0.0	0.0	0.0	0.0	0.0	0.0	0.0	0.1111111111111111	0.0	0.0	0.0	0.0	0.0	0.0	0.0	0.0	0.0	0.0	0.0	0.0	0.0	0.0	0.0	0.0	0.0	0.0	0.0	0.0	0.0	0.0	0.0	0.0	0.0	0.0	0.0	0.0	0.0	0.125	0.0	0.0	0.0	
Red Crossbill	0.0	0.0	0.0	0.0	0.0	0.0	0.0	0.0	0.0	0.0	0.0	0.0	0.0	0.0	0.0	0.0	0.0	0.0	0.0	0.0	0.0	0.0	0.0	0.0	0.0	0.0	0.0	0.0	0.0	0.0	0.0	0.0	0.0	0.1111111111111111	0.1111111111111111	0.0	0.0	0.0	0.0	0.0	0.0	0.0	0.0	0.0	0.0	0.0	0.0	0.0	
Pine Siskin	0.0	0.0	0.0	0.0	0.0	0.0	0.0	0.0015	0.0	0.0	0.0	0.0	0.0	0.0	0.0	0.0	0.2	0.0	0.0	0.0	0.0	0.0	0.0	0.0	0.0	0.0	0.16666666666666666	0.0	0.0	0.0	0.0	0.0	0.0	0.0	0.0	0.0	0.0	0.0	0.0	0.1	0.0	0.0	0.0	0.0	0.0	0.4	0.0	0.3333333333333333	
American Goldfinch	0.0	0.0	0.0	0.0	0.0	0.0	0.0	0.0	0.0	0.0	0.0	0.0	0.0	0.0	0.0	0.0	0.2	0.0	0.3333333333333333	0.25	0.0	0.5	0.5714285714285714	0.5	0.6666666666666666	0.6	0.3333333333333333	0.4	0.4	0.25	0.0	0.2	0.125	0.2222222222222222	0.1111111111111111	0.23076923076923078	0.125	1.0	0.0	0.2	0.0	0.0	0.0	0.1111111111111111	0.125	0.2	0.0	0.0	
finch sp.	0.0	0.3333333333333333	0.0	0.0	0.0	0.0	0.0	0.0	0.0	0.0	0.0	0.0	0.0	0.0	0.0	0.0	0.0	0.0	0.0	0.0	0.0	0.0	0.0	0.0	0.0	0.0	0.0	0.0	0.0	0.0	0.0	0.0	0.0	0.0	0.0	0.0	0.0	0.0	0.0	0.0	0.0	0.0	0.0	0.0	0.0	0.0	0.0	0.0	
Fox Sparrow	0.0	0.0	0.0	0.14285714285714285	0.0	0.09090909090909091	0.0	0.0	0.16666666666666666	0.0	0.0	0.0	0.0	0.0	0.0	0.0	0.0	0.0	0.0	0.0	0.0	0.0	0.0	0.0	0.0	0.0	0.0	0.0	0.0	0.0	0.0	0.0	0.0	0.0	0.0	0.15384615384615385	0.25	0.0	0.1111111111111111	0.0	0.16666666666666666	0.09090909090909091	0.09090909090909091	0.0	0.5	0.0	0.0	0.3333333333333333	
Dark-eyed Junco	0.0	0.6666666666666666	0.0	0.0	0.0	0.09090909090909091	0.07692307692307693	0.0015	0.0	0.14285714285714285	0.0	0.08333333333333333	0.125	0.0	0.0	0.2	0.0	0.0	0.0	0.0	0.0	0.0	0.0	0.0	0.0	0.0	0.0	0.0	0.0	0.0	0.0	0.0	0.0	0.1111111111111111	0.0	0.23076923076923078	0.125	0.0	0.0	0.1	0.0	0.2727272727272727	0.09090909090909091	0.1111111111111111	0.375	0.4	0.0	0.3333333333333333	
White-crowned Sparrow	0.0	0.0	0.0	0.0	0.0	0.09090909090909091	0.07692307692307693	0.0015	0.0	0.0	0.0	0.08333333333333333	0.0	0.0	0.0	0.0	0.2	0.5	0.16666666666666666	0.0	0.0	0.0	0.5714285714285714	0.5	0.3333333333333333	0.2	0.3333333333333333	0.2	0.0	0.0	0.0	0.2	0.125	0.1111111111111111	0.2222222222222222	0.23076923076923078	0.0	0.0	0.1111111111111111	0.1	0.0	0.0	0.0	0.0	0.25	0.0	0.0	0.3333333333333333	
Golden-crowned Sparrow	0.0	0.0	0.0	0.0	0.0	0.09090909090909091	0.0	0.0015	0.0	0.0	0.0	0.08333333333333333	0.0	0.0	0.2222222222222222	0.0	0.0	0.0	0.0	0.0	0.0	0.0	0.0	0.0	0.0	0.0	0.0	0.0	0.0	0.0	0.0	0.0	0.0	0.0	0.1111111111111111	0.15384615384615385	0.125	0.0	0.2222222222222222	0.1	0.0	0.0	0.0	0.0	0.5	0.2	0.0	0.3333333333333333	
Zonotrichia sp.	0.0	0.0	0.0	0.0	0.0	0.0	0.0	0.0	0.0	0.0	0.0	0.0	0.0	0.0	0.0	0.0	0.0	0.0	0.0	0.0	0.0	0.0	0.0	0.0	0.0	0.0	0.0	0.0	0.0	0.0	0.0	0.0	0.0	0.0	0.0	0.07692307692307693	0.0	0.0	0.0	0.0	0.0	0.0	0.0	0.0	0.0	0.0	0.0	0.0	
Savannah Sparrow	0.0	0.0	0.0	0.0	0.0	0.0	0.0	0.0	0.0	0.0	0.0	0.0	0.0	0.25	0.3333333333333333	0.2	0.6	0.5	0.5	0.5	0.0	0.5	0.42857142857142855	0.75	0.6666666666666666	0.4	0.5	0.1	0.2	0.0	0.14285714285714285	0.2	0.25	0.1111111111111111	0.4444444444444444	0.23076923076923078	0.125	0.0	0.0	0.0	0.0	0.0	0.0	0.0	0.0	0.0	0.0	0.0	
Song Sparrow	0.25	0.3333333333333333	0.2	0.2857142857142857	0.0	0.36363636363636365	0.15384615384615385	0.25	0.25	0.42857142857142855	0.2857142857142857	0.4166666666666667	0.25	0.0	0.3333333333333333	0.2	0.2	0.0	0.0	0.0	0.0	0.5	0.14285714285714285	0.0	0.3333333333333333	0.4	0.5	0.0	0.0	0.0	0.0	0.4	0.25	0.2222222222222222	0.3333333333333333	0.5384615384615384	0.25	1.0	0.5555555555555556	0.3	0.8333333333333334	0.45454545454545453	0.18181818181818182	0.1111111111111111	0.75	0.8	0.0	0.3333333333333333	
Lincoln's Sparrow	0.0	0.0	0.0	0.0	0.0	0.09090909090909091	0.0	0.0015	0.0	0.0	0.0	0.0	0.0	0.0	0.0	0.0	0.0	0.0	0.0	0.0	0.0	0.0	0.0	0.0	0.0	0.0	0.0	0.0	0.0	0.0	0.0	0.2	0.0	0.1111111111111111	0.0	0.07692307692307693	0.125	0.0	0.0	0.1	0.0	0.0	0.0	0.0	0.125	0.0	0.0	0.3333333333333333	
Swamp Sparrow	0.0	0.0	0.0	0.0	0.0	0.0	0.0	0.0	0.0	0.0	0.0	0.0	0.0	0.0	0.0	0.0	0.0	0.0	0.0	0.0	0.0	0.0	0.0	0.0	0.0	0.0	0.0	0.0	0.0	0.0	0.0	0.0	0.0	0.0	0.0	0.0	0.0	0.0	0.1111111111111111	0.0	0.0	0.0	0.0	0.0	0.125	0.0	0.0	0.0	
Spotted Towhee	0.0	0.0	0.0	0.0	0.0	0.09090909090909091	0.23076923076923078	0.0015	0.0	0.0	0.14285714285714285	0.08333333333333333	0.0	0.0	0.0	0.2	0.2	0.0	0.0	0.0	0.0	0.0	0.0	0.0	0.0	0.0	0.16666666666666666	0.0	0.0	0.25	0.0	0.0	0.375	0.1111111111111111	0.0	0.5384615384615384	0.125	0.0	0.3333333333333333	0.1	0.6666666666666666	0.36363636363636365	0.0	0.1111111111111111	0.5	0.4	0.0	0.3333333333333333	
sparrow sp.	0.0	0.0	0.0	0.0	0.0	0.0	0.0	0.0	0.0	0.0	0.0	0.0	0.0	0.0	0.0	0.0	0.0	0.0	0.0	0.0	0.0	0.0	0.0	0.0	0.0	0.0	0.0	0.0	0.0	0.0	0.0	0.0	0.0	0.0	0.0	0.0	0.0	0.0	0.0	0.1	0.0	0.0	0.0	0.0	0.0	0.0	0.0	0.0	
Western Meadowlark	0.0	0.3333333333333333	0.0	0.14285714285714285	0.0	0.18181818181818182	0.07692307692307693	0.0	0.16666666666666666	0.0	0.0	0.0	0.0	0.0	0.0	0.0	0.0	0.0	0.0	0.0	0.0	0.0	0.0	0.0	0.0	0.0	0.0	0.0	0.0	0.0	0.0	0.0	0.0	0.0	0.0	0.07692307692307693	0.0	0.0015	0.0	0.3	0.0	0.18181818181818182	0.18181818181818182	0.3333333333333333	0.375	0.2	0.0	0.3333333333333333	
Red-winged Blackbird	0.25	0.3333333333333333	0.2	0.14285714285714285	0.0	0.36363636363636365	0.38461538461538464	0.25	0.5833333333333334	0.5714285714285714	0.5714285714285714	0.5833333333333334	0.625	0.75	0.6666666666666666	1.0	0.8	1.0	0.8333333333333334	0.5	0.0	1.0	1.0	0.25	1.0	1.0	0.6666666666666666	0.4	0.4	0.0	0.2857142857142857	0.2	0.0	0.2222222222222222	0.0	0.15384615384615385	0.5	1.0	0.4444444444444444	0.4	0.3333333333333333	0.09090909090909091	0.09090909090909091	0.1111111111111111	0.125	0.2	0.0	0.6666666666666666	
Brown-headed Cowbird	0.0	0.0	0.2	0.14285714285714285	0.0	0.0	0.07692307692307693	0.0	0.0	0.0	0.0	0.0	0.0	0.0	0.0	0.0	0.0	0.0	0.0	0.0	0.0	0.0	0.14285714285714285	0.0	0.0	0.0	0.0	0.1	0.0	0.0	0.14285714285714285	0.0	0.0	0.0	0.0	0.0	0.0	0.0	0.0	0.0	0.0	0.0	0.0	0.0	0.0	0.0	0.0	0.0	
Brewer's Blackbird	0.0	0.3333333333333333	0.6	0.14285714285714285	0.0	0.2727272727272727	0.07692307692307693	0.0	0.08333333333333333	0.2857142857142857	0.14285714285714285	0.25	0.25	0.25	0.1111111111111111	0.4	0.2	0.25	0.16666666666666666	0.0	0.0	0.0	0.0	0.0	0.3333333333333333	0.0	0.3333333333333333	0.1	0.2	0.0	0.0	0.2	0.625	0.2222222222222222	0.1111111111111111	0.23076923076923078	0.25	1.0	0.2222222222222222	0.1	0.0	0.0	0.09090909090909091	0.0	0.0	0.0	0.0	0.0	
Orange-crowned Warbler	0.0	0.0	0.0	0.0	0.0	0.0	0.0	0.0	0.0	0.0	0.0	0.0	0.0	0.0	0.1111111111111111	0.2	0.0	0.0	0.0	0.0	0.0	0.0	0.0	0.0	0.0	0.0	0.0	0.0	0.0	0.0	0.0	0.0	0.125	0.0	0.0	0.0	0.0	0.0	0.0	0.0	0.0	0.0	0.0	0.0	0.0	0.0	0.0	0.0	
Common Yellowthroat	0.0	0.0	0.0	0.0	0.0	0.0	0.0	0.0	0.0	0.0	0.0	0.0	0.0	0.0	0.0	0.2	0.0	0.0	0.0	0.0	0.0	0.0	0.0	0.0	0.0	0.0	0.0	0.1	0.4	0.0	0.14285714285714285	0.2	0.25	0.1111111111111111	0.0	0.15384615384615385	0.0	0.0	0.0	0.0	0.0	0.0	0.0	0.0	0.0	0.0	0.0	0.0	
Yellow Warbler	0.0	0.0	0.0	0.0	0.0	0.0	0.0	0.0	0.0	0.0	0.0	0.0	0.0	0.0	0.0	0.0	0.0	0.0	0.0	0.0	0.0	0.0	0.14285714285714285	0.0	0.0	0.0	0.3333333333333333	0.0	0.2	0.0	0.0	0.0	0.0	0.1111111111111111	0.0	0.0	0.0	0.0	0.0	0.0	0.0	0.0	0.0	0.0	0.0	0.0	0.0	0.0	
Yellow-rumped Warbler	0.0	0.0	0.0	0.0	0.0	0.0	0.0	0.0	0.0	0.0	0.0	0.0	0.0	0.0	0.0	0.2	0.2	0.25	0.0	0.0	0.0	0.0	0.0	0.0	0.0	0.0	0.0	0.0	0.0	0.0	0.0	0.0	0.0	0.0	0.0	0.07692307692307693	0.125	0.0	0.0	0.0	0.0	0.0	0.0	0.0	0.0	0.0	0.0	0.0	
Western Tanager	0.0	0.0	0.0	0.0	0.0	0.0	0.0	0.0	0.0	0.0	0.0	0.0	0.0	0.0	0.0	0.0	0.0	0.0	0.0	0.0	0.0	0.0	0.14285714285714285	0.0	0.0	0.0	0.0	0.0	0.0	0.0	0.0	0.0	0.0	0.0	0.0	0.0	0.0	0.0	0.0	0.0	0.0	0.0	0.0	0.0	0.0	0.0	0.0	0.0	
Black-headed Grosbeak	0.0	0.0	0.0	0.0	0.0	0.0	0.0	0.0	0.0	0.0	0.0	0.0	0.0	0.0	0.0	0.0	0.0	0.0	0.16666666666666666	0.0	0.0	0.0	0.14285714285714285	0.0	0.0	0.0	0.16666666666666666	0.0	0.2	0.0	0.0	0.0	0.0	0.0	0.0	0.0	0.0	0.0	0.0	0.0	0.0	0.0	0.0	0.0	0.0	0.0	0.0	0.0	
House Sparrow	0.0	0.3333333333333333	0.0	0.0	0.0	0.0	0.0	0.0	0.0	0.0	0.0	0.0	0.0	0.0	0.0	0.2	0.4	0.25	0.0	0.0	0.0	0.5	0.14285714285714285	0.5	0.3333333333333333	0.4	0.6666666666666666	0.4	0.6	0.0	0.14285714285714285	0.2	0.0	0.0	0.0	0.07692307692307693	0.0	1.0	0.0	0.0	0.0	0.0	0.0	0.0	0.0	0.0	0.0	0.3333333333333333	
passerine sp.	0.0	0.0	0.0	0.0	0.0	0.0	0.0	0.0	0.0	0.0	0.0	0.0	0.0	0.0	0.0	0.0	0.0	0.0	0.0	0.0	0.0	0.0	0.0	0.0	0.0	0.0	0.0	0.0	0.0	0.0	0.0	0.0	0.0	0.0	0.0	0.0	0.0	0.0	0.0	0.0	0.0	0.0	0.0	0.0	0.125	0.0	0.0	0.0	

