









Frequency of observations in the selected location(s).:
Number of taxa: 	239

	Jan				Feb				Mar				Apr				May				Jun				Jul				Aug				Sep				Oct				Nov				Dec				
Sample Size:	16.0	5.0	6.0	17.0	10.0	13.0	11.0	8.0	13.0	9.0	10.0	12.0	9.0	18.0	16.0	29.0	18.0	13.0	13.0	15.0	6.0	5.0	9.0	13.0	16.0	76.0	29.0	54.0	36.0	27.0	25.0	28.0	21.0	24.0	24.0	31.0	20.0	14.0	16.0	24.0	11.0	8.0	12.0	11.0	10.0	7.0	5.0	23.0	

Snow Goose	0.0	0.0	0.0	0.0	0.0	0.0	0.0	0.0	0.0	0.0	0.0	0.0	0.0	0.0	0.0	0.0	0.0	0.0	0.0	0.0	0.0	0.0	0.0	0.0	0.0	0.0	0.0	0.0	0.0	0.0	0.0	0.0	0.0	0.0	0.0	0.0	0.0	0.14285714285714285	0.125	0.041666666666666664	0.0	0.0	0.16666666666666666	0.0	0.0	0.0	0.0	0.0	
Greater White-fronted Goose	0.0	0.0	0.0	0.0	0.0	0.0	0.0	0.0	0.0	0.0	0.0	0.0	0.0	0.05555555555555555	0.0	0.034482758620689655	0.05555555555555555	0.07692307692307693	0.0	0.0	0.0	0.0	0.0	0.0	0.0	0.0	0.0	0.0	0.0	0.0	0.0	0.03571428571428571	0.0	0.0	0.0	0.0967741935483871	0.05	0.07142857142857142	0.0	0.08333333333333333	0.0	0.0	0.0	0.0	0.0	0.0	0.0	0.0	
Brant	0.0	0.0	0.0	0.0	0.0	0.0	0.0	0.0	0.0	0.0	0.0	0.0	0.0	0.0	0.0	0.034482758620689655	0.0	0.0	0.0	0.06666666666666667	0.0	0.0	0.0	0.0	0.0	0.0	0.0	0.0	0.0	0.0	0.0	0.0	0.0	0.0	0.0	0.0	0.0	0.0	0.0	0.0	0.0	0.0	0.0	0.0	0.0	0.0	0.0	0.043478260869565216	
Cackling Goose	0.0	0.0	0.0	0.0	0.0	0.0	0.0	0.0	0.0	0.0	0.0	0.0	0.0	0.0	0.0625	0.0	0.0	0.0	0.0	0.0	0.0	0.0	0.0	0.0	0.0	0.0	0.0	0.0	0.0	0.0	0.0	0.0	0.0	0.0	0.0	0.16129032258064516	0.05	0.21428571428571427	0.125	0.041666666666666664	0.09090909090909091	0.0	0.0	0.0	0.0	0.0	0.0	0.0	
Canada Goose	0.0625	0.0	0.0	0.17647058823529413	0.2	0.15384615384615385	0.2727272727272727	0.375	0.15384615384615385	0.2222222222222222	0.6	0.5	0.5555555555555556	0.5555555555555556	0.375	0.4827586206896552	0.6111111111111112	0.38461538461538464	0.23076923076923078	0.26666666666666666	0.0015	0.0015	0.1111111111111111	0.0	0.1875	0.02631578947368421	0.06896551724137931	0.12962962962962962	0.08333333333333333	0.1111111111111111	0.24	0.14285714285714285	0.14285714285714285	0.4166666666666667	0.3333333333333333	0.3870967741935484	0.25	0.35714285714285715	0.1875	0.08333333333333333	0.09090909090909091	0.125	0.08333333333333333	0.0	0.1	0.14285714285714285	0.2	0.08695652173913043	
Cackling/Canada Goose	0.0	0.0	0.0	0.0	0.0	0.0	0.0	0.0	0.0	0.0	0.0	0.0	0.0	0.0	0.0	0.0	0.0	0.07692307692307693	0.0	0.0	0.0	0.0	0.0	0.0	0.0	0.0	0.0	0.0	0.0	0.0	0.0	0.0	0.0	0.0	0.0	0.0	0.0	0.0	0.0	0.0	0.09090909090909091	0.0	0.0	0.0	0.0	0.0	0.0	0.0	
Trumpeter Swan	0.125	0.0	0.0	0.11764705882352941	0.0	0.07692307692307693	0.09090909090909091	0.0015	0.07692307692307693	0.0	0.0	0.0	0.0	0.0	0.0	0.0	0.0	0.0	0.0	0.0	0.0	0.0	0.0	0.0	0.0	0.0	0.0	0.0	0.0	0.0	0.0	0.0	0.0	0.0	0.0	0.0	0.0	0.0	0.0	0.041666666666666664	0.0	0.0	0.0	0.0	0.0	0.0	0.2	0.30434782608695654	
Tundra Swan	0.0	0.2	0.0	0.0	0.0	0.0	0.0	0.0	0.0	0.0	0.0	0.0	0.0	0.0	0.0	0.0	0.0	0.0	0.0	0.0	0.0	0.0	0.0	0.0	0.0	0.0	0.0	0.0	0.0	0.0	0.0	0.0	0.0	0.0	0.0	0.0	0.0	0.0	0.0	0.041666666666666664	0.0015	0.0	0.0	0.0	0.0	0.0	0.0	0.043478260869565216	
Trumpeter/Tundra Swan	0.0015	0.0	0.0	0.0	0.0	0.0	0.0	0.0	0.0	0.0	0.0	0.0	0.0	0.0	0.0	0.0	0.0	0.0	0.0	0.0	0.0	0.0	0.0	0.0	0.0	0.0	0.0	0.0	0.0	0.0	0.0	0.0	0.0	0.0	0.0	0.0	0.0	0.0	0.0	0.0	0.0	0.0	0.0	0.0	0.0	0.0	0.0	0.0	
swan sp.	0.0	0.0	0.0	0.0	0.0	0.0	0.0	0.0	0.0	0.0	0.0	0.0	0.0	0.0	0.0	0.0	0.0	0.0	0.0	0.0	0.0	0.0	0.0	0.0	0.0	0.0	0.0	0.0	0.0	0.0	0.0	0.0	0.0	0.0	0.0	0.0	0.0	0.0	0.0	0.0	0.0	0.0	0.08333333333333333	0.0	0.0	0.0	0.0	0.0	
Wood Duck	0.0	0.0	0.0	0.0	0.0	0.0	0.0	0.0	0.0	0.0	0.0	0.0	0.0	0.0	0.0	0.0	0.0	0.0	0.0	0.06666666666666667	0.0	0.0	0.0	0.0	0.0	0.0	0.0	0.0	0.0	0.0	0.0	0.0	0.0	0.0	0.0	0.0	0.0	0.07142857142857142	0.0	0.0	0.0	0.0	0.0	0.0	0.0	0.0	0.0	0.0	
Blue-winged Teal	0.0	0.0	0.0	0.0	0.0	0.0	0.0	0.0	0.0	0.0	0.0	0.0	0.0	0.0	0.0	0.0	0.0	0.0	0.15384615384615385	0.13333333333333333	0.0	0.0	0.0	0.15384615384615385	0.0	0.0	0.0	0.0	0.0	0.0	0.0	0.0	0.0	0.041666666666666664	0.0	0.0	0.0	0.0	0.0	0.0	0.0	0.0	0.0	0.0	0.0	0.0	0.0	0.0	
Cinnamon Teal	0.0	0.0	0.0	0.0	0.0	0.0	0.0	0.0	0.0	0.0	0.0	0.08333333333333333	0.0	0.0	0.0625	0.034482758620689655	0.1111111111111111	0.0	0.0	0.0	0.0	0.0	0.0	0.0	0.0	0.0	0.0	0.0	0.0	0.0	0.0	0.0	0.0	0.041666666666666664	0.0	0.0	0.0	0.0	0.0	0.0	0.0	0.0	0.0	0.0	0.0	0.0	0.0	0.0	
Blue-winged/Cinnamon Teal	0.0	0.0	0.0	0.0	0.0	0.0	0.0	0.0	0.0	0.0	0.0	0.0	0.0	0.0	0.0	0.0	0.0	0.0	0.07692307692307693	0.0	0.0	0.0	0.0	0.0	0.0	0.0	0.0	0.0	0.0	0.0	0.0	0.0	0.0	0.0	0.0	0.0	0.0	0.0	0.0	0.0	0.0	0.0	0.0	0.0	0.0	0.0	0.0	0.0	
Northern Shoveler	0.375	0.2	0.16666666666666666	0.35294117647058826	0.3	0.15384615384615385	0.45454545454545453	0.375	0.15384615384615385	0.0	0.1	0.08333333333333333	0.2222222222222222	0.16666666666666666	0.125	0.3448275862068966	0.5	0.23076923076923078	0.3076923076923077	0.26666666666666666	0.16666666666666666	0.0	0.0	0.0	0.0	0.02631578947368421	0.0	0.0	0.0	0.18518518518518517	0.0	0.17857142857142858	0.047619047619047616	0.125	0.16666666666666666	0.16129032258064516	0.3	0.2857142857142857	0.0625	0.25	0.5454545454545454	0.25	0.16666666666666666	0.18181818181818182	0.0	0.14285714285714285	0.2	0.30434782608695654	
Gadwall	0.375	0.0015	0.3333333333333333	0.7058823529411765	0.5	0.6153846153846154	0.5454545454545454	0.625	0.8461538461538461	0.6666666666666666	0.5	0.5	0.4444444444444444	0.5	0.375	0.5517241379310345	0.4444444444444444	0.15384615384615385	0.46153846153846156	0.4	0.5	0.0015	0.3333333333333333	0.07692307692307693	0.125	0.05263157894736842	0.034482758620689655	0.037037037037037035	0.05555555555555555	0.037037037037037035	0.04	0.17857142857142858	0.2857142857142857	0.041666666666666664	0.125	0.03225806451612903	0.25	0.07142857142857142	0.1875	0.2916666666666667	0.45454545454545453	0.5	0.5833333333333334	0.9090909090909091	0.8	0.5714285714285714	0.6	0.6086956521739131	
Eurasian Wigeon	0.0	0.0	0.0	0.0	0.0	0.0	0.09090909090909091	0.0	0.07692307692307693	0.0015	0.0	0.0	0.0	0.0	0.0	0.034482758620689655	0.0	0.0	0.0	0.0	0.0	0.0	0.0	0.0	0.0	0.0	0.0	0.0	0.0	0.0	0.0	0.0	0.0	0.0	0.0	0.0	0.0	0.0	0.0	0.08333333333333333	0.0	0.125	0.08333333333333333	0.0	0.1	0.14285714285714285	0.0	0.043478260869565216	
American Wigeon	0.625	0.0	0.5	0.6470588235294118	0.4	0.46153846153846156	0.5454545454545454	0.5	0.5384615384615384	0.3333333333333333	0.4	0.25	0.2222222222222222	0.3333333333333333	0.25	0.3793103448275862	0.2777777777777778	0.23076923076923078	0.23076923076923078	0.2	0.0	0.0	0.0	0.0	0.0	0.0	0.0	0.0	0.0	0.0	0.0	0.07142857142857142	0.19047619047619047	0.08333333333333333	0.16666666666666666	0.3225806451612903	0.5	0.35714285714285715	0.5	0.5833333333333334	0.7272727272727273	0.875	0.8333333333333334	0.9090909090909091	0.9	0.8571428571428571	0.4	0.6956521739130435	
Eurasian x American Wigeon (hybrid)	0.0	0.0	0.0	0.0	0.0	0.0	0.0	0.0	0.0	0.0	0.0	0.0	0.0	0.0	0.0	0.0	0.0	0.0	0.0	0.0	0.0	0.0	0.0	0.0	0.0	0.0	0.0	0.0	0.0	0.0	0.0	0.0	0.0	0.0	0.0	0.0	0.0	0.0	0.0	0.0	0.0	0.0	0.0	0.0	0.0	0.14285714285714285	0.0	0.0	
Eurasian/American Wigeon	0.0	0.0	0.0	0.0	0.0	0.0	0.0	0.0	0.0	0.0	0.0	0.0	0.0	0.0	0.0	0.0	0.0	0.0	0.0	0.0	0.0	0.0	0.0	0.0	0.0	0.0	0.0	0.0	0.0	0.0	0.0	0.0	0.0	0.041666666666666664	0.0	0.0	0.0	0.0	0.0	0.0	0.0	0.0	0.0	0.0	0.0	0.0	0.0	0.0	
Mallard	0.5625	0.2	0.6666666666666666	0.7058823529411765	0.4	0.3076923076923077	0.5454545454545454	0.5	0.6153846153846154	0.6666666666666666	0.6	0.4166666666666667	0.5555555555555556	0.6111111111111112	0.5	0.6551724137931034	0.6666666666666666	0.46153846153846156	0.46153846153846156	0.5333333333333333	0.6666666666666666	0.2	0.5555555555555556	0.07692307692307693	0.375	0.17105263157894737	0.3103448275862069	0.37037037037037035	0.2777777777777778	0.37037037037037035	0.36	0.39285714285714285	0.3333333333333333	0.25	0.3333333333333333	0.25806451612903225	0.3	0.2857142857142857	0.5	0.4166666666666667	0.7272727272727273	0.375	0.5833333333333334	0.45454545454545453	1.0	0.5714285714285714	0.2	0.6521739130434783	
Northern Pintail	0.625	0.6	0.8333333333333334	0.8823529411764706	0.7	0.6923076923076923	0.8181818181818182	0.875	0.8461538461538461	0.7777777777777778	0.8	0.6666666666666666	0.6666666666666666	0.7777777777777778	0.75	0.7931034482758621	0.6666666666666666	0.46153846153846156	0.3076923076923077	0.2	0.3333333333333333	0.0	0.2222222222222222	0.07692307692307693	0.0	0.013157894736842105	0.0	0.0	0.0015	0.14814814814814814	0.32	0.32142857142857145	0.38095238095238093	0.25	0.5	0.45161290322580644	0.55	0.35714285714285715	0.75	0.75	1.0	0.75	0.8333333333333334	0.7272727272727273	0.8	0.8571428571428571	1.0	0.8260869565217391	
Green-winged Teal	0.3125	0.6	0.5	0.5882352941176471	0.4	0.46153846153846156	0.45454545454545453	0.75	0.8461538461538461	0.8888888888888888	0.8	0.6666666666666666	0.4444444444444444	0.7222222222222222	0.625	0.6551724137931034	0.7222222222222222	0.23076923076923078	0.38461538461538464	0.13333333333333333	0.0	0.0	0.0	0.0	0.0	0.0	0.0	0.018518518518518517	0.08333333333333333	0.18518518518518517	0.08	0.21428571428571427	0.3333333333333333	0.25	0.4583333333333333	0.41935483870967744	0.65	0.5	0.625	0.7083333333333334	0.5454545454545454	0.375	0.5	0.45454545454545453	1.0	0.42857142857142855	0.6	0.43478260869565216	
teal sp.	0.0	0.0	0.0	0.0	0.0	0.0	0.0	0.0	0.0	0.0	0.0	0.0	0.0	0.0	0.0	0.0	0.0	0.0	0.0	0.0	0.0	0.0	0.0	0.0	0.0	0.0	0.0	0.0	0.0	0.07407407407407407	0.0	0.0	0.0	0.0	0.0	0.0	0.0	0.0	0.0	0.0	0.0	0.0	0.0	0.0	0.0	0.0	0.0	0.0	
dabbling duck sp.	0.0	0.0	0.16666666666666666	0.0	0.0	0.0	0.0	0.0	0.0	0.0	0.0	0.0	0.0	0.0	0.0	0.0	0.0	0.0	0.0	0.0	0.0	0.0	0.0	0.07692307692307693	0.0	0.0	0.0	0.0	0.0	0.0	0.08	0.03571428571428571	0.0	0.0	0.0	0.06451612903225806	0.05	0.0	0.0	0.0	0.0	0.125	0.0	0.0	0.0	0.0	0.0	0.0	
Redhead	0.0	0.0	0.0	0.0	0.0015	0.0	0.0	0.0	0.0	0.0	0.0	0.0	0.0	0.0	0.0	0.0	0.0	0.0	0.0	0.0	0.0	0.0	0.0	0.0	0.0	0.0	0.0	0.0	0.0	0.0	0.0	0.0	0.0	0.0	0.0	0.0	0.0	0.0	0.0	0.0	0.09090909090909091	0.0	0.0	0.0	0.0	0.0	0.0	0.043478260869565216	
Ring-necked Duck	0.0625	0.0	0.16666666666666666	0.0	0.0015	0.0	0.0	0.125	0.0	0.0015	0.0	0.0	0.0	0.05555555555555555	0.0	0.06896551724137931	0.1111111111111111	0.0	0.0	0.0	0.0	0.0	0.0	0.0	0.0	0.013157894736842105	0.0	0.0	0.0	0.0	0.0	0.0	0.0	0.0	0.0	0.03225806451612903	0.0	0.0	0.0625	0.0	0.09090909090909091	0.0	0.0	0.09090909090909091	0.1	0.0	0.0	0.13043478260869565	
Greater Scaup	0.5625	0.2	0.5	0.5294117647058824	0.3	0.23076923076923078	0.45454545454545453	0.75	0.23076923076923078	0.1111111111111111	0.2	0.3333333333333333	0.3333333333333333	0.1111111111111111	0.1875	0.1724137931034483	0.3333333333333333	0.07692307692307693	0.15384615384615385	0.06666666666666667	0.16666666666666666	0.0	0.0	0.07692307692307693	0.0	0.013157894736842105	0.0015	0.0015	0.0	0.0	0.0	0.0	0.0	0.0	0.0	0.06451612903225806	0.0	0.0	0.0	0.16666666666666666	0.5454545454545454	0.375	0.4166666666666667	0.5454545454545454	0.4	0.2857142857142857	0.4	0.5217391304347826	
Lesser Scaup	0.375	0.6	0.16666666666666666	0.4117647058823529	0.4	0.46153846153846156	0.36363636363636365	0.0	0.23076923076923078	0.1111111111111111	0.2	0.25	0.2222222222222222	0.3888888888888889	0.3125	0.3103448275862069	0.3333333333333333	0.0	0.38461538461538464	0.13333333333333333	0.16666666666666666	0.0	0.0	0.0	0.0	0.02631578947368421	0.0	0.0	0.0015	0.0	0.0	0.0	0.0	0.0	0.0	0.03225806451612903	0.1	0.0	0.0625	0.16666666666666666	0.0	0.375	0.4166666666666667	0.5454545454545454	0.6	0.2857142857142857	0.2	0.391304347826087	
Greater/Lesser Scaup	0.0	0.0	0.16666666666666666	0.17647058823529413	0.1	0.0	0.18181818181818182	0.0	0.15384615384615385	0.1111111111111111	0.3	0.08333333333333333	0.4444444444444444	0.3888888888888889	0.1875	0.1724137931034483	0.1111111111111111	0.07692307692307693	0.5384615384615384	0.0	0.16666666666666666	0.0	0.1111111111111111	0.07692307692307693	0.0	0.0	0.0	0.0	0.027777777777777776	0.0	0.0	0.0	0.0	0.0	0.0	0.0	0.0	0.0	0.0	0.2916666666666667	0.18181818181818182	0.25	0.16666666666666666	0.36363636363636365	0.1	0.0	0.2	0.17391304347826086	
Aythya sp.	0.0015	0.0	0.0	0.058823529411764705	0.0	0.0	0.0	0.0	0.0	0.0	0.0	0.0	0.0	0.0	0.0625	0.0	0.0	0.0	0.0	0.0	0.0	0.0	0.0	0.0	0.0	0.0	0.0	0.0	0.0	0.0	0.0	0.0	0.0	0.0	0.0	0.0	0.0	0.0	0.0	0.0	0.0	0.0	0.0	0.0	0.0	0.0	0.0	0.0	
Harlequin Duck	0.125	0.0	0.0	0.11764705882352941	0.1	0.23076923076923078	0.09090909090909091	0.0	0.15384615384615385	0.0	0.2	0.08333333333333333	0.1111111111111111	0.1111111111111111	0.25	0.13793103448275862	0.1111111111111111	0.23076923076923078	0.07692307692307693	0.2	0.0	0.0	0.0	0.0015	0.0	0.013157894736842105	0.034482758620689655	0.0	0.0	0.0	0.04	0.03571428571428571	0.0	0.041666666666666664	0.0	0.06451612903225806	0.15	0.07142857142857142	0.0	0.0	0.09090909090909091	0.25	0.08333333333333333	0.09090909090909091	0.0	0.14285714285714285	0.2	0.13043478260869565	
Surf Scoter	0.125	0.0	0.16666666666666666	0.17647058823529413	0.2	0.15384615384615385	0.0	0.25	0.0	0.1111111111111111	0.1	0.08333333333333333	0.2222222222222222	0.05555555555555555	0.0625	0.10344827586206896	0.05555555555555555	0.15384615384615385	0.07692307692307693	0.0	0.0	0.0	0.0	0.0	0.0	0.013157894736842105	0.0	0.037037037037037035	0.0	0.0	0.0	0.0	0.047619047619047616	0.0	0.0	0.06451612903225806	0.1	0.14285714285714285	0.0	0.08333333333333333	0.18181818181818182	0.125	0.08333333333333333	0.09090909090909091	0.0	0.2857142857142857	0.0	0.08695652173913043	
White-winged Scoter	0.0625	0.0	0.0	0.0	0.0	0.15384615384615385	0.0	0.0	0.07692307692307693	0.0	0.1	0.0	0.0	0.0	0.0625	0.0	0.05555555555555555	0.0	0.0	0.0	0.0	0.0	0.1111111111111111	0.0	0.0	0.0	0.0	0.0	0.0	0.0	0.04	0.0	0.0	0.0	0.0	0.0	0.0	0.0	0.0	0.0	0.0015	0.0	0.08333333333333333	0.0	0.0	0.0	0.2	0.08695652173913043	
Long-tailed Duck	0.0	0.0	0.0	0.0	0.0	0.0	0.0	0.0	0.0	0.0	0.0	0.0	0.0	0.0	0.0625	0.0	0.0	0.0	0.0	0.0	0.0	0.0	0.0	0.0	0.0	0.0	0.0	0.0	0.0	0.0	0.0	0.0	0.0	0.0	0.0	0.0	0.0	0.0	0.0	0.0	0.0	0.0	0.0	0.0	0.0	0.14285714285714285	0.0	0.0	
Bufflehead	0.75	0.8	1.0	0.8823529411764706	0.5	0.46153846153846156	0.5454545454545454	1.0	0.8461538461538461	0.7777777777777778	0.8	0.6666666666666666	0.6666666666666666	0.6666666666666666	0.5625	0.5862068965517241	0.5	0.23076923076923078	0.15384615384615385	0.06666666666666667	0.0	0.0	0.0	0.07692307692307693	0.0	0.0	0.034482758620689655	0.018518518518518517	0.0	0.0	0.0	0.0	0.0	0.0	0.0	0.03225806451612903	0.0	0.07142857142857142	0.0	0.3333333333333333	0.8181818181818182	0.75	0.6666666666666666	1.0	0.8	0.7142857142857143	0.4	0.8260869565217391	
Common Goldeneye	0.4375	0.4	0.6666666666666666	0.7058823529411765	0.6	0.46153846153846156	0.36363636363636365	0.25	0.46153846153846156	0.2222222222222222	0.2	0.5	0.2222222222222222	0.2222222222222222	0.0625	0.034482758620689655	0.05555555555555555	0.0	0.0	0.0	0.0	0.0	0.0	0.0	0.0	0.0	0.0	0.0	0.0	0.0	0.0	0.0	0.0	0.0	0.0	0.0	0.0	0.0	0.0	0.0	0.0	0.125	0.4166666666666667	0.6363636363636364	0.5	0.42857142857142855	0.4	0.6956521739130435	
Barrow's Goldeneye	0.0625	0.0	0.0	0.11764705882352941	0.2	0.15384615384615385	0.09090909090909091	0.0	0.07692307692307693	0.0	0.0	0.08333333333333333	0.0	0.0	0.125	0.0	0.1111111111111111	0.0	0.0	0.0	0.0	0.0	0.0	0.0	0.0	0.0	0.0	0.0	0.0	0.0	0.0	0.0	0.0	0.0	0.0	0.0	0.0	0.0	0.0	0.0	0.0	0.0	0.08333333333333333	0.09090909090909091	0.0	0.0	0.0	0.08695652173913043	
Common/Barrow's Goldeneye	0.0625	0.0	0.0	0.058823529411764705	0.0	0.0	0.09090909090909091	0.0	0.0	0.0	0.0	0.0	0.0	0.0	0.0	0.0	0.0	0.0	0.0	0.0	0.0	0.0	0.0	0.0	0.0	0.0	0.0	0.0	0.0	0.0	0.0	0.0	0.0	0.0	0.0	0.0	0.0	0.0	0.0	0.0	0.0	0.0	0.0	0.0	0.0	0.0	0.0	0.0	
Hooded Merganser	0.5625	0.2	0.3333333333333333	0.5882352941176471	0.2	0.15384615384615385	0.36363636363636365	0.25	0.07692307692307693	0.2222222222222222	0.4	0.16666666666666666	0.1111111111111111	0.2222222222222222	0.125	0.0	0.1111111111111111	0.07692307692307693	0.0	0.13333333333333333	0.16666666666666666	0.0	0.1111111111111111	0.0	0.0	0.02631578947368421	0.0015	0.14814814814814814	0.08333333333333333	0.14814814814814814	0.28	0.10714285714285714	0.09523809523809523	0.041666666666666664	0.16666666666666666	0.12903225806451613	0.6	0.14285714285714285	0.375	0.5416666666666666	0.6363636363636364	0.5	0.5833333333333334	0.8181818181818182	0.6	0.42857142857142855	0.4	0.5652173913043478	
Common Merganser	0.25	0.0015	0.0	0.11764705882352941	0.0	0.0	0.09090909090909091	0.0	0.0	0.0015	0.0	0.16666666666666666	0.0	0.0	0.0	0.034482758620689655	0.05555555555555555	0.0	0.0	0.0	0.0	0.0	0.0	0.0	0.0	0.013157894736842105	0.0	0.0	0.027777777777777776	0.037037037037037035	0.04	0.0	0.0	0.0	0.0	0.0	0.0	0.07142857142857142	0.0625	0.125	0.0	0.125	0.16666666666666666	0.2727272727272727	0.0	0.0	0.2	0.17391304347826086	
Red-breasted Merganser	0.25	0.4	0.5	0.6470588235294118	0.2	0.15384615384615385	0.36363636363636365	0.625	0.3076923076923077	0.2222222222222222	0.6	0.3333333333333333	0.4444444444444444	0.4444444444444444	0.4375	0.41379310344827586	0.3333333333333333	0.23076923076923078	0.15384615384615385	0.0	0.0	0.0	0.0	0.0	0.0	0.0	0.0	0.0	0.0	0.0	0.0	0.0	0.0	0.0	0.0	0.0	0.0	0.07142857142857142	0.0	0.125	0.7272727272727273	0.75	0.25	0.5454545454545454	0.5	0.5714285714285714	0.0	0.5217391304347826	
Ruddy Duck	0.4375	0.4	0.6666666666666666	0.5294117647058824	0.5	0.5384615384615384	0.45454545454545453	0.625	0.5384615384615384	0.4444444444444444	0.4	0.3333333333333333	0.5555555555555556	0.5555555555555556	0.4375	0.3448275862068966	0.16666666666666666	0.07692307692307693	0.23076923076923078	0.06666666666666667	0.0	0.0	0.0	0.07692307692307693	0.0	0.0015	0.0	0.0	0.0	0.0	0.0	0.0	0.047619047619047616	0.0	0.0	0.06451612903225806	0.0	0.0	0.125	0.2916666666666667	0.36363636363636365	0.625	0.4166666666666667	0.45454545454545453	0.4	0.5714285714285714	0.2	0.43478260869565216	
duck sp.	0.0	0.0	0.0	0.058823529411764705	0.1	0.0	0.0	0.0	0.15384615384615385	0.0	0.1	0.0	0.0	0.05555555555555555	0.0625	0.0	0.05555555555555555	0.0	0.07692307692307693	0.0	0.0	0.0	0.0	0.0	0.0	0.02631578947368421	0.034482758620689655	0.018518518518518517	0.05555555555555555	0.07407407407407407	0.12	0.07142857142857142	0.047619047619047616	0.08333333333333333	0.125	0.0967741935483871	0.05	0.07142857142857142	0.0	0.08333333333333333	0.09090909090909091	0.125	0.0	0.09090909090909091	0.1	0.0	0.0	0.043478260869565216	
California Quail	0.0	0.0	0.0	0.0	0.0	0.0	0.0	0.0	0.0	0.0	0.0	0.0	0.0	0.0	0.0	0.0	0.05555555555555555	0.07692307692307693	0.07692307692307693	0.06666666666666667	0.0	0.0015	0.1111111111111111	0.15384615384615385	0.0	0.02631578947368421	0.0	0.1111111111111111	0.05555555555555555	0.0	0.0	0.03571428571428571	0.0	0.041666666666666664	0.041666666666666664	0.0	0.0	0.14285714285714285	0.0	0.0	0.0	0.125	0.0	0.0	0.0	0.0	0.0	0.043478260869565216	
Ring-necked Pheasant	0.0	0.0	0.0	0.0	0.0	0.0	0.0	0.0	0.0	0.0	0.0	0.0	0.1111111111111111	0.0	0.0	0.0	0.0	0.0	0.0	0.0	0.0	0.0	0.0	0.0	0.0625	0.013157894736842105	0.0	0.018518518518518517	0.0	0.0	0.0	0.0	0.0	0.0	0.0	0.0	0.0	0.0	0.0	0.0	0.0	0.0	0.0	0.0	0.0	0.0	0.0	0.0	
Pied-billed Grebe	0.125	0.2	0.3333333333333333	0.0	0.0	0.0	0.0	0.0	0.0	0.0	0.1	0.0	0.0	0.05555555555555555	0.0	0.034482758620689655	0.0	0.0	0.0	0.0	0.0	0.0	0.0	0.0	0.0	0.0015	0.034482758620689655	0.018518518518518517	0.0	0.037037037037037035	0.04	0.07142857142857142	0.047619047619047616	0.08333333333333333	0.08333333333333333	0.0967741935483871	0.15	0.0	0.0625	0.08333333333333333	0.18181818181818182	0.0	0.0	0.09090909090909091	0.1	0.0	0.2	0.13043478260869565	
Horned Grebe	0.25	0.2	0.16666666666666666	0.17647058823529413	0.1	0.15384615384615385	0.2727272727272727	0.0	0.07692307692307693	0.0	0.1	0.08333333333333333	0.2222222222222222	0.1111111111111111	0.25	0.20689655172413793	0.05555555555555555	0.0	0.0	0.0	0.0	0.0	0.0	0.0	0.0	0.0	0.0	0.018518518518518517	0.0	0.0	0.0	0.0	0.0	0.041666666666666664	0.0	0.03225806451612903	0.05	0.14285714285714285	0.125	0.08333333333333333	0.09090909090909091	0.125	0.08333333333333333	0.09090909090909091	0.1	0.14285714285714285	0.0	0.21739130434782608	
Red-necked Grebe	0.0	0.0	0.16666666666666666	0.0	0.0	0.0	0.0	0.0	0.07692307692307693	0.0	0.1	0.08333333333333333	0.0	0.05555555555555555	0.0625	0.06896551724137931	0.05555555555555555	0.0	0.0	0.0	0.0	0.0	0.0	0.0	0.0	0.0	0.0	0.0	0.0	0.0	0.0	0.0	0.0	0.0	0.0	0.03225806451612903	0.05	0.0	0.0625	0.08333333333333333	0.0	0.0	0.08333333333333333	0.0	0.1	0.0	0.0	0.043478260869565216	
Eared Grebe	0.0	0.0	0.0	0.0	0.0	0.0	0.0	0.0	0.07692307692307693	0.0	0.0	0.0	0.0	0.0015	0.0	0.034482758620689655	0.0	0.0	0.0	0.0	0.0	0.0	0.0	0.0	0.0	0.0	0.0	0.0	0.0	0.0	0.0	0.0	0.0	0.0	0.0	0.0	0.0	0.0	0.0	0.0	0.0	0.0	0.0	0.0	0.0	0.0	0.0	0.043478260869565216	
Western Grebe	0.0	0.0	0.0	0.0	0.0	0.0	0.0	0.0	0.0	0.0	0.0	0.0	0.1111111111111111	0.0	0.0	0.0	0.0	0.0	0.0	0.0	0.0	0.0	0.0	0.0	0.0	0.0	0.0	0.0	0.0	0.0	0.0	0.0	0.0	0.0	0.0	0.0	0.05	0.0	0.0	0.08333333333333333	0.0	0.0	0.0	0.0	0.0	0.14285714285714285	0.0	0.043478260869565216	
Rock Pigeon	0.0625	0.0015	0.0	0.17647058823529413	0.2	0.07692307692307693	0.18181818181818182	0.0	0.23076923076923078	0.0	0.1	0.16666666666666666	0.1111111111111111	0.2222222222222222	0.0625	0.13793103448275862	0.05555555555555555	0.07692307692307693	0.07692307692307693	0.06666666666666667	0.0	0.2	0.0	0.15384615384615385	0.25	0.06578947368421052	0.034482758620689655	0.05555555555555555	0.05555555555555555	0.18518518518518517	0.0	0.03571428571428571	0.0	0.16666666666666666	0.041666666666666664	0.03225806451612903	0.0	0.07142857142857142	0.0625	0.0	0.0	0.125	0.0	0.09090909090909091	0.1	0.0	0.2	0.13043478260869565	
Eurasian Collared-Dove	0.0625	0.0	0.0	0.0	0.0	0.0	0.0	0.0	0.0	0.0	0.0	0.0	0.0	0.1111111111111111	0.0625	0.06896551724137931	0.05555555555555555	0.0	0.07692307692307693	0.2	0.0	0.0	0.2222222222222222	0.0	0.125	0.09210526315789473	0.06896551724137931	0.07407407407407407	0.027777777777777776	0.14814814814814814	0.04	0.10714285714285714	0.0015	0.0	0.0	0.06451612903225806	0.0	0.0	0.0	0.0	0.09090909090909091	0.0	0.0	0.0	0.0	0.0	0.0	0.043478260869565216	
Mourning Dove	0.125	0.0	0.0	0.0	0.0	0.0	0.0	0.0	0.0	0.0	0.0	0.0	0.1111111111111111	0.3333333333333333	0.125	0.1724137931034483	0.05555555555555555	0.15384615384615385	0.15384615384615385	0.26666666666666666	0.16666666666666666	0.0015	0.2222222222222222	0.15384615384615385	0.1875	0.14473684210526316	0.1724137931034483	0.2037037037037037	0.05555555555555555	0.1111111111111111	0.08	0.0	0.0	0.08333333333333333	0.08333333333333333	0.03225806451612903	0.15	0.07142857142857142	0.0	0.041666666666666664	0.09090909090909091	0.0	0.0	0.18181818181818182	0.0	0.0	0.0	0.21739130434782608	
Vaux's Swift	0.0	0.0	0.0	0.0	0.0	0.0	0.0	0.0	0.0	0.0	0.0	0.0	0.0	0.0	0.0	0.0	0.0	0.0	0.0	0.0	0.0	0.0	0.0	0.0	0.0625	0.0	0.0	0.0	0.0	0.0	0.0	0.0	0.047619047619047616	0.0	0.08333333333333333	0.0	0.0	0.0	0.0	0.0	0.0	0.0	0.0	0.0	0.0	0.0	0.0	0.0	
Anna's Hummingbird	0.0625	0.0	0.0	0.0	0.0	0.0	0.0	0.0	0.07692307692307693	0.0	0.0	0.0	0.0	0.0	0.0	0.0	0.0	0.07692307692307693	0.0	0.06666666666666667	0.0	0.0	0.0	0.07692307692307693	0.0625	0.0	0.0	0.0	0.027777777777777776	0.0	0.0	0.0	0.0	0.0	0.041666666666666664	0.03225806451612903	0.0	0.0	0.0	0.041666666666666664	0.0	0.0	0.0	0.0	0.0	0.14285714285714285	0.0	0.0	
Rufous Hummingbird	0.0	0.0	0.0	0.0	0.0	0.0	0.0	0.0	0.0	0.0	0.2	0.0	0.0	0.05555555555555555	0.0625	0.13793103448275862	0.1111111111111111	0.07692307692307693	0.15384615384615385	0.06666666666666667	0.0	0.0015	0.0	0.07692307692307693	0.0625	0.02631578947368421	0.034482758620689655	0.018518518518518517	0.0	0.0	0.0	0.0	0.0	0.0	0.0	0.0	0.0	0.0	0.0	0.0	0.0	0.0	0.0	0.0	0.0	0.0	0.0	0.0	
hummingbird sp.	0.0	0.0	0.0	0.0	0.0	0.0	0.0	0.0	0.0	0.0	0.0	0.0	0.0	0.0	0.0	0.0	0.0	0.0	0.0	0.0	0.0	0.0	0.0	0.0	0.0	0.0	0.0	0.0	0.0	0.037037037037037035	0.0	0.0	0.0	0.0	0.0	0.0	0.0	0.0	0.0	0.0	0.0	0.0	0.0	0.0	0.0	0.0	0.0	0.0	
Virginia Rail	0.0	0.0	0.16666666666666666	0.058823529411764705	0.0	0.0	0.0	0.0	0.0	0.0	0.1	0.0	0.2222222222222222	0.0	0.0	0.034482758620689655	0.05555555555555555	0.07692307692307693	0.07692307692307693	0.0	0.0	0.0	0.0	0.0	0.0	0.013157894736842105	0.0	0.037037037037037035	0.0015	0.037037037037037035	0.0	0.0	0.047619047619047616	0.0	0.0	0.0	0.05	0.07142857142857142	0.0	0.041666666666666664	0.09090909090909091	0.0	0.0	0.0	0.0	0.0	0.0	0.0	
Sora	0.0	0.0	0.0	0.0	0.0	0.0	0.0	0.0	0.0	0.0	0.0	0.0	0.0	0.0	0.0	0.0	0.0	0.0	0.0	0.0	0.0	0.0	0.0	0.0	0.0	0.0	0.0	0.0	0.0015	0.0	0.0	0.0	0.0	0.0	0.0	0.0	0.0	0.0	0.0	0.0	0.0	0.0	0.0	0.0	0.0	0.0	0.0	0.0	
American Coot	0.0	0.0	0.0	0.0	0.0	0.0	0.0	0.0	0.0	0.0	0.0	0.0	0.1111111111111111	0.0	0.0	0.0	0.0015	0.0	0.0	0.0	0.0	0.0	0.0	0.0	0.0	0.0015	0.0	0.0	0.0	0.0	0.0	0.0	0.0	0.0	0.0	0.0	0.0	0.0	0.0	0.0	0.0	0.25	0.0	0.09090909090909091	0.1	0.0	0.0	0.043478260869565216	
American Avocet	0.0	0.0	0.0	0.0	0.0	0.0	0.0	0.0	0.0	0.0	0.0	0.0	0.0015	0.0	0.0	0.0015	0.0015	0.15384615384615385	0.0015	0.0015	0.0	0.0	0.0	0.0	0.0015	0.0	0.0	0.0	0.0	0.0	0.0	0.0	0.0	0.041666666666666664	0.08333333333333333	0.03225806451612903	0.05	0.0	0.0	0.0	0.0	0.0	0.0	0.0	0.0	0.0	0.0	0.0	
Black Oystercatcher	0.0625	0.0	0.0	0.0	0.0	0.0	0.0	0.0	0.0	0.0	0.0	0.0	0.0	0.0	0.0	0.0	0.0	0.07692307692307693	0.0	0.0	0.0	0.0	0.0	0.0	0.0	0.013157894736842105	0.0	0.0	0.0	0.0	0.0	0.0	0.0	0.0	0.0	0.0	0.0	0.0	0.0	0.0	0.0	0.0	0.0	0.0	0.0	0.0	0.0	0.0	
Black-bellied Plover	0.0625	0.2	0.0015	0.0	0.0015	0.0015	0.09090909090909091	0.375	0.0015	0.1111111111111111	0.1	0.0	0.1111111111111111	0.2777777777777778	0.0625	0.10344827586206896	0.05555555555555555	0.07692307692307693	0.0	0.3333333333333333	0.0	0.2	0.0	0.0	0.0	0.06578947368421052	0.034482758620689655	0.09259259259259259	0.2777777777777778	0.037037037037037035	0.04	0.03571428571428571	0.047619047619047616	0.16666666666666666	0.125	0.3870967741935484	0.5	0.14285714285714285	0.25	0.041666666666666664	0.0015	0.125	0.16666666666666666	0.09090909090909091	0.3	0.0	0.2	0.13043478260869565	
American Golden-Plover	0.0	0.0	0.0	0.0	0.0	0.0	0.0	0.0	0.0	0.0	0.0	0.0	0.0	0.0	0.0	0.0	0.0015	0.0	0.0	0.0	0.0	0.0	0.0	0.0	0.0	0.0	0.0	0.0	0.0	0.0	0.0	0.0	0.0	0.08333333333333333	0.0015	0.25806451612903225	0.15	0.14285714285714285	0.0	0.0	0.0	0.0	0.0	0.0	0.0	0.0	0.0	0.0	
Pacific Golden-Plover	0.0	0.0	0.0	0.0	0.0	0.0	0.0	0.0	0.0	0.0	0.0	0.0	0.0	0.0	0.0	0.0	0.0	0.0	0.0	0.0	0.0	0.0	0.0	0.0	0.0	0.0	0.0	0.0	0.0	0.0	0.0	0.0	0.0	0.0	0.0	0.06451612903225806	0.05	0.0	0.0	0.0	0.0	0.0	0.0	0.0	0.0	0.0	0.0	0.0	
American/Pacific Golden-Plover (Lesser Golden-Plover)	0.0	0.0	0.0	0.0	0.0	0.0	0.0	0.0	0.0	0.0	0.0	0.0	0.0	0.0	0.0	0.034482758620689655	0.0	0.0	0.0	0.0	0.0	0.0	0.0	0.0	0.0	0.0	0.0	0.0	0.0	0.0	0.0	0.0	0.0	0.0	0.0	0.03225806451612903	0.0015	0.07142857142857142	0.0015	0.0	0.0	0.0	0.0	0.0	0.0	0.0	0.0	0.0	
golden-plover sp.	0.0	0.0	0.0	0.0	0.0	0.0	0.0	0.0	0.0	0.0	0.0	0.0	0.0	0.0	0.0	0.0	0.0	0.0	0.0	0.0	0.0	0.0	0.0	0.0	0.0	0.0	0.0	0.0	0.0	0.0	0.0	0.0	0.0	0.0	0.0	0.0015	0.0015	0.0	0.0	0.0	0.0	0.0	0.0	0.0	0.0	0.0	0.0	0.0	
Black-bellied Plover/golden-plover sp.	0.0	0.0	0.0	0.0	0.0	0.0	0.0	0.0	0.0	0.0	0.0	0.0	0.0	0.0	0.0	0.0	0.0	0.0	0.0	0.0	0.0	0.0	0.0	0.0	0.0	0.0	0.0	0.0	0.0	0.0	0.0	0.0	0.0	0.0	0.0	0.03225806451612903	0.0	0.0	0.0625	0.0	0.0	0.0	0.0	0.0	0.0	0.0	0.0	0.0	
Snowy Plover	0.0	0.0	0.0	0.0	0.0	0.0	0.0	0.0	0.0	0.0	0.0	0.0	0.0	0.0	0.0	0.0	0.0	0.0	0.0	0.06666666666666667	0.0	0.0	0.0	0.0	0.0	0.0	0.0	0.0	0.0	0.0	0.0	0.0	0.0	0.0	0.0	0.0	0.0	0.0	0.0	0.0	0.0	0.0	0.0	0.0	0.0	0.0	0.0	0.0	
Semipalmated Plover	0.0	0.0	0.0	0.0	0.0	0.0	0.0	0.0	0.0	0.0	0.0	0.0	0.0	0.0	0.0625	0.06896551724137931	0.1111111111111111	0.3076923076923077	0.07692307692307693	0.06666666666666667	0.0	0.0015	0.0015	0.07692307692307693	0.0015	0.21052631578947367	0.4482758620689655	0.5555555555555556	0.5277777777777778	0.5925925925925926	0.68	0.6785714285714286	0.8095238095238095	0.5416666666666666	0.4166666666666667	0.3548387096774194	0.2	0.35714285714285715	0.0625	0.0	0.18181818181818182	0.125	0.0	0.0	0.0	0.0	0.0	0.0	
Killdeer	0.0625	0.0	0.16666666666666666	0.0	0.1	0.15384615384615385	0.0	0.5	0.23076923076923078	0.3333333333333333	0.5	0.25	0.3333333333333333	0.3333333333333333	0.4375	0.5517241379310345	0.5555555555555556	0.6153846153846154	0.5384615384615384	0.8666666666666667	0.6666666666666666	0.6	0.3333333333333333	0.5384615384615384	0.5	0.7368421052631579	0.5172413793103449	0.48148148148148145	0.3888888888888889	0.3333333333333333	0.32	0.39285714285714285	0.5238095238095238	0.5833333333333334	0.5	0.5806451612903226	0.25	0.21428571428571427	0.3125	0.25	0.09090909090909091	0.0	0.0015	0.09090909090909091	0.0	0.0	0.0	0.21739130434782608	
Whimbrel	0.0	0.0	0.0	0.0	0.0	0.0	0.0	0.0	0.0	0.0	0.0	0.0	0.0	0.0	0.0625	0.0015	0.16666666666666666	0.0	0.0	0.13333333333333333	0.0	0.0	0.0	0.0	0.0015	0.0	0.0	0.0	0.0	0.0	0.0	0.07142857142857142	0.047619047619047616	0.0015	0.0	0.0015	0.0	0.0	0.0	0.0	0.0	0.0	0.0	0.0	0.0	0.0	0.0	0.0	
Long-billed Curlew	0.0	0.0	0.0	0.0	0.0	0.0	0.0	0.0	0.0	0.0	0.0	0.0	0.1111111111111111	0.0	0.0	0.0	0.05555555555555555	0.0	0.0	0.0	0.0	0.0	0.0	0.0	0.0	0.0	0.0	0.0	0.0	0.0	0.0	0.0	0.0	0.0	0.0	0.0	0.0	0.0	0.0	0.0	0.0	0.0	0.0	0.0	0.0	0.0	0.0	0.0	
Marbled Godwit	0.0	0.0	0.0	0.0	0.0	0.0	0.0	0.0	0.0	0.0	0.0	0.0	0.0	0.0	0.0	0.0	0.0	0.0	0.0	0.2	0.0	0.0	0.0	0.0	0.0	0.0	0.0	0.0	0.0	0.07407407407407407	0.0	0.0	0.0	0.0	0.0	0.06451612903225806	0.0	0.0	0.0	0.0	0.0	0.0	0.0	0.0	0.0	0.0	0.0	0.0	
Ruddy Turnstone	0.0	0.0	0.0	0.0	0.0	0.0	0.0	0.0	0.0	0.0	0.0	0.0	0.0	0.0	0.0	0.0	0.0	0.0	0.0	0.0	0.0	0.0	0.0	0.0	0.0	0.0	0.0	0.0015	0.0	0.0	0.0	0.0	0.0	0.0	0.0	0.0	0.0	0.0	0.0	0.0	0.0	0.0	0.0	0.0	0.0	0.0	0.0	0.0	
Black Turnstone	0.0	0.0	0.0	0.058823529411764705	0.0	0.0	0.0	0.0	0.0	0.0	0.1	0.0	0.0	0.0	0.0	0.0	0.0	0.0	0.0	0.0	0.0	0.0	0.0	0.0	0.0	0.0	0.0	0.0	0.0	0.0	0.04	0.0	0.047619047619047616	0.0	0.0	0.0	0.0015	0.0	0.0	0.0	0.0	0.125	0.0	0.0	0.1	0.0	0.0	0.0	
Red Knot	0.0	0.0	0.0	0.0	0.0	0.0	0.0	0.0	0.0	0.0	0.0	0.0	0.0	0.0	0.0	0.0	0.0	0.0	0.0	0.0	0.0	0.0	0.0	0.0	0.0	0.0	0.0	0.0015	0.0	0.0	0.0	0.03571428571428571	0.047619047619047616	0.08333333333333333	0.0	0.0	0.0	0.0	0.0	0.0	0.0	0.0	0.0	0.0	0.0	0.0	0.0	0.0	
Ruff	0.0	0.0	0.0	0.0	0.0	0.0	0.0	0.0	0.0	0.0	0.0	0.0	0.0	0.0	0.0	0.0	0.0	0.0	0.0	0.0	0.0	0.0	0.0	0.0	0.0	0.0	0.0	0.0	0.0	0.0	0.0	0.0	0.0	0.08333333333333333	0.0	0.0	0.0	0.0	0.0	0.0	0.0	0.0	0.0	0.0	0.0	0.0	0.0	0.0	
Sharp-tailed Sandpiper	0.0	0.0	0.0	0.0	0.0	0.0	0.0	0.0	0.0	0.0	0.0	0.0	0.0	0.0	0.0	0.0	0.0	0.0	0.0	0.0	0.0	0.0	0.0	0.0	0.0	0.0	0.0	0.0	0.0	0.0	0.0	0.0	0.0	0.0	0.0	0.0015	0.0015	0.0	0.0	0.0	0.0	0.0	0.0	0.0	0.0	0.0	0.0	0.0	
Stilt Sandpiper	0.0	0.0	0.0	0.0	0.0	0.0	0.0	0.0	0.0	0.0	0.0	0.0	0.0	0.0	0.0	0.0	0.0	0.0	0.0	0.0	0.0	0.0	0.0	0.0	0.0	0.0	0.0	0.0	0.0	0.0	0.0015	0.07142857142857142	0.09523809523809523	0.08333333333333333	0.0	0.0015	0.0	0.0	0.0	0.0	0.0	0.0	0.0	0.0	0.0	0.0	0.0	0.0	
Curlew Sandpiper	0.0	0.0	0.0	0.0	0.0	0.0	0.0	0.0	0.0	0.0	0.0	0.0	0.0	0.0	0.0	0.0	0.0	0.0	0.0	0.0	0.0	0.0	0.0	0.0	0.0	0.0	0.0015	0.0	0.0	0.0	0.0	0.0	0.0	0.0	0.0	0.0	0.0	0.0	0.0	0.0	0.0	0.0	0.0	0.0	0.0	0.0	0.0	0.0	
Red-necked Stint	0.0	0.0	0.0	0.0	0.0	0.0	0.0	0.0	0.0	0.0	0.0	0.0	0.0	0.0	0.0	0.0	0.0	0.0	0.0	0.0	0.0	0.0	0.0	0.0	0.0	0.5131578947368421	0.0	0.0	0.0	0.0	0.0	0.0	0.0	0.0	0.0	0.0	0.0	0.0	0.0	0.0	0.0	0.0	0.0	0.0	0.0	0.0	0.0	0.0	
Sanderling	0.0	0.0	0.0	0.0	0.0	0.0	0.0	0.125	0.0	0.0	0.1	0.0	0.0	0.0	0.0	0.0	0.05555555555555555	0.0	0.0	0.06666666666666667	0.0015	0.0	0.0	0.0	0.125	0.039473684210526314	0.034482758620689655	0.018518518518518517	0.08333333333333333	0.0015	0.04	0.21428571428571427	0.23809523809523808	0.3333333333333333	0.041666666666666664	0.12903225806451613	0.0	0.0015	0.0625	0.041666666666666664	0.0	0.25	0.0	0.18181818181818182	0.0	0.0	0.0	0.0	
Dunlin	0.1875	0.2	0.16666666666666666	0.23529411764705882	0.0015	0.07692307692307693	0.09090909090909091	0.125	0.07692307692307693	0.1111111111111111	0.4	0.25	0.3333333333333333	0.4444444444444444	0.5	0.5172413793103449	0.5	0.5384615384615384	0.23076923076923078	0.3333333333333333	0.0015	0.2	0.0	0.0	0.0	0.0	0.0	0.0015	0.0	0.0	0.0	0.0	0.0	0.0	0.125	0.2903225806451613	0.55	0.35714285714285715	0.75	0.5833333333333334	0.5454545454545454	0.625	0.5	0.2727272727272727	0.5	0.14285714285714285	0.2	0.30434782608695654	
Baird's Sandpiper	0.0	0.0	0.0	0.0	0.0	0.0	0.0	0.0	0.0	0.0	0.0	0.0	0.0	0.0	0.0	0.0	0.0	0.0	0.0	0.0	0.0	0.0	0.0	0.0	0.0	0.0	0.0015	0.1111111111111111	0.19444444444444445	0.07407407407407407	0.24	0.2857142857142857	0.38095238095238093	0.2916666666666667	0.25	0.0967741935483871	0.05	0.0	0.0	0.0	0.0	0.0	0.0	0.0	0.0	0.0	0.0	0.0	
Least Sandpiper	0.0625	0.0015	0.16666666666666666	0.11764705882352941	0.1	0.07692307692307693	0.0	0.0	0.15384615384615385	0.2222222222222222	0.6	0.3333333333333333	0.3333333333333333	0.2777777777777778	0.3125	0.4827586206896552	0.3888888888888889	0.23076923076923078	0.0015	0.2	0.0	0.0	0.0	0.15384615384615385	0.4375	0.868421052631579	0.6896551724137931	0.6296296296296297	0.7222222222222222	0.7407407407407407	0.72	0.7857142857142857	0.8095238095238095	0.5833333333333334	0.6666666666666666	0.6774193548387096	0.45	0.5714285714285714	0.6875	0.5833333333333334	0.36363636363636365	0.625	0.3333333333333333	0.36363636363636365	0.2	0.0015	0.2	0.0	
Buff-breasted Sandpiper	0.0	0.0	0.0	0.0	0.0	0.0	0.0	0.0	0.0	0.0	0.0	0.0	0.0	0.0	0.0	0.0	0.0	0.0	0.0	0.0	0.0	0.0	0.0	0.0	0.0	0.0	0.034482758620689655	0.0	0.0	0.0	0.0	0.0015	0.0	0.0	0.0	0.0	0.0	0.0	0.0	0.0	0.0	0.0	0.0	0.0	0.0	0.0	0.0	0.0	
Pectoral Sandpiper	0.0	0.0	0.0	0.0	0.0	0.0	0.0	0.0	0.0	0.0	0.0	0.0	0.0	0.0	0.0	0.0	0.0	0.0	0.0	0.06666666666666667	0.0	0.0	0.0	0.0	0.0	0.02631578947368421	0.0	0.05555555555555555	0.027777777777777776	0.037037037037037035	0.04	0.10714285714285714	0.23809523809523808	0.3333333333333333	0.2916666666666667	0.2903225806451613	0.3	0.2857142857142857	0.0015	0.0015	0.0	0.0	0.0	0.0	0.0	0.0	0.0	0.0	
Semipalmated Sandpiper	0.0	0.0	0.0	0.0	0.0	0.0	0.0	0.0	0.0	0.0	0.0	0.0	0.0	0.0	0.0	0.0	0.0	0.07692307692307693	0.0	0.06666666666666667	0.0	0.0	0.0	0.07692307692307693	0.125	0.5	0.27586206896551724	0.25925925925925924	0.2222222222222222	0.2222222222222222	0.2	0.17857142857142858	0.19047619047619047	0.16666666666666666	0.041666666666666664	0.0015	0.0	0.0	0.0	0.0	0.0	0.0	0.0	0.0	0.0	0.0	0.0	0.0	
Western Sandpiper	0.0625	0.0015	0.16666666666666666	0.058823529411764705	0.1	0.07692307692307693	0.0	0.0	0.0	0.1111111111111111	0.3	0.0	0.1111111111111111	0.16666666666666666	0.375	0.6551724137931034	0.6111111111111112	0.5384615384615384	0.23076923076923078	0.4	0.0015	0.0	0.0	0.3076923076923077	0.5625	0.8289473684210527	0.7241379310344828	0.7222222222222222	0.6944444444444444	0.8148148148148148	0.76	0.75	0.9047619047619048	0.875	0.75	0.7419354838709677	0.6	0.5	0.4375	0.125	0.36363636363636365	0.375	0.25	0.2727272727272727	0.3	0.14285714285714285	0.2	0.043478260869565216	
Semipalmated/Western Sandpiper	0.0	0.0	0.0	0.0	0.0	0.0	0.0	0.0	0.0	0.0	0.0	0.0	0.0	0.0	0.0	0.0	0.0	0.0	0.0	0.0	0.0	0.0	0.0	0.07692307692307693	0.0	0.02631578947368421	0.0	0.037037037037037035	0.027777777777777776	0.0	0.04	0.0	0.0	0.0	0.0	0.0	0.0	0.0	0.0	0.0	0.0	0.0	0.0	0.0	0.0	0.0	0.0	0.0	
peep sp.	0.0	0.0015	0.0015	0.0	0.1	0.0015	0.0015	0.0	0.0	0.2222222222222222	0.1	0.0015	0.1111111111111111	0.0015	0.0015	0.13793103448275862	0.1111111111111111	0.38461538461538464	0.15384615384615385	0.13333333333333333	0.0015	0.0015	0.0	0.15384615384615385	0.1875	0.39473684210526316	0.20689655172413793	0.35185185185185186	0.3055555555555556	0.2962962962962963	0.32	0.35714285714285715	0.2857142857142857	0.16666666666666666	0.2916666666666667	0.3225806451612903	0.2	0.2857142857142857	0.375	0.041666666666666664	0.09090909090909091	0.0015	0.25	0.09090909090909091	0.1	0.0015	0.0	0.043478260869565216	
Calidris sp.	0.0	0.0	0.0	0.0	0.0	0.0	0.0	0.0	0.0	0.0	0.0	0.0	0.0	0.0	0.0	0.0	0.05555555555555555	0.0	0.0	0.0	0.0	0.0	0.0	0.0	0.0	0.0	0.034482758620689655	0.0	0.0	0.0	0.0	0.0	0.0	0.0	0.0	0.0	0.0	0.0	0.0	0.0	0.0	0.0	0.0	0.0	0.0	0.0	0.0	0.0	
Short-billed Dowitcher	0.0	0.0	0.0	0.0	0.0	0.0	0.0	0.0	0.0	0.0	0.0	0.0	0.0	0.0015	0.125	0.10344827586206896	0.0015	0.15384615384615385	0.0015	0.06666666666666667	0.0	0.0	0.0	0.07692307692307693	0.0625	0.02631578947368421	0.10344827586206896	0.1111111111111111	0.08333333333333333	0.14814814814814814	0.16	0.17857142857142858	0.23809523809523808	0.041666666666666664	0.0015	0.0015	0.0015	0.07142857142857142	0.0015	0.041666666666666664	0.0	0.0	0.0	0.0	0.0	0.0	0.0	0.0	
Long-billed Dowitcher	0.0	0.0	0.0	0.0	0.0	0.07692307692307693	0.0	0.0	0.0	0.0	0.0	0.0	0.0	0.0	0.0	0.034482758620689655	0.05555555555555555	0.0015	0.0015	0.06666666666666667	0.0	0.0	0.0	0.07692307692307693	0.125	0.15789473684210525	0.20689655172413793	0.3148148148148148	0.3611111111111111	0.25925925925925924	0.12	0.10714285714285714	0.047619047619047616	0.16666666666666666	0.2916666666666667	0.2903225806451613	0.35	0.42857142857142855	0.3125	0.25	0.18181818181818182	0.125	0.08333333333333333	0.0	0.0	0.0	0.2	0.0	
Short-billed/Long-billed Dowitcher	0.0	0.0	0.0	0.0	0.0	0.0	0.0	0.0	0.0	0.0	0.0	0.0	0.0	0.05555555555555555	0.0	0.0	0.0015	0.07692307692307693	0.15384615384615385	0.0	0.0	0.0	0.0	0.0	0.125	0.039473684210526314	0.10344827586206896	0.07407407407407407	0.19444444444444445	0.18518518518518517	0.16	0.21428571428571427	0.19047619047619047	0.041666666666666664	0.20833333333333334	0.2903225806451613	0.3	0.07142857142857142	0.25	0.041666666666666664	0.09090909090909091	0.0015	0.0	0.0	0.0	0.0	0.0	0.0	
Wilson's Snipe	0.0625	0.0	0.0	0.0	0.0	0.0	0.0	0.0	0.0	0.0	0.0	0.0	0.1111111111111111	0.05555555555555555	0.0625	0.0	0.0015	0.0	0.0	0.0	0.0	0.0	0.0	0.0	0.0	0.0	0.0	0.0	0.0	0.0	0.0	0.0	0.0	0.0	0.0	0.0	0.0015	0.2857142857142857	0.0625	0.0	0.0	0.0	0.0	0.0	0.0	0.0	0.0	0.08695652173913043	
Wilson's Phalarope	0.0	0.0	0.0	0.0	0.0	0.0	0.0	0.0	0.0	0.0	0.0	0.0	0.0	0.0	0.0	0.0	0.0	0.07692307692307693	0.07692307692307693	0.0	0.0	0.0	0.0	0.0015	0.0	0.0	0.0	0.018518518518518517	0.05555555555555555	0.0015	0.04	0.0	0.0	0.0015	0.0	0.0	0.0	0.0	0.0	0.0	0.0	0.0	0.0	0.0	0.0	0.0	0.0	0.0	
Red-necked Phalarope	0.0	0.0	0.0	0.0	0.0	0.0	0.0	0.0	0.0	0.0	0.0	0.0	0.0	0.0	0.0	0.0	0.0	0.0	0.0	0.06666666666666667	0.0	0.0	0.0	0.0015	0.0625	0.0015	0.0015	0.0015	0.1111111111111111	0.1111111111111111	0.28	0.25	0.14285714285714285	0.08333333333333333	0.041666666666666664	0.0015	0.0	0.0	0.0	0.0	0.0	0.0	0.0	0.0	0.0	0.0	0.0	0.0	
Spotted Sandpiper	0.0	0.0	0.0	0.0	0.0	0.0	0.0	0.0	0.0	0.0	0.0	0.0	0.0	0.0	0.0	0.0	0.0	0.0	0.0	0.06666666666666667	0.0	0.0	0.0	0.0	0.0	0.0015	0.0	0.037037037037037035	0.0	0.0	0.0	0.0	0.0	0.0	0.0	0.0	0.0	0.0	0.0	0.0	0.0	0.0	0.0	0.0	0.0	0.0	0.0	0.0	
Greater Yellowlegs	0.125	0.2	0.3333333333333333	0.11764705882352941	0.2	0.23076923076923078	0.0015	0.0015	0.0015	0.0015	0.1	0.25	0.1111111111111111	0.3888888888888889	0.25	0.20689655172413793	0.05555555555555555	0.15384615384615385	0.07692307692307693	0.06666666666666667	0.0015	0.0	0.0	0.23076923076923078	0.1875	0.27631578947368424	0.20689655172413793	0.46296296296296297	0.5	0.4444444444444444	0.44	0.32142857142857145	0.6190476190476191	0.25	0.5833333333333334	0.6451612903225806	0.5	0.7857142857142857	0.75	0.5416666666666666	0.36363636363636365	0.375	0.25	0.36363636363636365	0.1	0.0	0.4	0.13043478260869565	
Willet	0.0	0.0	0.0	0.0	0.0	0.0	0.0	0.0	0.0	0.0	0.0	0.0	0.0	0.0	0.0	0.0	0.0	0.0	0.0	0.0	0.0	0.0	0.0	0.0	0.0	0.0	0.0	0.0	0.08333333333333333	0.0	0.0	0.0	0.0	0.0	0.0	0.0	0.0	0.0	0.0	0.0	0.0	0.0	0.0	0.0	0.0	0.0	0.0	0.0	
Lesser Yellowlegs	0.0	0.0	0.0	0.0	0.0	0.0	0.0	0.0	0.0	0.0	0.0	0.0	0.0015	0.0	0.0015	0.0015	0.05555555555555555	0.0015	0.0	0.0	0.0	0.0	0.0	0.07692307692307693	0.0015	0.06578947368421052	0.13793103448275862	0.16666666666666666	0.2777777777777778	0.25925925925925924	0.16	0.07142857142857142	0.09523809523809523	0.16666666666666666	0.2916666666666667	0.03225806451612903	0.05	0.0015	0.0015	0.08333333333333333	0.0	0.0	0.0	0.0	0.0	0.0	0.0	0.0	
Greater/Lesser Yellowlegs	0.0015	0.0	0.0015	0.058823529411764705	0.0015	0.0	0.0015	0.0	0.0	0.0	0.0	0.0015	0.0	0.05555555555555555	0.0015	0.034482758620689655	0.0015	0.0015	0.0015	0.0	0.0	0.0	0.0	0.0015	0.0015	0.013157894736842105	0.034482758620689655	0.018518518518518517	0.05555555555555555	0.07407407407407407	0.04	0.03571428571428571	0.047619047619047616	0.0015	0.08333333333333333	0.06451612903225806	0.0015	0.0015	0.0015	0.041666666666666664	0.0015	0.0015	0.0015	0.0015	0.0	0.0	0.0015	0.0	
shorebird sp.	0.0	0.0	0.0	0.0	0.0	0.0	0.0	0.0	0.0	0.0	0.0	0.0	0.0	0.0	0.0	0.0	0.0	0.0	0.0	0.0	0.0	0.0	0.0	0.0	0.0	0.05263157894736842	0.06896551724137931	0.0	0.027777777777777776	0.0	0.0	0.03571428571428571	0.0	0.0	0.08333333333333333	0.03225806451612903	0.0	0.0	0.0	0.041666666666666664	0.0	0.0	0.0	0.0	0.1	0.0	0.0	0.0	
Common Murre	0.0	0.0	0.0	0.0	0.0	0.0	0.0	0.0	0.0	0.0	0.0	0.0	0.0	0.0	0.0	0.0	0.0	0.0	0.0	0.0	0.0	0.0	0.0	0.0	0.0	0.0	0.034482758620689655	0.0	0.0	0.037037037037037035	0.0	0.07142857142857142	0.0	0.041666666666666664	0.0	0.0	0.0	0.0	0.0	0.041666666666666664	0.0015	0.0	0.0	0.0	0.0	0.0	0.0	0.043478260869565216	
Pigeon Guillemot	0.125	0.2	0.16666666666666666	0.058823529411764705	0.0	0.23076923076923078	0.18181818181818182	0.0	0.15384615384615385	0.0	0.2	0.08333333333333333	0.2222222222222222	0.16666666666666666	0.3125	0.27586206896551724	0.16666666666666666	0.23076923076923078	0.23076923076923078	0.26666666666666666	0.0	0.2	0.0	0.23076923076923078	0.1875	0.10526315789473684	0.10344827586206896	0.16666666666666666	0.16666666666666666	0.25925925925925924	0.2	0.10714285714285714	0.09523809523809523	0.08333333333333333	0.041666666666666664	0.06451612903225806	0.05	0.14285714285714285	0.0	0.041666666666666664	0.09090909090909091	0.125	0.08333333333333333	0.09090909090909091	0.2	0.0	0.4	0.13043478260869565	
Marbled Murrelet	0.0625	0.0	0.0	0.0	0.0	0.07692307692307693	0.0	0.0	0.0	0.0	0.0	0.0	0.0	0.0	0.0	0.034482758620689655	0.0	0.0	0.0	0.0	0.0	0.0	0.0	0.0	0.0	0.0015	0.0	0.0	0.0	0.0	0.04	0.0	0.0	0.0	0.0	0.0	0.0	0.0	0.0	0.0	0.0	0.0	0.0	0.0	0.0	0.0	0.0	0.0	
Ancient Murrelet	0.0	0.0	0.0	0.0	0.0	0.0	0.0	0.0	0.0	0.0	0.0	0.0	0.0	0.0	0.0	0.0	0.0	0.0	0.0	0.0	0.0	0.0	0.0	0.0	0.0	0.0	0.0	0.0	0.0	0.0	0.0	0.0	0.0	0.0	0.0	0.0	0.0	0.0	0.0	0.0	0.0	0.0	0.0	0.0	0.0	0.0	0.0	0.043478260869565216	
Rhinoceros Auklet	0.0	0.0	0.0	0.0	0.0	0.07692307692307693	0.09090909090909091	0.0	0.07692307692307693	0.0	0.0	0.0	0.2222222222222222	0.05555555555555555	0.25	0.1724137931034483	0.0	0.07692307692307693	0.15384615384615385	0.13333333333333333	0.0	0.0	0.0	0.23076923076923078	0.0625	0.05263157894736842	0.06896551724137931	0.09259259259259259	0.08333333333333333	0.14814814814814814	0.0	0.03571428571428571	0.0	0.041666666666666664	0.041666666666666664	0.0	0.0	0.0	0.0	0.0	0.0015	0.0	0.0	0.0	0.0	0.0	0.0	0.0	
Bonaparte's Gull	0.0	0.0	0.0	0.0	0.0	0.0	0.0	0.0	0.0	0.0	0.0	0.0	0.0	0.0	0.0625	0.0015	0.0015	0.0	0.0	0.13333333333333333	0.0	0.0	0.2222222222222222	0.15384615384615385	0.0	0.0	0.10344827586206896	0.037037037037037035	0.05555555555555555	0.07407407407407407	0.0	0.03571428571428571	0.0	0.0	0.0	0.0	0.0	0.0	0.0	0.08333333333333333	0.0015	0.125	0.0	0.09090909090909091	0.0	0.0	0.0	0.0	
Black-headed Gull	0.0	0.0	0.0	0.0	0.0	0.0	0.0	0.0	0.0	0.0	0.0	0.0	0.0	0.0	0.0	0.0	0.0	0.0	0.0	0.0	0.0	0.0	0.0	0.0	0.0	0.0	0.0	0.0	0.0	0.0	0.0	0.0	0.0	0.0	0.0	0.0	0.0	0.0	0.0	0.0	0.0	0.0	0.0	0.0	0.0	0.0	0.0015	0.0	
Franklin's Gull	0.0	0.0	0.0	0.0	0.0	0.0	0.0	0.0	0.0	0.0	0.0	0.0	0.0	0.0	0.0	0.0	0.0	0.0	0.0	0.0	0.0	0.0	0.0	0.0	0.0	0.0	0.0	0.0	0.0	0.0	0.0	0.0	0.0	0.0	0.0	0.0015	0.0	0.0	0.0	0.0	0.0	0.0	0.0	0.0	0.0	0.0	0.0	0.0	
Heermann's Gull	0.0	0.0	0.0	0.0	0.0	0.0	0.0	0.0	0.0	0.0	0.0	0.0	0.0	0.0	0.0	0.0	0.0	0.0	0.0	0.0	0.0	0.0	0.0	0.07692307692307693	0.0625	0.09210526315789473	0.1724137931034483	0.1111111111111111	0.1111111111111111	0.2222222222222222	0.12	0.10714285714285714	0.09523809523809523	0.125	0.08333333333333333	0.0967741935483871	0.2	0.21428571428571427	0.0625	0.0	0.0	0.0	0.0	0.0	0.0	0.0	0.0	0.0	
Mew Gull	0.0015	0.0	0.3333333333333333	0.0	0.0	0.0	0.0	0.0	0.23076923076923078	0.0	0.0	0.08333333333333333	0.1111111111111111	0.05555555555555555	0.0625	0.034482758620689655	0.1111111111111111	0.0	0.0	0.06666666666666667	0.0	0.0	0.0	0.0	0.0	0.0	0.0	0.0	0.08333333333333333	0.0	0.0	0.07142857142857142	0.0	0.041666666666666664	0.125	0.0	0.05	0.07142857142857142	0.0625	0.041666666666666664	0.09090909090909091	0.0	0.0	0.09090909090909091	0.0	0.0	0.0	0.043478260869565216	
Ring-billed Gull	0.0625	0.0	0.0	0.0	0.0	0.15384615384615385	0.0	0.0	0.0	0.0	0.0	0.0	0.0	0.0	0.0	0.034482758620689655	0.0	0.0	0.0	0.0	0.0	0.0	0.0	0.0	0.0625	0.013157894736842105	0.10344827586206896	0.1111111111111111	0.1111111111111111	0.0	0.04	0.07142857142857142	0.09523809523809523	0.041666666666666664	0.125	0.03225806451612903	0.1	0.07142857142857142	0.0	0.0	0.09090909090909091	0.125	0.0	0.0	0.0	0.0	0.2	0.043478260869565216	
Western Gull	0.125	0.0	0.0	0.0	0.0	0.0	0.0	0.0	0.0	0.0	0.0	0.08333333333333333	0.0	0.0	0.0	0.0	0.0	0.0	0.0	0.0	0.0	0.0	0.0	0.0	0.0	0.0	0.0	0.0	0.0	0.0	0.0	0.0	0.0	0.0	0.0	0.0	0.0	0.0	0.0	0.0	0.0	0.0	0.0	0.0	0.0	0.0	0.0	0.0	
California Gull	0.0	0.0	0.0	0.0	0.1	0.07692307692307693	0.18181818181818182	0.0	0.0	0.1111111111111111	0.0	0.0	0.0	0.0	0.0	0.0	0.05555555555555555	0.0	0.0	0.0	0.0	0.0	0.0	0.23076923076923078	0.1875	0.13157894736842105	0.3103448275862069	0.5740740740740741	0.6111111111111112	0.5185185185185185	0.56	0.4642857142857143	0.38095238095238093	0.5	0.4583333333333333	0.41935483870967744	0.3	0.35714285714285715	0.125	0.041666666666666664	0.0	0.0	0.0	0.09090909090909091	0.0	0.0	0.0	0.0	
Herring Gull	0.0	0.0	0.0	0.0	0.0	0.0	0.09090909090909091	0.0	0.0	0.0	0.0	0.0	0.0	0.0	0.0	0.0	0.1111111111111111	0.0	0.0	0.0	0.0	0.0	0.0	0.0	0.0	0.0	0.0	0.0	0.0	0.0	0.0	0.0	0.0	0.0	0.0	0.0	0.0	0.0	0.0	0.0	0.0	0.125	0.0	0.18181818181818182	0.0	0.0	0.2	0.043478260869565216	
Iceland Gull	0.0	0.0	0.16666666666666666	0.0	0.0	0.0	0.0	0.0	0.0	0.0	0.0	0.0	0.0	0.0	0.0	0.0	0.0	0.0	0.0	0.0	0.0	0.0	0.0	0.0	0.0	0.0	0.0	0.0	0.0	0.0	0.0	0.0	0.0	0.0	0.0	0.0	0.0	0.0	0.0	0.041666666666666664	0.0	0.0	0.0	0.0	0.0	0.0	0.0	0.043478260869565216	
Glaucous-winged Gull	0.25	0.4	0.3333333333333333	0.35294117647058826	0.2	0.38461538461538464	0.36363636363636365	0.375	0.3076923076923077	0.1111111111111111	0.5	0.4166666666666667	0.3333333333333333	0.3333333333333333	0.25	0.3103448275862069	0.2777777777777778	0.3076923076923077	0.07692307692307693	0.26666666666666666	0.16666666666666666	0.0	0.1111111111111111	0.23076923076923078	0.375	0.19736842105263158	0.1724137931034483	0.24074074074074073	0.25	0.25925925925925924	0.04	0.17857142857142858	0.14285714285714285	0.125	0.2916666666666667	0.22580645161290322	0.35	0.2857142857142857	0.1875	0.16666666666666666	0.09090909090909091	0.25	0.4166666666666667	0.2727272727272727	0.1	0.42857142857142855	0.0	0.17391304347826086	
Western x Glaucous-winged Gull (hybrid)	0.0625	0.2	0.16666666666666666	0.17647058823529413	0.1	0.07692307692307693	0.0	0.125	0.15384615384615385	0.0	0.0	0.0	0.1111111111111111	0.05555555555555555	0.0625	0.06896551724137931	0.1111111111111111	0.0	0.07692307692307693	0.13333333333333333	0.0	0.0	0.1111111111111111	0.23076923076923078	0.0	0.09210526315789473	0.034482758620689655	0.1111111111111111	0.1111111111111111	0.1111111111111111	0.16	0.0	0.047619047619047616	0.20833333333333334	0.16666666666666666	0.16129032258064516	0.2	0.35714285714285715	0.1875	0.0	0.18181818181818182	0.0	0.08333333333333333	0.2727272727272727	0.0	0.14285714285714285	0.0	0.30434782608695654	
Western/Glaucous-winged Gull	0.0625	0.0	0.0	0.0	0.0	0.0	0.0	0.0	0.0	0.0	0.0	0.08333333333333333	0.0	0.0	0.0	0.034482758620689655	0.1111111111111111	0.0	0.0	0.0	0.0	0.0	0.0	0.07692307692307693	0.0	0.02631578947368421	0.0	0.037037037037037035	0.027777777777777776	0.037037037037037035	0.08	0.0	0.0	0.041666666666666664	0.041666666666666664	0.03225806451612903	0.0	0.0	0.0	0.0	0.0	0.0	0.0	0.09090909090909091	0.1	0.0	0.0	0.0	
Larus sp.	0.0	0.0	0.0	0.0	0.1	0.0	0.0	0.125	0.07692307692307693	0.0	0.0	0.0	0.0	0.0	0.0	0.0	0.16666666666666666	0.0	0.0	0.0	0.0	0.0	0.0	0.07692307692307693	0.0	0.039473684210526314	0.06896551724137931	0.1111111111111111	0.08333333333333333	0.037037037037037035	0.04	0.03571428571428571	0.0	0.08333333333333333	0.0	0.03225806451612903	0.0	0.07142857142857142	0.0625	0.0	0.18181818181818182	0.0	0.0	0.0	0.1	0.0	0.0	0.0	
gull sp.	0.0	0.0	0.0	0.17647058823529413	0.1	0.0	0.18181818181818182	0.0	0.07692307692307693	0.0	0.1	0.08333333333333333	0.0	0.1111111111111111	0.0625	0.034482758620689655	0.05555555555555555	0.0	0.07692307692307693	0.06666666666666667	0.0	0.0	0.0	0.15384615384615385	0.0625	0.07894736842105263	0.0	0.037037037037037035	0.08333333333333333	0.037037037037037035	0.08	0.10714285714285714	0.047619047619047616	0.125	0.041666666666666664	0.0967741935483871	0.05	0.07142857142857142	0.0625	0.125	0.09090909090909091	0.25	0.0	0.09090909090909091	0.0	0.14285714285714285	0.0	0.17391304347826086	
Caspian Tern	0.0	0.0	0.0	0.0	0.0	0.0	0.0	0.0	0.0	0.0	0.0	0.0	0.0	0.0	0.0625	0.06896551724137931	0.4444444444444444	0.07692307692307693	0.23076923076923078	0.5333333333333333	0.5	0.2	0.3333333333333333	0.5384615384615384	0.5625	0.34210526315789475	0.41379310344827586	0.5	0.5555555555555556	0.5555555555555556	0.32	0.4642857142857143	0.3333333333333333	0.375	0.25	0.0967741935483871	0.0	0.0	0.0	0.0	0.0	0.0	0.0	0.0	0.0	0.0	0.0	0.0	
Common Tern	0.0	0.0	0.0	0.0	0.0	0.0	0.0	0.0	0.0	0.0	0.0	0.0	0.0	0.0	0.0	0.0	0.0	0.0	0.0	0.06666666666666667	0.0	0.0	0.1111111111111111	0.0015	0.0	0.013157894736842105	0.0	0.0	0.0	0.0	0.0	0.0	0.047619047619047616	0.0	0.0	0.0	0.0	0.0	0.0	0.0	0.0	0.0	0.0	0.0	0.0	0.0	0.0	0.0	
Elegant Tern	0.0	0.0	0.0	0.0	0.0	0.0	0.0	0.0	0.0	0.0	0.0	0.0	0.0	0.0	0.0	0.0	0.0	0.0	0.0	0.0	0.0	0.0	0.0	0.0	0.0	0.0	0.0	0.0015	0.0	0.0	0.0	0.0	0.0	0.0	0.0	0.0	0.0	0.0	0.0	0.0	0.0	0.0	0.0	0.0	0.0	0.0	0.0	0.0	
tern sp.	0.0	0.0	0.0	0.0	0.0	0.0	0.0	0.0	0.0	0.0	0.0	0.0	0.0	0.0	0.0	0.0	0.0	0.0	0.0	0.0	0.0	0.0	0.0	0.0	0.0	0.013157894736842105	0.0	0.0	0.0	0.0	0.0	0.0	0.0	0.0	0.0	0.0	0.0	0.0	0.0	0.0	0.0	0.0	0.0	0.0	0.0	0.0	0.0	0.0	
Red-throated Loon	0.0	0.0	0.3333333333333333	0.0	0.0	0.0	0.0	0.0	0.07692307692307693	0.0	0.0	0.08333333333333333	0.0	0.0	0.0	0.0	0.0	0.0	0.0	0.0	0.0	0.0	0.0	0.0	0.0	0.013157894736842105	0.0	0.0	0.0	0.0	0.0	0.0	0.0	0.0	0.0	0.0	0.0	0.0	0.0625	0.0	0.0	0.0	0.0	0.0	0.1	0.0	0.0	0.0	
Pacific Loon	0.0	0.0	0.16666666666666666	0.0	0.0	0.0	0.0	0.0	0.0	0.0	0.0	0.0	0.0	0.0	0.0625	0.0	0.0	0.0	0.0	0.0	0.0	0.0	0.0	0.0	0.0	0.0	0.0	0.0	0.0	0.0	0.0	0.0	0.047619047619047616	0.0	0.0	0.0	0.0	0.0	0.0	0.0	0.09090909090909091	0.0	0.0	0.0	0.0	0.0	0.0	0.043478260869565216	
Common Loon	0.125	0.0	0.0	0.0	0.1	0.15384615384615385	0.09090909090909091	0.0	0.07692307692307693	0.0	0.1	0.16666666666666666	0.1111111111111111	0.1111111111111111	0.125	0.20689655172413793	0.1111111111111111	0.0	0.0	0.0	0.0	0.0	0.0	0.0	0.0	0.0	0.034482758620689655	0.018518518518518517	0.0	0.0	0.08	0.0	0.0	0.0	0.041666666666666664	0.03225806451612903	0.15	0.07142857142857142	0.0625	0.08333333333333333	0.0	0.0	0.0	0.0	0.1	0.0	0.0	0.08695652173913043	
loon sp.	0.0015	0.0	0.0	0.058823529411764705	0.0	0.0	0.0	0.0	0.0	0.0	0.0	0.0	0.0	0.0	0.0	0.0	0.0	0.0	0.0	0.0	0.0	0.0	0.0	0.0	0.0	0.0	0.0	0.0	0.0	0.0	0.0	0.0	0.0	0.0	0.0	0.0	0.0	0.0	0.0	0.0	0.0	0.0	0.0	0.0	0.0	0.0	0.0	0.0	
Brandt's Cormorant	0.125	0.2	0.0	0.11764705882352941	0.0	0.07692307692307693	0.18181818181818182	0.0	0.23076923076923078	0.0	0.0	0.0	0.0	0.05555555555555555	0.0625	0.034482758620689655	0.0	0.0	0.0	0.0	0.0	0.0	0.0	0.15384615384615385	0.0	0.0	0.06896551724137931	0.037037037037037035	0.027777777777777776	0.037037037037037035	0.0	0.0	0.047619047619047616	0.0	0.0	0.03225806451612903	0.0	0.0	0.0	0.0	0.0	0.0	0.16666666666666666	0.0	0.0	0.0	0.2	0.13043478260869565	
Pelagic Cormorant	0.125	0.2	0.16666666666666666	0.11764705882352941	0.1	0.23076923076923078	0.18181818181818182	0.0	0.23076923076923078	0.0	0.2	0.08333333333333333	0.0	0.1111111111111111	0.25	0.13793103448275862	0.05555555555555555	0.07692307692307693	0.15384615384615385	0.0	0.0	0.0	0.1111111111111111	0.07692307692307693	0.0625	0.07894736842105263	0.13793103448275862	0.1111111111111111	0.08333333333333333	0.1111111111111111	0.16	0.10714285714285714	0.09523809523809523	0.041666666666666664	0.08333333333333333	0.16129032258064516	0.15	0.2857142857142857	0.0625	0.08333333333333333	0.0	0.0	0.08333333333333333	0.0	0.1	0.14285714285714285	0.2	0.17391304347826086	
Double-crested Cormorant	0.375	0.4	0.3333333333333333	0.5882352941176471	0.4	0.5384615384615384	0.2727272727272727	0.375	0.23076923076923078	0.3333333333333333	0.5	0.3333333333333333	0.4444444444444444	0.2777777777777778	0.3125	0.2413793103448276	0.16666666666666666	0.15384615384615385	0.0	0.0	0.0	0.0	0.1111111111111111	0.3076923076923077	0.25	0.14473684210526316	0.06896551724137931	0.09259259259259259	0.08333333333333333	0.037037037037037035	0.04	0.07142857142857142	0.047619047619047616	0.08333333333333333	0.0	0.12903225806451613	0.25	0.2857142857142857	0.125	0.25	0.2727272727272727	0.625	0.5833333333333334	0.7272727272727273	0.6	0.5714285714285714	0.4	0.5217391304347826	
cormorant sp.	0.0	0.0	0.0	0.058823529411764705	0.0	0.0	0.0	0.0	0.0	0.0	0.0	0.0	0.1111111111111111	0.0	0.0	0.0	0.0	0.0	0.0	0.0	0.0	0.0	0.0	0.07692307692307693	0.0	0.0	0.034482758620689655	0.0	0.0	0.0	0.0	0.0	0.047619047619047616	0.0	0.041666666666666664	0.0	0.05	0.0	0.0	0.0	0.0	0.0	0.0	0.09090909090909091	0.0	0.0	0.0	0.0	
American White Pelican	0.0	0.0	0.0	0.0	0.0	0.0	0.0	0.0	0.0	0.0	0.0	0.0	0.0	0.0	0.0	0.034482758620689655	0.0	0.0	0.0	0.06666666666666667	0.0	0.0	0.0015	0.0015	0.25	0.013157894736842105	0.06896551724137931	0.42592592592592593	0.5555555555555556	0.48148148148148145	0.36	0.07142857142857142	0.23809523809523808	0.16666666666666666	0.25	0.3870967741935484	0.0	0.0	0.0	0.0	0.0	0.0	0.0	0.0	0.0	0.0	0.0	0.0	
American Bittern	0.0	0.0	0.0	0.0	0.0	0.0	0.0	0.0	0.0	0.0	0.0	0.0	0.0	0.0	0.0	0.0	0.0	0.0	0.0	0.0	0.0	0.0	0.0	0.0	0.0	0.0015	0.0	0.0	0.0	0.0	0.0	0.0	0.0	0.0	0.0	0.0	0.0	0.0	0.0	0.041666666666666664	0.0	0.0	0.0	0.0	0.0	0.0	0.0	0.0	
Great Blue Heron	0.8125	0.8	1.0	0.7647058823529411	0.9	0.8461538461538461	0.6363636363636364	1.0	0.8461538461538461	0.6666666666666666	0.7	0.3333333333333333	0.5555555555555556	0.6111111111111112	0.5625	0.6551724137931034	0.8333333333333334	0.6153846153846154	0.6153846153846154	0.3333333333333333	0.5	0.4	0.5555555555555556	0.6153846153846154	0.75	0.6973684210526315	0.6206896551724138	0.8148148148148148	0.7222222222222222	0.7407407407407407	0.72	0.6785714285714286	0.6666666666666666	0.75	0.8333333333333334	0.6774193548387096	0.85	0.6428571428571429	0.8125	0.875	0.9090909090909091	0.5	0.8333333333333334	1.0	0.8	0.8571428571428571	0.8	0.8260869565217391	
Great Egret	0.0	0.0	0.0	0.0	0.0	0.0	0.0	0.0	0.0	0.0	0.0	0.0	0.0	0.0	0.0	0.0	0.0	0.0	0.0	0.0	0.0	0.0	0.0	0.0	0.0	0.0	0.0	0.0	0.0	0.1111111111111111	0.04	0.03571428571428571	0.047619047619047616	0.0	0.0	0.0	0.0	0.0	0.0	0.0	0.0	0.0	0.0015	0.0	0.0	0.0	0.0	0.0	
Snowy Egret	0.0	0.0	0.0	0.0	0.0	0.0	0.0	0.0	0.0	0.0	0.0	0.0	0.0	0.0	0.0	0.0	0.0	0.0	0.0	0.0	0.0	0.0	0.0	0.0	0.0	0.0	0.0	0.0	0.0	0.0	0.0	0.0	0.0	0.0	0.0	0.0	0.0	0.0	0.0	0.0	0.0	0.0015	0.0	0.0	0.0	0.0	0.0	0.0	
Little Blue Heron	0.0	0.0	0.0	0.0	0.0	0.0	0.0	0.0	0.0	0.0	0.0	0.0	0.0	0.0	0.0	0.0	0.0	0.0	0.0	0.0	0.0	0.0	0.0	0.0	0.0	0.0	0.0	0.0	0.0	0.0	0.0	0.0	0.0	0.0	0.0	0.0	0.0	0.0	0.0015	0.125	0.0	0.0	0.0	0.0	0.0	0.0	0.0	0.0	
Turkey Vulture	0.0	0.0	0.0	0.0	0.0	0.0	0.0	0.0	0.0	0.0	0.0	0.08333333333333333	0.0	0.0	0.0625	0.0	0.0	0.07692307692307693	0.0	0.0	0.0	0.0	0.0	0.0	0.0625	0.06578947368421052	0.06896551724137931	0.018518518518518517	0.05555555555555555	0.0	0.0	0.0	0.047619047619047616	0.0	0.0	0.0	0.1	0.0	0.0	0.0	0.0	0.0	0.0	0.0	0.0	0.0	0.0	0.0	
Osprey	0.0	0.0	0.0	0.0	0.0	0.0	0.0	0.0	0.0	0.0	0.0	0.0	0.0	0.0	0.0	0.0	0.05555555555555555	0.07692307692307693	0.0	0.06666666666666667	0.0	0.0	0.2222222222222222	0.15384615384615385	0.125	0.13157894736842105	0.034482758620689655	0.2222222222222222	0.19444444444444445	0.2962962962962963	0.24	0.03571428571428571	0.047619047619047616	0.125	0.0	0.06451612903225806	0.0	0.07142857142857142	0.0	0.0	0.0	0.0	0.0	0.0	0.0	0.0	0.0	0.0	
Northern Harrier	0.625	0.8	0.8333333333333334	0.7647058823529411	0.8	0.5384615384615384	0.8181818181818182	0.75	0.6153846153846154	0.5555555555555556	0.7	0.5	0.3333333333333333	0.7222222222222222	0.3125	0.5862068965517241	0.6111111111111112	0.23076923076923078	0.38461538461538464	0.4666666666666667	0.5	0.4	0.4444444444444444	0.5384615384615384	0.4375	0.7105263157894737	0.5172413793103449	0.3888888888888889	0.5	0.48148148148148145	0.4	0.5357142857142857	0.5714285714285714	0.5	0.5	0.45161290322580644	0.7	0.5714285714285714	0.5	0.875	0.5454545454545454	0.875	0.75	0.8181818181818182	0.7	0.5714285714285714	0.6	0.9130434782608695	
Sharp-shinned Hawk	0.0625	0.0	0.0	0.0	0.0	0.0	0.09090909090909091	0.125	0.0	0.0	0.0	0.0	0.0	0.0	0.0	0.0	0.0	0.0	0.0	0.0	0.0	0.0	0.0	0.0	0.0	0.0	0.0	0.018518518518518517	0.0	0.0	0.0	0.0	0.0	0.0	0.0	0.0	0.0	0.0	0.0	0.0	0.0	0.0	0.0	0.0	0.0	0.0	0.0	0.0	
Cooper's Hawk	0.0625	0.0	0.0	0.0	0.0	0.07692307692307693	0.0	0.0	0.0	0.0	0.0	0.0	0.0	0.0	0.0	0.034482758620689655	0.05555555555555555	0.0	0.0	0.0	0.0	0.0	0.0	0.0	0.0	0.0	0.0	0.018518518518518517	0.027777777777777776	0.0015	0.0	0.03571428571428571	0.09523809523809523	0.0	0.0	0.0	0.0	0.07142857142857142	0.0625	0.08333333333333333	0.0	0.0	0.08333333333333333	0.0	0.1	0.0	0.0	0.043478260869565216	
Sharp-shinned/Cooper's Hawk	0.0	0.0	0.0	0.058823529411764705	0.0	0.0	0.0	0.0	0.0	0.0	0.0	0.0	0.0	0.0	0.0	0.0	0.0	0.0	0.0	0.0	0.0	0.0	0.0	0.0	0.0	0.0	0.0	0.0	0.0	0.0	0.0	0.0	0.0	0.0	0.0	0.0	0.0	0.0	0.0	0.0	0.0	0.0	0.0	0.0	0.0	0.0	0.0	0.0	
Bald Eagle	0.625	0.8	0.5	0.6470588235294118	0.4	0.5384615384615384	0.5454545454545454	0.25	0.6923076923076923	0.4444444444444444	0.7	0.5833333333333334	0.2222222222222222	0.4444444444444444	0.0625	0.3793103448275862	0.6666666666666666	0.3076923076923077	0.23076923076923078	0.4	0.3333333333333333	0.2	0.4444444444444444	0.38461538461538464	0.5625	0.32894736842105265	0.2413793103448276	0.35185185185185186	0.19444444444444445	0.25925925925925924	0.0	0.10714285714285714	0.14285714285714285	0.16666666666666666	0.08333333333333333	0.03225806451612903	0.55	0.14285714285714285	0.625	0.4583333333333333	0.36363636363636365	0.375	0.5	0.6363636363636364	0.6	0.8571428571428571	0.4	0.6521739130434783	
Red-tailed Hawk	0.375	0.6	0.3333333333333333	0.5294117647058824	0.3	0.5384615384615384	0.2727272727272727	0.625	0.15384615384615385	0.6666666666666666	0.2	0.3333333333333333	0.4444444444444444	0.3333333333333333	0.125	0.06896551724137931	0.2222222222222222	0.0	0.07692307692307693	0.13333333333333333	0.3333333333333333	0.0	0.2222222222222222	0.15384615384615385	0.3125	0.2631578947368421	0.20689655172413793	0.2222222222222222	0.05555555555555555	0.18518518518518517	0.04	0.14285714285714285	0.19047619047619047	0.0	0.125	0.16129032258064516	0.2	0.2857142857142857	0.1875	0.375	0.36363636363636365	0.375	0.16666666666666666	0.45454545454545453	0.4	0.5714285714285714	0.6	0.6956521739130435	
Rough-legged Hawk	0.25	0.0	0.0	0.0	0.0	0.0	0.0	0.25	0.15384615384615385	0.0	0.0	0.0	0.0	0.1111111111111111	0.0	0.0	0.0	0.0	0.0	0.0	0.0	0.0	0.0	0.0	0.0	0.0	0.0	0.0	0.0	0.0	0.0	0.0	0.0	0.0	0.0	0.0	0.0	0.0	0.0	0.0	0.0	0.125	0.08333333333333333	0.09090909090909091	0.0	0.0	0.0015	0.13043478260869565	
Great Horned Owl	0.0625	0.0	0.0	0.058823529411764705	0.0	0.0	0.0	0.125	0.0	0.0	0.0	0.0	0.0	0.0	0.0	0.0	0.0	0.0	0.0	0.0	0.0	0.0	0.0	0.0	0.0	0.0	0.0	0.018518518518518517	0.0	0.0	0.0	0.0	0.0	0.0	0.0	0.0	0.0	0.0	0.0	0.0	0.0	0.0	0.0	0.0	0.0	0.0	0.0	0.0	
Snowy Owl	0.0	0.0	0.0	0.0	0.0	0.0	0.0	0.0	0.0	0.0	0.0	0.0	0.0	0.0	0.0	0.0	0.0	0.0	0.0	0.0	0.0	0.0	0.0	0.0	0.0	0.0	0.0	0.0	0.0	0.0	0.0	0.0	0.0	0.0	0.0	0.0	0.0	0.0	0.0	0.0	0.0	0.0	0.0	0.0	0.0	0.0	0.0	0.0015	
Short-eared Owl	0.125	0.0	0.0	0.058823529411764705	0.1	0.23076923076923078	0.09090909090909091	0.25	0.0	0.1111111111111111	0.0015	0.0	0.1111111111111111	0.0	0.125	0.06896551724137931	0.0	0.07692307692307693	0.0	0.0	0.0	0.0	0.0	0.0	0.0	0.0	0.0	0.0	0.0	0.0	0.0	0.0	0.0	0.0	0.0	0.0	0.0	0.0	0.125	0.0	0.0015	0.0	0.08333333333333333	0.09090909090909091	0.0015	0.14285714285714285	0.2	0.21739130434782608	
Belted Kingfisher	0.125	0.2	0.3333333333333333	0.29411764705882354	0.1	0.15384615384615385	0.09090909090909091	0.0	0.07692307692307693	0.0	0.0	0.16666666666666666	0.2222222222222222	0.2777777777777778	0.0625	0.0	0.0015	0.0	0.07692307692307693	0.06666666666666667	0.0	0.0	0.0	0.07692307692307693	0.125	0.02631578947368421	0.10344827586206896	0.1111111111111111	0.1388888888888889	0.2962962962962963	0.16	0.2857142857142857	0.14285714285714285	0.2916666666666667	0.16666666666666666	0.1935483870967742	0.25	0.2857142857142857	0.125	0.16666666666666666	0.2727272727272727	0.375	0.08333333333333333	0.36363636363636365	0.1	0.2857142857142857	0.2	0.2608695652173913	
Downy Woodpecker	0.0	0.0	0.0	0.0	0.0	0.0	0.0	0.0	0.0	0.0	0.0	0.0	0.1111111111111111	0.0	0.0	0.0	0.0	0.0	0.0	0.0	0.0	0.0	0.0	0.0	0.0625	0.0	0.0	0.0	0.0	0.0	0.0	0.0	0.0	0.0	0.0	0.0	0.05	0.0	0.0	0.0	0.0	0.0	0.0	0.0	0.1	0.0	0.0	0.08695652173913043	
Hairy Woodpecker	0.0	0.0	0.0	0.0	0.0	0.0	0.0	0.0	0.0	0.0	0.0	0.0	0.0	0.05555555555555555	0.0	0.0	0.0	0.0	0.0	0.0	0.0	0.0	0.0	0.0	0.0625	0.0	0.0	0.0	0.0	0.0	0.0	0.0	0.0	0.0	0.0	0.0	0.0	0.0	0.0	0.0	0.0	0.0	0.0	0.0	0.0	0.0	0.0	0.13043478260869565	
Pileated Woodpecker	0.0	0.0	0.0	0.0	0.0	0.0	0.09090909090909091	0.0	0.0	0.0	0.0	0.0	0.0	0.0	0.0	0.034482758620689655	0.0	0.0	0.0	0.0	0.0	0.0	0.0	0.0	0.0	0.0	0.0	0.0	0.0	0.037037037037037035	0.0	0.0	0.0	0.0	0.0	0.03225806451612903	0.0	0.0	0.0	0.0	0.0	0.0	0.0	0.0	0.0	0.0	0.0	0.0	
Northern Flicker	0.125	0.0	0.0	0.0	0.0	0.0	0.0	0.0	0.07692307692307693	0.0	0.1	0.0	0.1111111111111111	0.05555555555555555	0.1875	0.10344827586206896	0.0015	0.0	0.0	0.06666666666666667	0.16666666666666666	0.0	0.0	0.07692307692307693	0.0625	0.07894736842105263	0.2413793103448276	0.18518518518518517	0.027777777777777776	0.037037037037037035	0.0	0.03571428571428571	0.047619047619047616	0.08333333333333333	0.08333333333333333	0.16129032258064516	0.1	0.0	0.125	0.25	0.09090909090909091	0.0	0.0	0.0	0.0	0.0	0.0	0.30434782608695654	
American Kestrel	0.0015	0.2	0.16666666666666666	0.11764705882352941	0.1	0.07692307692307693	0.0015	0.0	0.07692307692307693	0.0	0.0	0.0	0.0	0.0	0.0	0.0	0.05555555555555555	0.0	0.0	0.0	0.16666666666666666	0.0	0.0	0.07692307692307693	0.0	0.0015	0.0015	0.018518518518518517	0.0	0.0	0.0	0.0	0.0	0.0	0.0	0.0	0.05	0.0	0.0625	0.041666666666666664	0.0	0.0	0.0	0.0	0.0015	0.0	0.0	0.043478260869565216	
Merlin	0.0	0.0	0.0	0.0	0.0	0.0	0.09090909090909091	0.0	0.0	0.0	0.0	0.0	0.0	0.05555555555555555	0.0	0.0	0.0	0.0	0.0	0.0	0.0	0.0	0.0	0.07692307692307693	0.0	0.039473684210526314	0.0	0.037037037037037035	0.0	0.07407407407407407	0.04	0.03571428571428571	0.0	0.041666666666666664	0.125	0.06451612903225806	0.1	0.07142857142857142	0.0	0.125	0.0015	0.0	0.08333333333333333	0.09090909090909091	0.0	0.0	0.0	0.043478260869565216	
Peregrine Falcon	0.0015	0.2	0.0	0.0	0.0	0.0	0.0	0.0	0.0	0.0	0.0	0.08333333333333333	0.0	0.05555555555555555	0.0015	0.0	0.05555555555555555	0.0	0.15384615384615385	0.0	0.0	0.0	0.0	0.0	0.0625	0.10526315789473684	0.034482758620689655	0.16666666666666666	0.08333333333333333	0.07407407407407407	0.12	0.10714285714285714	0.14285714285714285	0.041666666666666664	0.08333333333333333	0.25806451612903225	0.25	0.14285714285714285	0.25	0.20833333333333334	0.09090909090909091	0.125	0.0	0.0	0.0	0.0	0.0	0.043478260869565216	
falcon sp.	0.0	0.0	0.0	0.0	0.0	0.0	0.0	0.0	0.0	0.0	0.0	0.0	0.0	0.0	0.0	0.0	0.0	0.0	0.0	0.0	0.0	0.0	0.0	0.0	0.0	0.0	0.0	0.0	0.0	0.037037037037037035	0.0	0.0	0.0	0.0	0.0	0.0	0.0	0.0	0.0625	0.0	0.0	0.0	0.0	0.0	0.0	0.0	0.0	0.0	
Olive-sided Flycatcher	0.0	0.0	0.0	0.0	0.0	0.0	0.0	0.0	0.0	0.0	0.0	0.0	0.0	0.0	0.0	0.0	0.0	0.07692307692307693	0.0	0.0	0.0	0.0	0.0	0.0	0.0625	0.02631578947368421	0.0	0.1111111111111111	0.05555555555555555	0.037037037037037035	0.04	0.0	0.0	0.0	0.0	0.0	0.0	0.0	0.0	0.0	0.0	0.0	0.0	0.0	0.0	0.0	0.0	0.0	
Western Wood-Pewee	0.0	0.0	0.0	0.0	0.0	0.0	0.0	0.0	0.0	0.0	0.0	0.0	0.0	0.0	0.0	0.0	0.0	0.0	0.0	0.0	0.0	0.0	0.0	0.0	0.0	0.0015	0.0	0.018518518518518517	0.0	0.0	0.0	0.0	0.0	0.0	0.0	0.0	0.0	0.0	0.0	0.0	0.0	0.0	0.0	0.0	0.0	0.0	0.0	0.0	
Willow Flycatcher	0.0	0.0	0.0	0.0	0.0	0.0	0.0	0.0	0.0	0.0	0.0	0.0	0.0	0.0	0.0	0.0	0.0	0.0	0.0	0.0	0.0	0.0	0.2222222222222222	0.0	0.125	0.05263157894736842	0.0	0.1111111111111111	0.027777777777777776	0.037037037037037035	0.0	0.0	0.0	0.0	0.0	0.0	0.0	0.0	0.0	0.0	0.0	0.0	0.0	0.0	0.0	0.0	0.0	0.0	
Pacific-slope Flycatcher	0.0	0.0	0.0	0.0	0.0	0.0	0.0	0.0	0.0	0.0	0.0	0.0	0.0	0.0	0.0	0.0	0.0	0.0	0.0	0.0	0.0	0.0	0.0	0.0	0.0625	0.013157894736842105	0.034482758620689655	0.0	0.0	0.037037037037037035	0.0	0.0	0.0	0.0	0.0	0.0	0.0	0.0	0.0	0.0	0.0	0.0	0.0	0.0	0.0	0.0	0.0	0.0	
Western Kingbird	0.0	0.0	0.0	0.0	0.0	0.0	0.0	0.0	0.0	0.0	0.0	0.0	0.0	0.0	0.0	0.0015	0.0	0.0	0.0	0.0	0.0	0.0	0.0	0.0	0.0	0.0	0.0	0.0	0.0	0.0	0.0	0.0	0.0	0.0	0.0	0.0	0.0	0.0	0.0	0.0	0.0	0.0	0.0	0.0	0.0	0.0	0.0	0.0	
Northern Shrike	0.0625	0.2	0.0	0.0	0.0	0.0015	0.0	0.0	0.0	0.0	0.0	0.0	0.0	0.0	0.0	0.0	0.0	0.0	0.0	0.0	0.0	0.0	0.0	0.0	0.0	0.0	0.0	0.0	0.0	0.0	0.0	0.0	0.0	0.0	0.0	0.0	0.0	0.0	0.0	0.0	0.0015	0.0	0.08333333333333333	0.09090909090909091	0.1	0.0	0.2	0.0	
Warbling Vireo	0.0	0.0	0.0	0.0	0.0	0.0	0.0	0.0	0.0	0.0	0.0	0.0	0.0	0.0	0.0	0.0	0.0	0.0	0.0	0.0	0.0	0.0	0.0	0.0	0.0625	0.0	0.0	0.0	0.0	0.0	0.0	0.0	0.0	0.0	0.0	0.0	0.0	0.0	0.0	0.0	0.0	0.0	0.0	0.0	0.0	0.0	0.0	0.0	
Steller's Jay	0.0	0.0	0.0	0.0	0.0	0.0	0.0	0.0	0.0	0.0	0.0	0.0	0.0	0.0	0.0	0.0	0.0	0.0	0.0	0.0	0.0	0.0	0.0	0.0	0.0	0.013157894736842105	0.0	0.0	0.0	0.0	0.0	0.0	0.0	0.0	0.041666666666666664	0.0	0.0	0.0	0.0	0.0	0.0	0.0	0.0	0.0	0.0	0.0	0.0	0.043478260869565216	
American Crow	0.3125	0.2	0.0	0.35294117647058826	0.2	0.15384615384615385	0.18181818181818182	0.125	0.15384615384615385	0.2222222222222222	0.2	0.25	0.0	0.3888888888888889	0.25	0.27586206896551724	0.2777777777777778	0.07692307692307693	0.15384615384615385	0.4666666666666667	0.16666666666666666	0.6	0.3333333333333333	0.07692307692307693	0.3125	0.25	0.2413793103448276	0.35185185185185186	0.2222222222222222	0.2222222222222222	0.28	0.10714285714285714	0.14285714285714285	0.041666666666666664	0.16666666666666666	0.1935483870967742	0.3	0.14285714285714285	0.125	0.4166666666666667	0.0	0.125	0.0	0.18181818181818182	0.0	0.14285714285714285	0.2	0.5217391304347826	
Northwestern Crow	0.0	0.0	0.0	0.0	0.0	0.0	0.0	0.0	0.15384615384615385	0.1111111111111111	0.0	0.0	0.0	0.1111111111111111	0.125	0.034482758620689655	0.05555555555555555	0.15384615384615385	0.15384615384615385	0.0	0.0	0.0015	0.0	0.0	0.0625	0.013157894736842105	0.06896551724137931	0.018518518518518517	0.0	0.1111111111111111	0.0	0.07142857142857142	0.0	0.125	0.0	0.03225806451612903	0.05	0.07142857142857142	0.0	0.0	0.18181818181818182	0.0	0.08333333333333333	0.09090909090909091	0.0	0.14285714285714285	0.0	0.17391304347826086	
American/Northwestern Crow	0.0	0.0015	0.16666666666666666	0.0	0.0	0.0	0.09090909090909091	0.0	0.07692307692307693	0.0	0.1	0.0	0.1111111111111111	0.1111111111111111	0.0625	0.10344827586206896	0.1111111111111111	0.07692307692307693	0.07692307692307693	0.06666666666666667	0.0	0.0	0.1111111111111111	0.15384615384615385	0.125	0.07894736842105263	0.034482758620689655	0.1111111111111111	0.1111111111111111	0.18518518518518517	0.04	0.0	0.047619047619047616	0.08333333333333333	0.041666666666666664	0.03225806451612903	0.05	0.21428571428571427	0.125	0.08333333333333333	0.0	0.125	0.0	0.0	0.1	0.0	0.0	0.08695652173913043	
Common Raven	0.0625	0.2	0.16666666666666666	0.11764705882352941	0.1	0.0	0.0	0.25	0.15384615384615385	0.1111111111111111	0.1	0.0	0.2222222222222222	0.05555555555555555	0.0625	0.13793103448275862	0.1111111111111111	0.07692307692307693	0.07692307692307693	0.0	0.0	0.0	0.0	0.0	0.125	0.06578947368421052	0.0015	0.1111111111111111	0.08333333333333333	0.037037037037037035	0.08	0.03571428571428571	0.09523809523809523	0.0	0.08333333333333333	0.03225806451612903	0.1	0.07142857142857142	0.125	0.0	0.18181818181818182	0.125	0.08333333333333333	0.09090909090909091	0.2	0.0	0.2	0.21739130434782608	
Horned Lark	0.0	0.0	0.0	0.0	0.0	0.0	0.0	0.0	0.0	0.0	0.0	0.0	0.0	0.05555555555555555	0.0	0.0	0.0	0.0	0.0	0.0	0.0	0.0	0.0	0.0	0.0	0.0	0.0	0.0015	0.027777777777777776	0.0	0.0	0.03571428571428571	0.0	0.16666666666666666	0.0	0.12903225806451613	0.0	0.0	0.0	0.0	0.0	0.0	0.08333333333333333	0.09090909090909091	0.1	0.0	0.0	0.0	
Northern Rough-winged Swallow	0.0	0.0	0.0	0.0	0.0	0.0	0.0	0.0	0.0	0.0	0.0	0.0	0.0	0.0	0.0625	0.034482758620689655	0.1111111111111111	0.07692307692307693	0.07692307692307693	0.06666666666666667	0.0	0.0	0.0015	0.15384615384615385	0.125	0.10526315789473684	0.034482758620689655	0.07407407407407407	0.08333333333333333	0.0	0.04	0.0	0.047619047619047616	0.0	0.0	0.0	0.0	0.0	0.0	0.0	0.0	0.0	0.0	0.0	0.0	0.0	0.0	0.0	
Purple Martin	0.0	0.0	0.0	0.0	0.0	0.0	0.0	0.0	0.0	0.0	0.0	0.0	0.0	0.0	0.0625	0.13793103448275862	0.2777777777777778	0.23076923076923078	0.38461538461538464	0.26666666666666666	0.3333333333333333	0.2	0.7777777777777778	0.3076923076923077	0.4375	0.21052631578947367	0.27586206896551724	0.4074074074074074	0.3611111111111111	0.37037037037037035	0.24	0.17857142857142858	0.047619047619047616	0.041666666666666664	0.0	0.0	0.0	0.0	0.0	0.0	0.0	0.0	0.0	0.0	0.0	0.0	0.0	0.0	
Tree Swallow	0.0	0.0	0.0	0.0	0.0	0.0	0.0	0.0	0.0	0.0	0.3	0.16666666666666666	0.0	0.3888888888888889	0.25	0.41379310344827586	0.5	0.15384615384615385	0.38461538461538464	0.4	0.6666666666666666	0.2	0.5555555555555556	0.38461538461538464	0.5	0.39473684210526316	0.3103448275862069	0.16666666666666666	0.16666666666666666	0.037037037037037035	0.0	0.0	0.0	0.0	0.0	0.0	0.0	0.0	0.0	0.0	0.0	0.0	0.0	0.0	0.0	0.0	0.0	0.0	
Violet-green Swallow	0.0	0.0	0.0	0.0	0.0	0.0	0.0	0.0	0.0	0.0	0.0	0.08333333333333333	0.0	0.3888888888888889	0.0	0.4482758620689655	0.4444444444444444	0.3076923076923077	0.38461538461538464	0.3333333333333333	0.16666666666666666	0.0015	0.4444444444444444	0.3076923076923077	0.375	0.3157894736842105	0.3448275862068966	0.2777777777777778	0.16666666666666666	0.1111111111111111	0.12	0.14285714285714285	0.047619047619047616	0.0	0.08333333333333333	0.03225806451612903	0.0	0.0	0.0	0.0	0.0	0.0	0.0	0.0	0.0	0.0	0.0	0.0	
Tree/Violet-green Swallow	0.0	0.0	0.0	0.0	0.0	0.0	0.0	0.0	0.0	0.0	0.0	0.0	0.0	0.05555555555555555	0.0	0.0	0.0	0.0	0.0	0.0	0.0	0.0	0.0	0.0	0.0	0.0	0.0	0.0	0.0	0.037037037037037035	0.0	0.0	0.0	0.0	0.0	0.0	0.0	0.0	0.0	0.0	0.0	0.0	0.0	0.0	0.0	0.0	0.0	0.0	
Bank Swallow	0.0	0.0	0.0	0.0	0.0	0.0	0.0	0.0	0.0	0.0	0.0	0.0	0.0	0.0	0.0	0.0	0.0	0.0	0.0	0.0	0.0	0.0	0.0	0.0	0.0	0.0	0.0015	0.018518518518518517	0.0	0.0	0.0	0.0	0.0	0.0	0.0	0.0	0.0	0.0	0.0	0.0	0.0	0.0	0.0	0.0	0.0	0.0	0.0	0.0	
Barn Swallow	0.0	0.0	0.0	0.0	0.0	0.0	0.0	0.0	0.0	0.0	0.0	0.0	0.0	0.16666666666666666	0.3125	0.5172413793103449	0.5555555555555556	0.46153846153846156	0.5384615384615384	0.6	0.3333333333333333	0.4	0.5555555555555556	0.6153846153846154	0.6875	0.8289473684210527	0.6896551724137931	0.7777777777777778	0.7222222222222222	0.6296296296296297	0.48	0.4642857142857143	0.42857142857142855	0.3333333333333333	0.2916666666666667	0.12903225806451613	0.0	0.0	0.0	0.0	0.0	0.0	0.0	0.0	0.0	0.0	0.0	0.0	
Cliff Swallow	0.0	0.0	0.0	0.0	0.0	0.0	0.0	0.0	0.0	0.0	0.0	0.0	0.0	0.0	0.0	0.034482758620689655	0.2777777777777778	0.0	0.46153846153846156	0.26666666666666666	0.3333333333333333	0.2	0.5555555555555556	0.23076923076923078	0.3125	0.3157894736842105	0.27586206896551724	0.48148148148148145	0.25	0.1111111111111111	0.12	0.03571428571428571	0.09523809523809523	0.041666666666666664	0.041666666666666664	0.0	0.05	0.0	0.0	0.0	0.0	0.0	0.0	0.0	0.0	0.0	0.0	0.0	
swallow sp.	0.0	0.0	0.0	0.0	0.0	0.0	0.0	0.0	0.0	0.0	0.0	0.0	0.0	0.0	0.0	0.034482758620689655	0.1111111111111111	0.0	0.15384615384615385	0.06666666666666667	0.16666666666666666	0.2	0.1111111111111111	0.07692307692307693	0.0625	0.11842105263157894	0.06896551724137931	0.018518518518518517	0.05555555555555555	0.1111111111111111	0.04	0.0	0.0	0.0	0.041666666666666664	0.0	0.0	0.0	0.0	0.0	0.0	0.0	0.0	0.0	0.0	0.0	0.0	0.0	
Black-capped Chickadee	0.0625	0.0	0.0	0.0	0.0	0.07692307692307693	0.0	0.0	0.0	0.0	0.0	0.08333333333333333	0.0	0.0	0.0	0.10344827586206896	0.0	0.0	0.0	0.0	0.0	0.0	0.0	0.07692307692307693	0.0625	0.02631578947368421	0.034482758620689655	0.037037037037037035	0.0	0.037037037037037035	0.0	0.0	0.0	0.0	0.08333333333333333	0.0	0.1	0.14285714285714285	0.0	0.125	0.0	0.0	0.0	0.0	0.0	0.14285714285714285	0.0	0.17391304347826086	
Chestnut-backed Chickadee	0.1875	0.2	0.0	0.0	0.0	0.15384615384615385	0.0	0.0	0.15384615384615385	0.0	0.0	0.0	0.0	0.0	0.0	0.0	0.0	0.0	0.15384615384615385	0.0	0.0	0.0	0.0	0.0	0.125	0.02631578947368421	0.0	0.037037037037037035	0.05555555555555555	0.037037037037037035	0.0	0.03571428571428571	0.0	0.0	0.041666666666666664	0.0	0.0	0.0	0.0	0.0	0.09090909090909091	0.0	0.0	0.0	0.0	0.0	0.0	0.2608695652173913	
Bushtit	0.0	0.0	0.16666666666666666	0.0	0.0	0.0	0.0	0.0	0.07692307692307693	0.1111111111111111	0.0	0.0	0.0	0.1111111111111111	0.0	0.0	0.0	0.0	0.0	0.06666666666666667	0.0	0.0	0.0	0.07692307692307693	0.0	0.02631578947368421	0.0	0.0	0.0	0.0	0.0	0.03571428571428571	0.0	0.0	0.0	0.0	0.0	0.0	0.0	0.041666666666666664	0.0	0.0	0.0	0.0	0.0	0.14285714285714285	0.0	0.043478260869565216	
Red-breasted Nuthatch	0.0	0.0	0.0	0.0	0.0	0.0	0.0	0.125	0.0	0.0	0.0	0.0	0.0	0.0	0.0	0.0	0.0	0.0	0.0	0.0	0.0	0.0	0.0	0.0	0.0	0.02631578947368421	0.034482758620689655	0.0	0.027777777777777776	0.0015	0.0	0.0	0.0	0.0	0.041666666666666664	0.0	0.0	0.0	0.0	0.0	0.0	0.0	0.0	0.0	0.0	0.0	0.0	0.08695652173913043	
Brown Creeper	0.0625	0.0	0.0	0.0	0.0	0.0	0.0	0.0	0.0	0.0	0.0	0.0	0.0	0.0	0.0	0.0	0.0	0.0	0.0	0.0	0.0	0.0	0.0	0.0	0.0	0.013157894736842105	0.0	0.018518518518518517	0.0	0.037037037037037035	0.0	0.0	0.0	0.0	0.041666666666666664	0.0	0.0	0.0	0.0	0.0	0.0	0.0	0.0	0.0	0.0	0.0	0.0	0.08695652173913043	
House Wren	0.0	0.0	0.0	0.0	0.0	0.0	0.0	0.0	0.0	0.0	0.0	0.0	0.0	0.0	0.0	0.0	0.0	0.15384615384615385	0.0	0.06666666666666667	0.0	0.0	0.0	0.15384615384615385	0.125	0.02631578947368421	0.06896551724137931	0.0	0.0	0.0	0.04	0.0	0.0	0.0	0.0	0.0	0.0	0.0	0.0	0.0	0.0	0.0	0.0	0.0	0.0	0.0	0.0	0.0	
Pacific Wren	0.125	0.0	0.16666666666666666	0.0	0.0	0.0	0.09090909090909091	0.0	0.0	0.0	0.0	0.0	0.0	0.0	0.0	0.0	0.0	0.0	0.0	0.0	0.0	0.0	0.0	0.0	0.0625	0.013157894736842105	0.0	0.0	0.027777777777777776	0.037037037037037035	0.0	0.0	0.0	0.0	0.041666666666666664	0.0	0.0	0.0	0.0	0.041666666666666664	0.09090909090909091	0.0	0.0	0.09090909090909091	0.1	0.14285714285714285	0.0	0.13043478260869565	
Marsh Wren	0.25	0.0	0.16666666666666666	0.11764705882352941	0.1	0.15384615384615385	0.09090909090909091	0.375	0.0	0.1111111111111111	0.2	0.0	0.4444444444444444	0.3888888888888889	0.1875	0.3448275862068966	0.3888888888888889	0.23076923076923078	0.3076923076923077	0.13333333333333333	0.16666666666666666	0.0015	0.3333333333333333	0.3076923076923077	0.25	0.21052631578947367	0.1724137931034483	0.2222222222222222	0.027777777777777776	0.037037037037037035	0.0	0.0	0.09523809523809523	0.041666666666666664	0.125	0.06451612903225806	0.0	0.14285714285714285	0.0625	0.16666666666666666	0.0	0.0	0.08333333333333333	0.0	0.0	0.14285714285714285	0.0	0.13043478260869565	
Bewick's Wren	0.125	0.0	0.0	0.0	0.0	0.0	0.0	0.0	0.0	0.0	0.0	0.0	0.1111111111111111	0.05555555555555555	0.0	0.10344827586206896	0.0	0.0	0.07692307692307693	0.0	0.0	0.0	0.0	0.0	0.0625	0.039473684210526314	0.0	0.0	0.0	0.0	0.04	0.03571428571428571	0.0	0.0	0.125	0.06451612903225806	0.05	0.0	0.0	0.0	0.0	0.0	0.0	0.09090909090909091	0.0	0.0	0.0	0.0	
Golden-crowned Kinglet	0.25	0.2	0.0	0.0	0.0	0.0	0.0	0.0	0.0	0.0	0.0	0.0	0.0	0.0	0.0	0.0	0.0	0.0	0.0	0.0	0.0	0.0	0.0	0.0	0.0625	0.013157894736842105	0.034482758620689655	0.018518518518518517	0.0	0.0	0.0	0.0	0.0	0.0	0.041666666666666664	0.03225806451612903	0.0	0.0	0.0	0.0	0.0	0.0	0.0	0.0	0.0	0.0	0.2	0.30434782608695654	
Ruby-crowned Kinglet	0.0	0.0	0.0	0.0	0.0	0.0	0.0	0.0	0.0	0.0	0.1	0.0	0.0	0.0	0.0	0.0	0.0	0.0	0.0	0.0	0.0	0.0	0.0	0.0	0.0	0.0	0.0	0.0	0.0	0.0	0.0	0.0	0.0	0.0	0.0	0.0	0.0	0.0	0.0	0.0	0.0	0.0	0.08333333333333333	0.09090909090909091	0.1	0.14285714285714285	0.0	0.08695652173913043	
Varied Thrush	0.0	0.0	0.0	0.0	0.0	0.0	0.0	0.0	0.0	0.0	0.0	0.0	0.0	0.0	0.0	0.0	0.0	0.0	0.0	0.0	0.0	0.0	0.0	0.0	0.0	0.0	0.0	0.0	0.0	0.0	0.0	0.0	0.0	0.0	0.0	0.0	0.0	0.0	0.0	0.0	0.0	0.0	0.0	0.0	0.0	0.0	0.0	0.08695652173913043	
Swainson's Thrush	0.0	0.0	0.0	0.0	0.0	0.0	0.0	0.0	0.0	0.0	0.0	0.0	0.0	0.0	0.0	0.0	0.0	0.0	0.0	0.06666666666666667	0.0	0.0	0.1111111111111111	0.15384615384615385	0.1875	0.09210526315789473	0.034482758620689655	0.0	0.0	0.0	0.0	0.0	0.0	0.0	0.0	0.0	0.0	0.0	0.0	0.0	0.0	0.0	0.0	0.0	0.0	0.0	0.0	0.0	
American Robin	0.1875	0.2	0.0	0.058823529411764705	0.0	0.07692307692307693	0.0	0.25	0.3076923076923077	0.0015	0.3	0.25	0.2222222222222222	0.3888888888888889	0.1875	0.27586206896551724	0.2777777777777778	0.38461538461538464	0.3076923076923077	0.4	0.16666666666666666	0.0	0.2222222222222222	0.07692307692307693	0.4375	0.13157894736842105	0.1724137931034483	0.16666666666666666	0.08333333333333333	0.037037037037037035	0.04	0.10714285714285714	0.09523809523809523	0.041666666666666664	0.20833333333333334	0.16129032258064516	0.05	0.14285714285714285	0.125	0.125	0.0	0.0	0.0	0.09090909090909091	0.1	0.0	0.2	0.34782608695652173	
European Starling	0.25	0.0	0.3333333333333333	0.11764705882352941	0.0	0.0	0.09090909090909091	0.25	0.38461538461538464	0.1111111111111111	0.4	0.16666666666666666	0.2222222222222222	0.5	0.125	0.3793103448275862	0.4444444444444444	0.23076923076923078	0.15384615384615385	0.4666666666666667	0.3333333333333333	0.4	0.2222222222222222	0.15384615384615385	0.375	0.32894736842105265	0.3103448275862069	0.2962962962962963	0.3611111111111111	0.18518518518518517	0.12	0.25	0.14285714285714285	0.3333333333333333	0.25	0.3548387096774194	0.1	0.2857142857142857	0.375	0.2916666666666667	0.36363636363636365	0.125	0.0	0.18181818181818182	0.2	0.2857142857142857	0.2	0.5217391304347826	
White Wagtail	0.0	0.0	0.16666666666666666	0.0	0.0	0.0015	0.0	0.0	0.0	0.0	0.0	0.0	0.0	0.0	0.0	0.0	0.0	0.0	0.0	0.0	0.0	0.0	0.0	0.0	0.0	0.0	0.0	0.0	0.0	0.0	0.0	0.0	0.0	0.0	0.0	0.0	0.0	0.0	0.0	0.0	0.0	0.0	0.0	0.0	0.0	0.0	0.0	0.0	
American Pipit	0.0	0.0	0.0	0.0	0.0	0.0	0.0	0.0	0.0	0.0	0.0	0.0	0.0	0.0	0.0	0.10344827586206896	0.0	0.0	0.0	0.0	0.0	0.0	0.0	0.0	0.0	0.0	0.0	0.0	0.0	0.0	0.0	0.0	0.23809523809523808	0.4583333333333333	0.375	0.41935483870967744	0.45	0.21428571428571427	0.0625	0.2916666666666667	0.0	0.0	0.0	0.0	0.0	0.0	0.0	0.0	
Cedar Waxwing	0.0015	0.0	0.0	0.0	0.0	0.0	0.0	0.0	0.0	0.0	0.0	0.0	0.0	0.0	0.0	0.0	0.0	0.0	0.0	0.06666666666666667	0.0	0.0015	0.1111111111111111	0.15384615384615385	0.1875	0.19736842105263158	0.06896551724137931	0.1111111111111111	0.027777777777777776	0.037037037037037035	0.0	0.0	0.0	0.0	0.041666666666666664	0.0	0.05	0.0	0.0625	0.041666666666666664	0.0015	0.0	0.0	0.0	0.0	0.0	0.0	0.0	
Evening Grosbeak	0.0	0.0	0.0	0.0	0.0	0.0	0.0	0.0	0.0	0.0	0.0	0.0	0.0	0.0	0.0	0.0	0.0	0.0	0.0	0.0	0.0	0.0	0.0	0.0	0.0	0.0	0.0	0.0	0.0	0.0	0.0	0.0	0.0	0.0	0.041666666666666664	0.03225806451612903	0.0	0.0	0.0	0.041666666666666664	0.0	0.0	0.0	0.0	0.0	0.0	0.0	0.043478260869565216	
House Finch	0.1875	0.0	0.16666666666666666	0.0	0.0	0.07692307692307693	0.09090909090909091	0.0	0.07692307692307693	0.0	0.1	0.0	0.0	0.2777777777777778	0.0625	0.13793103448275862	0.05555555555555555	0.07692307692307693	0.07692307692307693	0.3333333333333333	0.0	0.0	0.0	0.07692307692307693	0.3125	0.07894736842105263	0.06896551724137931	0.12962962962962962	0.1111111111111111	0.25925925925925924	0.04	0.10714285714285714	0.09523809523809523	0.08333333333333333	0.20833333333333334	0.1935483870967742	0.2	0.21428571428571427	0.25	0.4166666666666667	0.09090909090909091	0.0	0.08333333333333333	0.2727272727272727	0.3	0.0	0.0	0.21739130434782608	
Purple Finch	0.0	0.0	0.0	0.0	0.0	0.0	0.0	0.0	0.0	0.0	0.0	0.0	0.0	0.16666666666666666	0.0	0.10344827586206896	0.05555555555555555	0.07692307692307693	0.07692307692307693	0.0	0.16666666666666666	0.0	0.0	0.07692307692307693	0.1875	0.07894736842105263	0.06896551724137931	0.0	0.0	0.07407407407407407	0.0	0.0	0.0	0.0	0.0	0.0	0.0	0.0	0.0	0.0	0.0	0.0	0.0	0.09090909090909091	0.0	0.0	0.0	0.08695652173913043	
Red Crossbill	0.0	0.0	0.0	0.0	0.0	0.0	0.0	0.0	0.15384615384615385	0.0	0.0	0.0	0.0	0.0	0.0	0.0	0.0	0.0	0.0	0.0	0.0	0.0	0.0	0.0	0.0625	0.0	0.0	0.018518518518518517	0.0	0.0	0.0	0.0	0.0	0.0	0.041666666666666664	0.03225806451612903	0.0	0.0	0.0	0.0	0.0	0.0	0.0	0.0	0.0	0.0	0.0	0.043478260869565216	
Pine Siskin	0.0625	0.0	0.0	0.0	0.0	0.0	0.0	0.0	0.0	0.0	0.0	0.0	0.0	0.05555555555555555	0.0	0.0	0.05555555555555555	0.07692307692307693	0.0	0.0	0.0	0.0	0.0	0.0	0.0	0.013157894736842105	0.0	0.018518518518518517	0.0	0.0	0.0	0.0	0.0	0.0	0.0	0.0	0.0	0.0	0.0	0.041666666666666664	0.0	0.0	0.0	0.09090909090909091	0.0	0.0	0.0	0.17391304347826086	
American Goldfinch	0.0	0.0	0.0	0.0	0.0	0.0	0.0	0.0	0.0	0.0	0.0	0.0	0.0	0.0	0.125	0.06896551724137931	0.16666666666666666	0.3076923076923077	0.15384615384615385	0.13333333333333333	0.16666666666666666	0.0015	0.1111111111111111	0.23076923076923078	0.4375	0.14473684210526316	0.20689655172413793	0.24074074074074073	0.05555555555555555	0.1111111111111111	0.08	0.07142857142857142	0.19047619047619047	0.0	0.16666666666666666	0.0967741935483871	0.0	0.14285714285714285	0.0	0.041666666666666664	0.0	0.0	0.0	0.0	0.0	0.0	0.0	0.0	
Lapland Longspur	0.0	0.0	0.0	0.0	0.0	0.0	0.0	0.0	0.0	0.0	0.0	0.0	0.0	0.0	0.0	0.0	0.0	0.0	0.0	0.0	0.0	0.0	0.0	0.0	0.0	0.0	0.0	0.0	0.0	0.0	0.0	0.0	0.0	0.041666666666666664	0.0	0.16129032258064516	0.0	0.14285714285714285	0.0	0.0	0.0	0.0	0.0	0.0	0.0	0.0	0.0	0.0	
Snow Bunting	0.0	0.0	0.0	0.0	0.0	0.0	0.0	0.0	0.0	0.0	0.0	0.0	0.0	0.0	0.0	0.0	0.0	0.0	0.0	0.0	0.0	0.0	0.0	0.0	0.0	0.0	0.0	0.0	0.0	0.0	0.0	0.0	0.0	0.0	0.0	0.0	0.0	0.0	0.0	0.041666666666666664	0.0	0.0	0.0	0.0	0.0	0.0	0.0	0.0	
Fox Sparrow	0.125	0.2	0.0	0.0	0.0	0.0	0.0	0.0	0.07692307692307693	0.0	0.1	0.0	0.0	0.0	0.0	0.0	0.0	0.0	0.0	0.0	0.0	0.0	0.0	0.0	0.0	0.0	0.0	0.0	0.0	0.0	0.0	0.0	0.0	0.0	0.08333333333333333	0.0967741935483871	0.05	0.2857142857142857	0.125	0.041666666666666664	0.09090909090909091	0.0	0.0	0.0	0.1	0.0	0.0	0.30434782608695654	
Dark-eyed Junco	0.25	0.2	0.0	0.0	0.1	0.0	0.0	0.0	0.07692307692307693	0.0	0.0	0.0	0.0	0.0	0.0	0.0	0.05555555555555555	0.0	0.0	0.0	0.0	0.0	0.0	0.07692307692307693	0.1875	0.02631578947368421	0.034482758620689655	0.018518518518518517	0.027777777777777776	0.0	0.0	0.0	0.0	0.0	0.0	0.0	0.0	0.0	0.0	0.125	0.09090909090909091	0.0	0.0	0.18181818181818182	0.0	0.14285714285714285	0.2	0.43478260869565216	
White-crowned Sparrow	0.0625	0.0	0.0	0.11764705882352941	0.0	0.07692307692307693	0.0	0.0	0.15384615384615385	0.0	0.1	0.0	0.2222222222222222	0.4444444444444444	0.375	0.3793103448275862	0.6666666666666666	0.15384615384615385	0.5384615384615384	0.3333333333333333	0.3333333333333333	0.0	0.5555555555555556	0.46153846153846156	0.5	0.21052631578947367	0.20689655172413793	0.2777777777777778	0.16666666666666666	0.18518518518518517	0.16	0.07142857142857142	0.09523809523809523	0.25	0.25	0.12903225806451613	0.1	0.21428571428571427	0.0625	0.08333333333333333	0.09090909090909091	0.0	0.08333333333333333	0.0	0.0	0.14285714285714285	0.0	0.17391304347826086	
Golden-crowned Sparrow	0.1875	0.0	0.16666666666666666	0.058823529411764705	0.0	0.0	0.09090909090909091	0.0	0.23076923076923078	0.1111111111111111	0.1	0.08333333333333333	0.1111111111111111	0.16666666666666666	0.0625	0.13793103448275862	0.1111111111111111	0.0	0.0	0.0	0.0	0.0	0.0	0.0	0.0	0.0	0.0	0.0	0.0	0.0	0.0	0.0	0.0	0.0	0.08333333333333333	0.06451612903225806	0.1	0.14285714285714285	0.125	0.16666666666666666	0.0	0.0015	0.08333333333333333	0.18181818181818182	0.1	0.42857142857142855	0.2	0.43478260869565216	
White-crowned x Golden-crowned Sparrow (hybrid)	0.0	0.0	0.0	0.0	0.0	0.0	0.0	0.0	0.0	0.0	0.0	0.0	0.0	0.0	0.0	0.0	0.0	0.0	0.0	0.0	0.0	0.0	0.0	0.0	0.0	0.0	0.0	0.0	0.0	0.0	0.0	0.0	0.0	0.0	0.0	0.0	0.0	0.0	0.0	0.0	0.0	0.0	0.0	0.0	0.0	0.0	0.0	0.043478260869565216	
Savannah Sparrow	0.0	0.0	0.0	0.0	0.0	0.07692307692307693	0.0	0.0	0.0	0.0	0.1	0.25	0.4444444444444444	0.6666666666666666	0.5625	0.6206896551724138	0.7222222222222222	0.5384615384615384	0.6153846153846154	0.5333333333333333	0.6666666666666666	0.4	0.6666666666666666	0.8461538461538461	0.75	0.7105263157894737	0.5517241379310345	0.5185185185185185	0.5	0.48148148148148145	0.28	0.2857142857142857	0.38095238095238093	0.5416666666666666	0.5	0.5161290322580645	0.35	0.2857142857142857	0.3125	0.0	0.0	0.0	0.08333333333333333	0.0	0.0	0.0	0.0	0.0	
Song Sparrow	0.375	0.2	0.3333333333333333	0.23529411764705882	0.1	0.07692307692307693	0.0	0.0	0.15384615384615385	0.2222222222222222	0.3	0.25	0.3333333333333333	0.3888888888888889	0.1875	0.13793103448275862	0.2222222222222222	0.23076923076923078	0.23076923076923078	0.26666666666666666	0.0	0.0	0.1111111111111111	0.46153846153846156	0.375	0.19736842105263158	0.1724137931034483	0.2037037037037037	0.027777777777777776	0.0	0.0	0.07142857142857142	0.047619047619047616	0.125	0.20833333333333334	0.1935483870967742	0.1	0.35714285714285715	0.3125	0.375	0.2727272727272727	0.25	0.08333333333333333	0.36363636363636365	0.2	0.42857142857142855	0.4	0.391304347826087	
Lincoln's Sparrow	0.125	0.0	0.0	0.058823529411764705	0.0	0.0	0.0	0.0	0.0	0.1111111111111111	0.0	0.0	0.0	0.0	0.0	0.0	0.0	0.0	0.0	0.0	0.0	0.0	0.0	0.0	0.0	0.0	0.0	0.0	0.0	0.0	0.0	0.0	0.0	0.0	0.08333333333333333	0.06451612903225806	0.0	0.0	0.0	0.0	0.0	0.0	0.0	0.09090909090909091	0.0	0.0	0.0	0.043478260869565216	
Spotted Towhee	0.1875	0.0	0.0	0.0	0.0	0.0	0.0	0.0	0.15384615384615385	0.0	0.0	0.0	0.0	0.05555555555555555	0.0625	0.06896551724137931	0.0	0.07692307692307693	0.07692307692307693	0.06666666666666667	0.0	0.0	0.0	0.15384615384615385	0.1875	0.07894736842105263	0.13793103448275862	0.09259259259259259	0.0	0.0015	0.0	0.0	0.047619047619047616	0.08333333333333333	0.20833333333333334	0.0967741935483871	0.05	0.14285714285714285	0.125	0.125	0.09090909090909091	0.0	0.08333333333333333	0.09090909090909091	0.1	0.42857142857142855	0.2	0.30434782608695654	
sparrow sp.	0.0	0.0	0.0	0.0	0.0	0.0	0.0	0.0	0.0	0.0	0.0	0.0	0.0	0.0	0.0	0.034482758620689655	0.0	0.0	0.0	0.0	0.0	0.0	0.0	0.0	0.0	0.013157894736842105	0.0	0.0	0.0	0.037037037037037035	0.0	0.03571428571428571	0.0	0.0	0.041666666666666664	0.0	0.0	0.07142857142857142	0.0	0.0	0.0	0.0	0.0	0.0	0.0	0.0	0.0	0.0	
Yellow-headed Blackbird	0.0	0.0	0.0	0.0	0.0	0.0	0.0	0.0	0.0	0.0	0.0	0.0	0.0	0.0	0.0	0.0	0.0	0.0	0.07692307692307693	0.0	0.0	0.0	0.0	0.0	0.0	0.013157894736842105	0.0	0.0	0.0	0.0	0.0	0.0	0.0	0.0	0.0	0.0	0.0	0.0	0.0	0.0	0.0	0.0	0.0	0.0	0.0	0.0	0.0	0.0	
Western Meadowlark	0.1875	0.0015	0.16666666666666666	0.0	0.0	0.07692307692307693	0.0	0.25	0.07692307692307693	0.1111111111111111	0.1	0.08333333333333333	0.1111111111111111	0.0	0.0	0.0	0.0	0.0	0.0	0.0	0.0	0.0	0.0	0.0	0.0	0.013157894736842105	0.0	0.0	0.0	0.0	0.0	0.0	0.0	0.0	0.08333333333333333	0.06451612903225806	0.1	0.0	0.0625	0.041666666666666664	0.0	0.0	0.08333333333333333	0.09090909090909091	0.0	0.14285714285714285	0.2	0.043478260869565216	
Red-winged Blackbird	0.25	0.2	0.0	0.23529411764705882	0.1	0.15384615384615385	0.18181818181818182	0.0	0.38461538461538464	0.2222222222222222	0.2	0.25	0.4444444444444444	0.6111111111111112	0.3125	0.4482758620689655	0.5555555555555556	0.46153846153846156	0.38461538461538464	0.4666666666666667	0.3333333333333333	0.4	0.5555555555555556	0.3076923076923077	0.3125	0.17105263157894737	0.20689655172413793	0.05555555555555555	0.05555555555555555	0.07407407407407407	0.08	0.03571428571428571	0.047619047619047616	0.041666666666666664	0.16666666666666666	0.0967741935483871	0.1	0.21428571428571427	0.125	0.125	0.09090909090909091	0.125	0.0	0.09090909090909091	0.0	0.14285714285714285	0.0	0.30434782608695654	
Brown-headed Cowbird	0.0	0.0	0.0	0.0	0.0	0.0	0.0	0.0	0.0	0.0	0.0	0.0	0.1111111111111111	0.0	0.0625	0.0	0.2777777777777778	0.07692307692307693	0.07692307692307693	0.06666666666666667	0.16666666666666666	0.0015	0.1111111111111111	0.15384615384615385	0.1875	0.07894736842105263	0.034482758620689655	0.12962962962962962	0.19444444444444445	0.037037037037037035	0.16	0.14285714285714285	0.047619047619047616	0.0	0.0	0.03225806451612903	0.0	0.0	0.0	0.0	0.0	0.0	0.0	0.0	0.0	0.0	0.0	0.0	
Brewer's Blackbird	0.0625	0.0	0.0	0.0	0.1	0.07692307692307693	0.09090909090909091	0.0	0.15384615384615385	0.1111111111111111	0.0	0.08333333333333333	0.2222222222222222	0.16666666666666666	0.0625	0.06896551724137931	0.2222222222222222	0.0	0.07692307692307693	0.13333333333333333	0.16666666666666666	0.0	0.3333333333333333	0.15384615384615385	0.125	0.013157894736842105	0.034482758620689655	0.07407407407407407	0.027777777777777776	0.07407407407407407	0.04	0.03571428571428571	0.09523809523809523	0.041666666666666664	0.08333333333333333	0.06451612903225806	0.0	0.07142857142857142	0.0625	0.125	0.18181818181818182	0.125	0.0	0.09090909090909091	0.0	0.0	0.2	0.21739130434782608	
blackbird sp.	0.0	0.0	0.0	0.0	0.0	0.0	0.0	0.0	0.0	0.0	0.0	0.0	0.0	0.0	0.0	0.0	0.0	0.0	0.0	0.0	0.0	0.0	0.0	0.0	0.0	0.0	0.0	0.0	0.027777777777777776	0.0	0.0	0.0	0.0	0.0	0.0	0.0	0.0	0.0	0.0	0.0	0.0	0.0	0.0	0.0	0.0	0.0	0.0	0.0	
Orange-crowned Warbler	0.0	0.0	0.0	0.0	0.0	0.0	0.0	0.0	0.0	0.0	0.0	0.0	0.0	0.05555555555555555	0.0625	0.0	0.05555555555555555	0.07692307692307693	0.0	0.0	0.0	0.0	0.0	0.0	0.125	0.013157894736842105	0.0	0.018518518518518517	0.0	0.0	0.0	0.0	0.0	0.0	0.0	0.0	0.0	0.0	0.0	0.0	0.0	0.0	0.0	0.0	0.0	0.0	0.0	0.043478260869565216	
Common Yellowthroat	0.0	0.0	0.0	0.0	0.0	0.0	0.0	0.0	0.0	0.0	0.0	0.0	0.1111111111111111	0.05555555555555555	0.0	0.20689655172413793	0.2222222222222222	0.07692307692307693	0.07692307692307693	0.13333333333333333	0.16666666666666666	0.0015	0.2222222222222222	0.23076923076923078	0.1875	0.13157894736842105	0.1724137931034483	0.1111111111111111	0.08333333333333333	0.037037037037037035	0.0	0.10714285714285714	0.0	0.0	0.08333333333333333	0.03225806451612903	0.0	0.0	0.0	0.0	0.0	0.0	0.0	0.0	0.0	0.0	0.0	0.0	
Yellow Warbler	0.0	0.0	0.0	0.0	0.0	0.0	0.0	0.0	0.0	0.0	0.0	0.0	0.0	0.0	0.0	0.0	0.0015	0.0	0.0	0.06666666666666667	0.0	0.0015	0.0	0.07692307692307693	0.0	0.013157894736842105	0.0	0.0	0.027777777777777776	0.0	0.0	0.0	0.0	0.0	0.0	0.0	0.0	0.0	0.0	0.0	0.0	0.0	0.0	0.0	0.0	0.0	0.0	0.0	
Yellow-rumped Warbler	0.0	0.0	0.0	0.0	0.0	0.0	0.0	0.0	0.0	0.0	0.0	0.0	0.0	0.0	0.0	0.0	0.0	0.0	0.07692307692307693	0.0	0.0	0.0	0.0	0.0	0.0	0.0	0.0	0.0	0.0	0.037037037037037035	0.0	0.0	0.0	0.0	0.08333333333333333	0.03225806451612903	0.0	0.0	0.0	0.0	0.0	0.0	0.0	0.0	0.0	0.0	0.0	0.043478260869565216	
Wilson's Warbler	0.0	0.0	0.0	0.0	0.0	0.0	0.0	0.0	0.0	0.0	0.0	0.0	0.0	0.0	0.0	0.0	0.0015	0.0	0.0	0.0015	0.0	0.0	0.0	0.0	0.0	0.0	0.0	0.0	0.0	0.0	0.0	0.0	0.0	0.0	0.0	0.0	0.0	0.0	0.0	0.0	0.0	0.0	0.0	0.0	0.0	0.0	0.0	0.0	
warbler sp. (Parulidae sp.)	0.0	0.0	0.0	0.0	0.0	0.0	0.0	0.0	0.0	0.0	0.0	0.0	0.0	0.0	0.0	0.0	0.0	0.0	0.0	0.0	0.0	0.0	0.0	0.0	0.0	0.0	0.0	0.0	0.0	0.0	0.0	0.0	0.0	0.0	0.041666666666666664	0.0	0.0	0.0	0.0	0.0	0.0	0.0	0.0	0.0	0.0	0.0	0.0	0.0	
Western Tanager	0.0	0.0	0.0	0.0	0.0	0.0	0.0	0.0	0.0	0.0	0.0	0.0	0.0	0.0	0.0	0.0	0.0	0.0	0.0	0.0	0.0	0.0	0.0	0.0	0.0	0.02631578947368421	0.0	0.0	0.0	0.0	0.0	0.0	0.0	0.0	0.0	0.0	0.0	0.0	0.0	0.0	0.0	0.0	0.0	0.0	0.0	0.0	0.0	0.0	
Black-headed Grosbeak	0.0	0.0	0.0	0.0	0.0	0.0	0.0	0.0	0.0	0.0	0.0	0.0	0.0	0.0	0.0	0.0	0.05555555555555555	0.07692307692307693	0.0	0.06666666666666667	0.0	0.0	0.1111111111111111	0.0015	0.0	0.0015	0.0	0.0	0.0	0.0	0.0	0.0	0.0	0.0	0.0	0.0	0.0	0.0	0.0	0.0	0.0	0.0	0.0	0.0	0.0	0.0	0.0	0.0	
House Sparrow	0.0625	0.0	0.0	0.058823529411764705	0.0	0.0	0.0	0.0	0.0	0.0	0.0	0.0	0.0	0.1111111111111111	0.125	0.06896551724137931	0.16666666666666666	0.07692307692307693	0.07692307692307693	0.06666666666666667	0.16666666666666666	0.0	0.0	0.07692307692307693	0.1875	0.039473684210526314	0.06896551724137931	0.037037037037037035	0.0	0.037037037037037035	0.0	0.0	0.0	0.041666666666666664	0.0	0.06451612903225806	0.0	0.0	0.0	0.0	0.09090909090909091	0.0	0.0	0.0	0.0	0.0	0.0	0.08695652173913043	
passerine sp.	0.0	0.0	0.0	0.0	0.0	0.0	0.0	0.0	0.0	0.0	0.0	0.0	0.0	0.0	0.0	0.0	0.0	0.0	0.0	0.0	0.0	0.0	0.0	0.0	0.0	0.0	0.034482758620689655	0.0	0.0	0.0	0.0	0.0	0.0	0.0	0.0	0.0	0.0	0.0	0.0	0.0	0.0	0.0	0.0	0.0	0.0	0.0	0.0	0.0	

