









Frequency of observations in the selected location(s).:
Number of taxa: 	193

	Jan				Feb				Mar				Apr				May				Jun				Jul				Aug				Sep				Oct				Nov				Dec				
Sample Size:	10.0	1.0	4.0	2.0	3.0	2.0	4.0	3.0	6.0	7.0	7.0	7.0	3.0	4.0	9.0	14.0	1.0	6.0	7.0	5.0	1.0	4.0	3.0	4.0	4.0	8.0	5.0	16.0	20.0	6.0	9.0	6.0	8.0	11.0	6.0	5.0	3.0	13.0	9.0	18.0	3.0	7.0	9.0	7.0	4.0	3.0	3.0	7.0	

Snow Goose	0.0	0.0	0.0	0.0	0.0	0.0	0.0	0.0	0.0	0.0	0.0	0.0	0.0	0.0	0.0	0.0	0.0	0.0	0.0	0.0	0.0	0.0	0.0	0.0	0.0	0.0	0.0	0.0	0.0	0.0	0.0	0.0	0.0	0.0	0.0	0.0	0.0	0.0	0.0	0.05555555555555555	0.0	0.0	0.0	0.0	0.0	0.0	0.0	0.0	
Greater White-fronted Goose	0.0	0.0	0.0	0.0	0.0	0.0	0.0	0.0	0.0	0.0	0.0	0.0	0.0	0.0	0.0	0.07142857142857142	0.0	0.0	0.0	0.0	0.0	0.0	0.0	0.0	0.0	0.0	0.0	0.0	0.0	0.0	0.0	0.0	0.0	0.0	0.0	0.0	0.0	0.0	0.0	0.0	0.0	0.0	0.0	0.0	0.0	0.0	0.0	0.0	
Brant	0.0	0.0	0.0	0.0	0.0	0.0	0.0	0.0	0.0	0.0	0.14285714285714285	0.0	0.0	0.0	0.0	0.0	0.0015	0.0	0.0	0.0	0.0	0.0	0.0	0.0	0.0	0.0	0.0	0.0	0.0	0.0	0.0	0.0	0.0	0.0	0.0	0.0	0.0	0.0	0.0	0.0	0.0	0.0	0.0	0.0	0.0	0.0	0.0	0.0	
Canada Goose	0.1	0.0	0.0	0.5	0.0	0.0	0.25	0.3333333333333333	0.16666666666666666	0.5714285714285714	0.42857142857142855	0.8571428571428571	0.3333333333333333	0.75	0.5555555555555556	0.7142857142857143	1.0	0.8333333333333334	0.8571428571428571	1.0	1.0	1.0	0.0	0.75	0.75	0.75	0.6	0.375	0.1	0.0	0.1111111111111111	0.16666666666666666	0.0	0.0	0.16666666666666666	0.2	0.0	0.3076923076923077	0.3333333333333333	0.1111111111111111	0.3333333333333333	0.0	0.0	0.0	0.0	0.3333333333333333	0.0	0.0	
Trumpeter Swan	0.1	0.0	0.0	0.0	0.0	0.0	0.0	0.0	0.0	0.0	0.0	0.0	0.0	0.0	0.0	0.0	0.0	0.0	0.0	0.0	0.0	0.0	0.0	0.0	0.0	0.0	0.0	0.0	0.0	0.0	0.0	0.0	0.0	0.0	0.0	0.0	0.0	0.0	0.0	0.05555555555555555	0.0	0.0	0.0	0.14285714285714285	0.0	0.3333333333333333	0.0	0.0	
Blue-winged Teal	0.0	0.0	0.0	0.0	0.0	0.0	0.0	0.0	0.0	0.0	0.0	0.0	0.0	0.0	0.0	0.0	0.0	0.0	0.0	0.0	0.0	0.0	0.0	0.0	0.0	0.0	0.2	0.0625	0.0	0.3333333333333333	0.1111111111111111	0.0	0.0	0.0	0.0	0.0	0.0	0.0	0.0	0.0	0.0	0.0	0.0	0.0	0.0	0.0	0.0	0.0	
Cinnamon Teal	0.0	0.0	0.0	0.0	0.0	0.0	0.0	0.0	0.0	0.0	0.0	0.0	0.0	0.0	0.0	0.0	0.0	0.0	0.0	0.2	1.0	0.0	0.0	0.0	0.0	0.0	0.0	0.0	0.0	0.0	0.1111111111111111	0.0	0.0	0.0	0.16666666666666666	0.0	0.0	0.0	0.0	0.0	0.0	0.0	0.0	0.0	0.0	0.0	0.0	0.0	
Blue-winged/Cinnamon Teal	0.0	0.0	0.0	0.0	0.0	0.0	0.0	0.0	0.0	0.0	0.0	0.0	0.0	0.0	0.0	0.0	0.0	0.0	0.0	0.0	0.0	0.0	0.0	0.0	0.0	0.0	0.0	0.0	0.0	0.0	0.0	0.0	0.0	0.09090909090909091	0.0	0.0	0.0	0.0	0.0	0.0	0.0	0.0	0.0	0.0	0.0	0.0	0.0	0.0	
Northern Shoveler	0.1	0.0	0.0	0.0	0.0015	0.5	0.25	0.3333333333333333	0.16666666666666666	0.0	0.2857142857142857	0.0	0.3333333333333333	1.0	0.4444444444444444	0.2857142857142857	0.0	0.0	0.42857142857142855	0.6	0.0	0.25	0.0	0.0	0.0	0.0	0.0	0.0625	0.3	0.0	0.2222222222222222	0.3333333333333333	0.25	0.36363636363636365	0.16666666666666666	0.2	0.3333333333333333	0.23076923076923078	0.0	0.16666666666666666	0.3333333333333333	0.0	0.0	0.14285714285714285	0.0	0.0	0.0	0.2857142857142857	
Gadwall	0.1	0.0	0.25	0.0	0.0	0.5	0.0	0.3333333333333333	0.16666666666666666	0.2857142857142857	0.14285714285714285	0.5714285714285714	1.0	0.5	0.4444444444444444	0.5714285714285714	1.0	0.5	0.5714285714285714	1.0	1.0	1.0	0.6666666666666666	0.75	0.5	0.375	0.2	0.3125	0.45	0.0	0.3333333333333333	0.3333333333333333	0.375	0.0	0.16666666666666666	0.0	0.0	0.07692307692307693	0.0	0.0	0.6666666666666666	0.0	0.3333333333333333	0.0	0.0	0.0	0.0	0.14285714285714285	
Eurasian Wigeon	0.0	0.0	0.0	0.0	0.3333333333333333	0.0	0.0	0.6666666666666666	0.16666666666666666	0.14285714285714285	0.14285714285714285	0.14285714285714285	0.0	0.5	0.0	0.0	0.0	0.0	0.0	0.0	0.0	0.0	0.0	0.0	0.0	0.0	0.0	0.0	0.0	0.0	0.0	0.0	0.0	0.0	0.0	0.0	0.0	0.0	0.0	0.0	0.3333333333333333	0.0	0.0	0.0	0.0	0.0	0.0	0.0	
American Wigeon	0.5	0.0	0.5	0.0	1.0	1.0	0.5	1.0	0.6666666666666666	0.7142857142857143	0.5714285714285714	0.7142857142857143	1.0	0.75	0.6666666666666666	0.42857142857142855	0.0015	0.16666666666666666	0.14285714285714285	0.0	0.0	0.5	0.0	0.0	0.0	0.0015	0.0	0.0	0.0	0.0	0.1111111111111111	0.16666666666666666	0.125	0.18181818181818182	0.3333333333333333	0.4	0.3333333333333333	0.46153846153846156	0.3333333333333333	0.3333333333333333	0.0	0.5714285714285714	0.5555555555555556	0.42857142857142855	1.0	0.6666666666666666	0.6666666666666666	0.7142857142857143	
Eurasian x American Wigeon (hybrid)	0.0	0.0	0.0	0.0	0.0	0.0	0.0	0.3333333333333333	0.0	0.0	0.0	0.0	0.0	0.0	0.0	0.0	0.0	0.0	0.0	0.0	0.0	0.0	0.0	0.0	0.0	0.0	0.0	0.0	0.0	0.0	0.0	0.0	0.0	0.0	0.0	0.0	0.0	0.0	0.0	0.0	0.0	0.0	0.0	0.0	0.0	0.0	0.0	0.0	
Mallard	0.6	0.0	0.75	1.0	1.0	1.0	0.5	1.0	1.0	0.7142857142857143	0.5714285714285714	1.0	1.0	1.0	0.7777777777777778	0.8571428571428571	1.0	0.6666666666666666	0.7142857142857143	1.0	1.0	1.0	0.6666666666666666	1.0	0.75	0.5	0.8	0.75	0.8	0.5	0.6666666666666666	0.5	0.625	0.5454545454545454	1.0	0.8	0.6666666666666666	0.6153846153846154	0.4444444444444444	0.4444444444444444	0.3333333333333333	0.14285714285714285	0.2222222222222222	0.2857142857142857	0.25	0.6666666666666666	0.3333333333333333	0.5714285714285714	
Northern Pintail	0.7	1.0	1.0	1.0	0.6666666666666666	0.5	0.75	1.0	0.6666666666666666	0.8571428571428571	0.7142857142857143	0.8571428571428571	1.0	0.75	0.5555555555555556	0.42857142857142855	0.0015	0.16666666666666666	0.2857142857142857	0.2	0.0	0.0	0.0	0.25	0.0	0.0015	0.0	0.0	0.1	0.16666666666666666	0.1111111111111111	0.5	0.625	0.36363636363636365	0.16666666666666666	0.8	0.6666666666666666	0.38461538461538464	0.4444444444444444	0.3333333333333333	0.0	0.42857142857142855	0.8888888888888888	0.5714285714285714	0.25	0.6666666666666666	0.6666666666666666	0.7142857142857143	
Green-winged Teal	0.2	0.0	0.5	0.0	0.3333333333333333	0.0	0.0	0.0	0.0	0.2857142857142857	0.14285714285714285	0.14285714285714285	0.0	0.25	0.0	0.07142857142857142	0.0015	0.0	0.0	0.0	1.0	0.0	0.0	0.0	0.0	0.0	0.0	0.0	0.0	0.0	0.2222222222222222	0.3333333333333333	0.375	0.36363636363636365	0.5	0.2	0.3333333333333333	0.3076923076923077	0.0	0.3888888888888889	0.3333333333333333	0.14285714285714285	0.0	0.0	0.25	0.0	0.0	0.14285714285714285	
dabbling duck sp.	0.0	0.0	0.0	0.0	0.0	0.0	0.0	0.0	0.0	0.0	0.0	0.0	0.0	0.0	0.0	0.0	0.0	0.0	0.0	0.0	0.0	0.0	0.0	0.0	0.0	0.125	0.0	0.0	0.0	0.0	0.0	0.0	0.0	0.0	0.0	0.0	0.0	0.0	0.0	0.0	0.0	0.0	0.0	0.0	0.0	0.0	0.0	0.0	
Canvasback	0.0	0.0	0.0	0.0	0.0	0.0	0.0	0.0	0.0	0.0	0.0	0.0	0.0	0.25	0.0	0.0	0.0	0.0	0.0	0.0	0.0	0.0	0.0	0.0	0.0	0.0	0.0	0.0	0.0	0.0	0.0	0.0	0.0	0.0	0.0	0.0	0.0	0.0	0.0	0.1111111111111111	0.6666666666666666	0.0	0.0	0.0	0.0	0.0	0.0	0.0	
Redhead	0.0	0.0	0.0	0.0	0.0	0.0	0.0	0.0	0.0	0.0	0.0	0.0	0.0	0.0	0.0	0.0	0.0	0.16666666666666666	0.0	0.0	0.0	0.0	0.0	0.0	0.0	0.0	0.0	0.0	0.05	0.0	0.0	0.16666666666666666	0.0	0.0	0.0	0.0	0.0	0.0	0.0	0.0	0.0	0.0	0.0	0.0	0.0	0.0	0.0	0.0	
Ring-necked Duck	0.1	0.0	0.0	0.0	0.0	0.0	0.25	0.3333333333333333	0.16666666666666666	0.2857142857142857	0.0	0.0	0.3333333333333333	0.0	0.1111111111111111	0.21428571428571427	0.0015	0.0	0.0	0.0	0.0	0.0	0.0	0.0	0.0	0.0	0.0	0.0625	0.0	0.0	0.0	0.0	0.0	0.0	0.0	0.2	0.0	0.07692307692307693	0.0	0.1111111111111111	0.0	0.0	0.0	0.0	0.0	0.0	0.0	0.14285714285714285	
Greater Scaup	0.1	0.0	0.0	0.5	0.3333333333333333	0.0	0.0	0.0	0.0	0.14285714285714285	0.14285714285714285	0.2857142857142857	0.6666666666666666	0.25	0.2222222222222222	0.2857142857142857	0.0	0.5	0.0	0.2	1.0	0.25	0.0	0.25	0.25	0.125	0.0	0.1875	0.35	0.0	0.0	0.16666666666666666	0.125	0.0	0.0	0.0	0.0	0.07692307692307693	0.0	0.1111111111111111	0.3333333333333333	0.14285714285714285	0.0	0.0	0.0	0.0	0.0	0.0	
Lesser Scaup	0.2	0.0	0.0	0.0	0.0	1.0	0.25	0.3333333333333333	0.3333333333333333	0.14285714285714285	0.42857142857142855	0.42857142857142855	0.3333333333333333	0.75	0.4444444444444444	0.5	1.0	0.5	0.8571428571428571	0.4	1.0	1.0	0.6666666666666666	0.25	0.5	0.625	0.2	0.0625	0.15	0.0	0.0	0.16666666666666666	0.25	0.18181818181818182	0.0	0.2	0.0	0.0	0.0	0.16666666666666666	0.0	0.5714285714285714	0.0	0.2857142857142857	0.25	0.3333333333333333	0.3333333333333333	0.5714285714285714	
Greater/Lesser Scaup	0.1	1.0	0.25	0.0	0.3333333333333333	0.0	0.0	0.3333333333333333	0.0	0.0	0.14285714285714285	0.14285714285714285	0.0	0.25	0.3333333333333333	0.0	0.0	0.0	0.14285714285714285	0.4	0.0	0.0	0.0	0.25	0.0	0.125	0.0	0.0625	0.05	0.0	0.0	0.3333333333333333	0.375	0.2727272727272727	0.16666666666666666	0.2	0.0	0.07692307692307693	0.0	0.1111111111111111	0.6666666666666666	0.0	0.1111111111111111	0.0	0.0	0.0	0.0	0.0	
Aythya sp.	0.0	0.0	0.0	0.0	0.0	0.0	0.0	0.0	0.0	0.0	0.0	0.0	0.0	0.0	0.1111111111111111	0.0	0.0	0.0	0.0	0.0	0.0	0.0	0.0	0.0	0.0	0.0	0.0	0.0	0.05	0.0	0.0	0.0	0.0	0.0	0.0	0.0	0.0	0.0	0.0	0.0	0.0	0.0	0.0	0.0	0.0	0.0	0.0	0.0	
Harlequin Duck	0.3	1.0	0.25	0.0	0.0015	0.5	0.0	0.3333333333333333	0.16666666666666666	0.14285714285714285	0.2857142857142857	0.0	0.0	0.25	0.1111111111111111	0.0	0.0	0.0	0.0	0.0	0.0	0.0	0.0	0.0	0.0	0.0	0.2	0.0	0.0	0.0	0.0	0.0	0.125	0.0	0.16666666666666666	0.0	0.3333333333333333	0.15384615384615385	0.1111111111111111	0.2222222222222222	0.0	0.0	0.2222222222222222	0.42857142857142855	0.5	0.6666666666666666	0.3333333333333333	0.2857142857142857	
Surf Scoter	0.6	1.0	0.25	0.0	0.0	1.0	0.25	0.3333333333333333	0.5	0.5714285714285714	0.2857142857142857	0.2857142857142857	0.0	0.5	0.3333333333333333	0.35714285714285715	1.0	0.8333333333333334	0.2857142857142857	0.2	1.0	0.5	0.0	0.0	0.5	0.5	0.8	0.375	0.6	0.16666666666666666	0.4444444444444444	0.16666666666666666	0.75	0.2727272727272727	0.5	0.8	0.3333333333333333	0.5384615384615384	0.7777777777777778	0.7777777777777778	0.3333333333333333	0.7142857142857143	0.4444444444444444	0.8571428571428571	0.75	0.6666666666666666	0.6666666666666666	0.42857142857142855	
White-winged Scoter	0.2	0.0	0.0	0.0	0.0	0.0	0.0	0.0	0.0	0.14285714285714285	0.2857142857142857	0.0	0.0	0.25	0.0	0.0	0.0	0.0	0.0015	0.0	1.0	0.0	0.0	0.25	0.0	0.125	0.2	0.1875	0.3	0.0	0.3333333333333333	0.0	0.125	0.2727272727272727	0.16666666666666666	0.4	0.3333333333333333	0.23076923076923078	0.3333333333333333	0.5	0.0	0.42857142857142855	0.2222222222222222	0.2857142857142857	0.75	0.6666666666666666	0.0	0.14285714285714285	
Black Scoter	0.0	0.0	0.0	0.0	0.0	0.0	0.0	0.0	0.0	0.0	0.0	0.0	0.0	0.0	0.0	0.0	0.0	0.16666666666666666	0.0	0.0	0.0	0.0	0.0	0.0	0.0	0.0	0.0	0.0	0.0	0.0	0.0	0.0	0.0	0.0	0.0	0.0	0.0	0.0	0.0	0.0	0.3333333333333333	0.0	0.0	0.0	0.0	0.0	0.0	0.0	
Surf/Black Scoter	0.0	0.0	0.0	0.0	0.0	0.0	0.0	0.0	0.0	0.0	0.0	0.0	0.0	0.0	0.0	0.0	0.0	0.0	0.0	0.0	0.0	0.0	0.0	0.0	0.0	0.0	0.0	0.0	0.0	0.0	0.0	0.0	0.0	0.0	0.0	0.0	0.0	0.0	0.0	0.0	0.0	0.14285714285714285	0.0	0.0	0.0	0.0	0.0	0.0	
scoter sp.	0.0	0.0	0.0	0.0	0.0	0.0	0.0	0.0	0.0	0.0	0.0	0.0	0.0	0.0	0.0	0.0	0.0	0.0	0.0	0.0	0.0	0.0	0.0	0.0	0.0	0.0	0.0	0.0625	0.0	0.0	0.0	0.0	0.0	0.0	0.0	0.0	0.0	0.0	0.0	0.0	0.0	0.0	0.0	0.0	0.0	0.0	0.0	0.0	
Long-tailed Duck	0.2	1.0	0.25	0.0	0.0015	0.0	0.0015	0.0	0.16666666666666666	0.14285714285714285	0.2857142857142857	0.2857142857142857	0.0	0.0	0.3333333333333333	0.0	0.0015	0.0	0.0	0.0	0.0	0.0	0.0	0.0	0.0	0.0	0.0	0.0015	0.0	0.0	0.0	0.0	0.0	0.0	0.0	0.0	0.0	0.0	0.4444444444444444	0.2222222222222222	0.3333333333333333	0.42857142857142855	0.1111111111111111	0.5714285714285714	0.75	0.3333333333333333	0.3333333333333333	0.14285714285714285	
Bufflehead	0.9	1.0	1.0	1.0	1.0	1.0	0.5	1.0	1.0	0.7142857142857143	0.8571428571428571	0.7142857142857143	1.0	1.0	0.7777777777777778	0.8571428571428571	1.0	0.5	0.42857142857142855	0.2	0.0	0.0	0.0	0.0	0.0	0.0	0.0	0.0	0.05	0.0	0.0	0.0	0.0	0.0	0.0	0.0	0.0	0.07692307692307693	0.1111111111111111	0.5	1.0	0.7142857142857143	0.7777777777777778	0.8571428571428571	0.75	1.0	1.0	1.0	
Common Goldeneye	0.2	0.0	0.0	0.0	0.0	0.5	0.0	0.0	0.0	0.14285714285714285	0.14285714285714285	0.14285714285714285	0.0	0.0	0.0	0.07142857142857142	0.0	0.0	0.0	0.0	0.0	0.0	0.0	0.0	0.0	0.0	0.0	0.0	0.0	0.0	0.0	0.0	0.0	0.0	0.0	0.0	0.0	0.0	0.0	0.0	0.0	0.0	0.1111111111111111	0.14285714285714285	0.0	0.3333333333333333	0.0	0.14285714285714285	
Barrow's Goldeneye	0.1	0.0	0.0	0.0	0.0	0.0	0.0	0.0	0.0	0.0	0.14285714285714285	0.0	0.0	0.0	0.0	0.0	0.0	0.0	0.0	0.0	0.0	0.0	0.0	0.0	0.0	0.0	0.0	0.0	0.0	0.0	0.0	0.0	0.0	0.0	0.0	0.0	0.0	0.0	0.0	0.0	0.0	0.0	0.0	0.0	0.0	0.0	0.0	0.0	
Hooded Merganser	0.1	1.0	0.25	0.0	0.0	0.0	0.25	0.3333333333333333	0.3333333333333333	0.2857142857142857	0.2857142857142857	0.14285714285714285	0.3333333333333333	0.0	0.0	0.07142857142857142	0.0015	0.16666666666666666	0.14285714285714285	0.0	0.0	0.0	0.0	0.0	0.0	0.0	0.0	0.0625	0.0	0.0	0.0	0.0	0.0	0.0	0.0	0.0	0.0	0.0	0.0	0.0	0.0	0.0	0.0	0.0	0.0	0.0	0.0	0.14285714285714285	
Common Merganser	0.1	0.0	0.0	0.0	0.0	0.0	0.0	0.0	0.0	0.0	0.0	0.0	0.0	0.0	0.0	0.0	0.0015	0.0	0.0	0.0	0.0	0.0	0.0	0.0	0.0	0.0	0.0	0.0	0.0	0.0	0.0	0.0	0.0	0.0	0.0	0.0	0.0	0.0	0.0	0.0	0.0	0.0	0.0	0.0	0.0	0.0	0.0	0.0	
Red-breasted Merganser	0.1	0.0	0.0	0.0	0.0	0.5	0.0	0.3333333333333333	0.16666666666666666	0.14285714285714285	0.42857142857142855	0.14285714285714285	0.0	0.25	0.1111111111111111	0.21428571428571427	0.0015	0.0	0.14285714285714285	0.2	0.0	0.0	0.0	0.0	0.0	0.0	0.0	0.0	0.05	0.0	0.0	0.0	0.0	0.0	0.0	0.0	0.0	0.0	0.1111111111111111	0.16666666666666666	0.3333333333333333	0.14285714285714285	0.2222222222222222	0.0	0.25	0.3333333333333333	0.3333333333333333	0.14285714285714285	
Ruddy Duck	0.5	1.0	0.5	1.0	1.0	1.0	0.5	0.6666666666666666	0.5	0.5714285714285714	0.5714285714285714	0.7142857142857143	0.3333333333333333	1.0	0.6666666666666666	0.5	0.0	0.3333333333333333	0.2857142857142857	0.0	1.0	0.75	0.0	0.75	0.5	0.25	0.6	0.375	0.5	0.0	0.2222222222222222	0.0	0.375	0.36363636363636365	0.3333333333333333	0.8	1.0	0.7692307692307693	0.4444444444444444	0.5555555555555556	1.0	0.7142857142857143	0.5555555555555556	0.5714285714285714	1.0	0.6666666666666666	0.3333333333333333	0.7142857142857143	
duck sp.	0.0	0.0	0.0	0.0	0.0	0.0	0.0	0.0	0.0	0.0	0.0	0.0	0.0	0.0	0.0	0.14285714285714285	0.0	0.0	0.0	0.0	0.0	0.0	0.3333333333333333	0.0	0.0	0.0	0.2	0.0625	0.0	0.0	0.1111111111111111	0.0	0.0	0.18181818181818182	0.16666666666666666	0.0	0.0	0.07692307692307693	0.0	0.0	0.0	0.14285714285714285	0.0	0.0	0.0	0.3333333333333333	0.3333333333333333	0.0	
waterfowl sp.	0.0	0.0	0.0	0.0	0.0	0.0	0.0	0.0	0.0	0.0	0.0	0.0	0.0	0.0	0.0	0.0	0.0	0.0	0.0	0.0	0.0	0.0	0.0	0.0	0.0	0.0	0.0	0.0	0.0	0.0	0.0	0.0	0.0	0.0	0.0	0.0	0.0	0.0	0.0	0.05555555555555555	0.0	0.0	0.0	0.0	0.0	0.0	0.0	0.0	
California Quail	0.0	0.0	0.0	0.0	0.0	0.0	0.0	0.0	0.0	0.0	0.0	0.0	0.0	0.0	0.1111111111111111	0.0	0.0	0.0	0.0	0.0	0.0	0.0	0.0	0.0	0.0	0.0	0.0	0.0	0.0	0.0	0.0	0.0	0.0	0.0	0.0	0.0	0.0	0.0	0.0	0.0	0.0	0.0	0.0	0.0	0.0	0.0	0.0	0.0	
Pied-billed Grebe	0.1	0.0	0.25	0.0	0.3333333333333333	0.0	0.0	0.0	0.0	0.0	0.0	0.0	0.0	0.0	0.0	0.0	0.0	0.0	0.0	0.0	0.0	0.0	0.0	0.0	0.0	0.125	0.0	0.0625	0.1	0.0	0.0	0.3333333333333333	0.125	0.0	0.0	0.0	0.0	0.0	0.0	0.0	0.0	0.14285714285714285	0.0	0.0	0.5	0.0	0.0	0.14285714285714285	
Horned Grebe	0.6	0.0	0.25	0.0	0.0	1.0	0.0	0.0	0.5	0.5714285714285714	0.2857142857142857	0.2857142857142857	0.0	0.0	0.3333333333333333	0.2857142857142857	0.0	0.0	0.14285714285714285	0.0	0.0	0.0	0.0	0.0	0.0015	0.0	0.2	0.0	0.05	0.0	0.2222222222222222	0.3333333333333333	0.5	0.2727272727272727	0.5	0.0015	0.3333333333333333	0.23076923076923078	0.5555555555555556	0.6111111111111112	0.0	0.42857142857142855	0.3333333333333333	0.7142857142857143	0.75	0.6666666666666666	0.3333333333333333	0.2857142857142857	
Red-necked Grebe	0.0	0.0	0.25	0.0	0.0	0.0	0.0	0.0	0.0	0.0	0.14285714285714285	0.14285714285714285	0.0	0.25	0.0	0.0	0.0015	0.0	0.0	0.2	0.0	0.0	0.0	0.0	0.0	0.0	0.2	0.125	0.15	0.16666666666666666	0.2222222222222222	0.0	0.5	0.36363636363636365	0.3333333333333333	0.2	0.0	0.07692307692307693	0.2222222222222222	0.2222222222222222	0.3333333333333333	0.2857142857142857	0.0	0.14285714285714285	0.25	0.0	0.0	0.14285714285714285	
Eared Grebe	0.0	0.0	0.0	0.0	0.0	0.0	0.0	0.0	0.0	0.0	0.0	0.14285714285714285	0.0	0.0	0.0	0.07142857142857142	0.0	0.0	0.0	0.0	0.0	0.0	0.0	0.0	0.0	0.0	0.0	0.0	0.0	0.0	0.0	0.0	0.125	0.0	0.0	0.0	0.0	0.23076923076923078	0.2222222222222222	0.0	0.3333333333333333	0.0	0.0	0.0	0.0	0.0	0.0	0.0	
Western Grebe	0.1	0.0	0.0	0.0	0.0	0.0	0.0	0.0	0.0	0.0	0.0	0.0	0.0	0.0	0.0	0.0	0.0	0.0	0.0	0.0	0.0	0.0	0.0	0.0	0.0	0.0	0.0	0.0625	0.0	0.0	0.1111111111111111	0.0	0.0	0.09090909090909091	0.0	0.2	0.3333333333333333	0.07692307692307693	0.0	0.16666666666666666	0.3333333333333333	0.0	0.1111111111111111	0.0	0.25	0.0	0.3333333333333333	0.14285714285714285	
Rock Pigeon	0.0	0.0	0.0	0.0	0.0	0.0	0.0	0.0	0.0	0.0	0.0	0.0	0.0	0.0	0.0	0.0	1.0	0.0	0.0	0.2	0.0	0.0	0.0	0.0	0.0	0.0	0.0	0.0	0.0	0.0	0.1111111111111111	0.0	0.0	0.0	0.0	0.0	0.0	0.0	0.1111111111111111	0.0	0.0	0.0	0.0	0.14285714285714285	0.0	0.0	0.0	0.0	
Eurasian Collared-Dove	0.1	0.0	0.0	0.0	0.0	0.0	0.0	0.0	0.0	0.0	0.0	0.2857142857142857	0.3333333333333333	0.0	0.0	0.0	0.0	0.0	0.0	0.0	0.0	0.0	0.0	0.0	0.25	0.0	0.2	0.0	0.05	0.0	0.0	0.0	0.125	0.0	0.16666666666666666	0.0	0.0	0.0	0.1111111111111111	0.05555555555555555	0.0	0.0	0.1111111111111111	0.14285714285714285	0.5	0.0	0.0	0.14285714285714285	
Mourning Dove	0.0	0.0	0.0	0.0	0.0	0.0	0.0	0.0	0.0	0.0	0.0	0.0	0.0	0.0	0.1111111111111111	0.07142857142857142	0.0	0.0	0.0	0.0	0.0	0.0	0.0	0.0	0.25	0.0	0.0	0.0	0.0	0.0	0.0	0.16666666666666666	0.0	0.0	0.0	0.0	0.0	0.0	0.0	0.0	0.0	0.0	0.0	0.0	0.0	0.0	0.0	0.0	
Black Swift	0.0	0.0	0.0	0.0	0.0	0.0	0.0	0.0	0.0	0.0	0.0	0.0	0.0	0.0	0.0	0.0	0.0	0.0	0.0	0.0	0.0	0.0	0.0	0.0	0.0	0.0	0.0	0.0	0.0	0.0	0.0	0.0	0.0	0.0	0.16666666666666666	0.0	0.0	0.0	0.0	0.0	0.0	0.0	0.0	0.0	0.0	0.0	0.0	0.0	
Vaux's Swift	0.0	0.0	0.0	0.0	0.0	0.0	0.0	0.0	0.0	0.0	0.0	0.0	0.0	0.0	0.0	0.0	0.0	0.0	0.0	0.0	0.0	0.0	0.0	0.0	0.0	0.0	0.0	0.0	0.0	0.0	0.0	0.0	0.0	0.0	0.16666666666666666	0.0	0.0	0.0	0.0	0.0	0.0	0.0	0.0	0.0	0.0	0.0	0.0	0.0	
Anna's Hummingbird	0.1	0.0	0.0	0.0	0.3333333333333333	0.0	0.0	0.3333333333333333	0.0	0.0	0.14285714285714285	0.14285714285714285	0.0	0.0	0.0	0.0	0.0015	0.0	0.0	0.0	0.0	0.0	0.0	0.0	0.0	0.0	0.0	0.0	0.0	0.0	0.0	0.0	0.125	0.0	0.0	0.0	0.0	0.0	0.1111111111111111	0.0	0.0	0.0	0.0	0.0	0.0	0.0	0.0	0.0	
Rufous Hummingbird	0.0	0.0	0.0	0.0	0.0	0.0	0.0	0.0	0.0	0.0	0.0	0.0	0.0	0.0	0.1111111111111111	0.14285714285714285	0.0	0.16666666666666666	0.0	0.2	0.0	0.25	0.0	0.0	0.0	0.0	0.0	0.0	0.0	0.0	0.0	0.0	0.0	0.0	0.0	0.0	0.0	0.0	0.0	0.0	0.0	0.0	0.0	0.0	0.0	0.0	0.0	0.0	
Virginia Rail	0.0	0.0	0.0	0.0	0.0	0.0	0.0	0.0	0.0	0.0	0.0	0.0	0.0	0.0	0.0	0.0	0.0	0.16666666666666666	0.0	0.0	0.0	0.0	0.0	0.0	0.0	0.0	0.0	0.0625	0.0	0.0	0.0	0.0	0.0	0.0	0.0	0.0	0.0	0.0	0.0	0.0	0.0	0.0	0.0	0.0	0.0	0.0	0.0	0.0	
American Coot	0.0	0.0	0.0	0.0	0.0	0.5	0.0	0.0	0.0	0.0	0.0	0.0	0.0	0.0	0.0	0.0	0.0	0.0	0.0	0.0	0.0	0.0	0.0	0.0	0.0	0.0	0.0	0.0	0.0	0.0	0.0	0.0	0.0	0.0	0.0	0.0	0.0	0.0	0.1111111111111111	0.05555555555555555	0.0	0.0	0.0	0.0	0.25	0.0	0.0	0.0	
American Avocet	0.0	0.0	0.0	0.0	0.0	0.0	0.0	0.0	0.0	0.0	0.0	0.0	0.0	0.0	0.0	0.0	0.0	0.0015	0.0	0.0	0.0	0.0	0.0	0.0	0.0	0.0	0.0	0.0	0.0	0.0	0.1111111111111111	0.0	0.0	0.0	0.0	0.0	0.0	0.0	0.0	0.0	0.0	0.0	0.0	0.0	0.0	0.0	0.0	0.0	
Black Oystercatcher	0.0	1.0	0.0	0.0	0.0	0.0	0.0	0.0	0.0	0.0	0.0	0.0	0.0	0.0	0.0	0.0	0.0	0.0	0.0	0.0	0.0	0.0	0.0	0.0	0.25	0.0	0.2	0.0	0.0	0.0	0.1111111111111111	0.0	0.0	0.0	0.0	0.4	0.0	0.0	0.0	0.0	0.0	0.0	0.1111111111111111	0.0	0.25	0.0	0.0	0.0	
Black-bellied Plover	0.3	0.0	0.0	0.0	0.0	0.0	0.0	0.0	0.0	0.14285714285714285	0.14285714285714285	0.14285714285714285	0.0	0.0	0.0	0.0	0.0	0.0	0.0	0.0	0.0	0.0	0.0	0.0	0.0	0.0	0.0	0.25	0.1	0.5	0.2222222222222222	0.0	0.125	0.18181818181818182	0.0015	0.2	0.0	0.5384615384615384	0.6666666666666666	0.2222222222222222	0.6666666666666666	0.2857142857142857	0.0	0.2857142857142857	0.0	0.0	0.0	0.0	
Pacific Golden-Plover	0.0	0.0	0.0	0.0	0.0	0.0	0.0	0.0	0.0	0.0	0.0	0.0	0.0	0.0	0.0	0.0	0.0	0.0	0.0	0.0	0.0	0.0	0.0	0.0	0.0	0.0	0.0	0.0	0.0	0.0	0.0	0.0	0.0015	0.0	0.0	0.0	0.0	0.0	0.0	0.0	0.0	0.0	0.0	0.0	0.0	0.0	0.0	0.0	
American/Pacific Golden-Plover (Lesser Golden-Plover)	0.0	0.0	0.0	0.0	0.0	0.0	0.0	0.0	0.0	0.0	0.0	0.0	0.0	0.0	0.0	0.0	0.0	0.0	0.0	0.0	0.0	0.0	0.0	0.0	0.0	0.0	0.0	0.0	0.0	0.0	0.0	0.0	0.0	0.0	0.0015	0.0	0.0	0.0	0.0	0.0	0.0	0.0	0.0	0.0	0.0	0.0	0.0	0.0	
Semipalmated Plover	0.0	0.0	0.0	0.0	0.0	0.0	0.0	0.0	0.0	0.0	0.0	0.0	0.0	0.0	0.0	0.0	0.0	0.0	0.0	0.0	0.0	0.0	0.0	0.0	0.0	0.0	0.0	0.375	0.1	0.5	0.4444444444444444	0.0	0.0015	0.2727272727272727	0.16666666666666666	0.0	0.0	0.0	0.0	0.0	0.0	0.0	0.0	0.0	0.0	0.0	0.0	0.0	
Killdeer	0.2	0.0	0.0	0.0	0.0	0.0	0.0	0.0	0.0	0.0	0.0	0.14285714285714285	0.0	0.0	0.1111111111111111	0.2857142857142857	0.0015	0.16666666666666666	0.0	0.2	0.0	0.25	0.0	0.25	0.5	0.125	0.4	0.625	0.35	0.0	0.5555555555555556	0.16666666666666666	0.75	0.7272727272727273	0.3333333333333333	0.2	0.0	0.5384615384615384	0.3333333333333333	0.1111111111111111	0.0	0.14285714285714285	0.0	0.0	0.0	0.3333333333333333	0.0	0.0	
Whimbrel	0.0	0.0	0.0	0.0	0.0	0.0	0.0	0.0	0.0	0.0	0.0	0.0	0.0	0.0	0.0	0.07142857142857142	0.0015	0.0	0.0	0.2	0.0	0.0	0.0	0.0	0.0	0.0	0.4	0.0625	0.05	0.0	0.0	0.16666666666666666	0.125	0.0	0.0	0.0	0.0	0.0	0.0	0.0	0.0	0.0	0.0	0.0	0.0	0.0	0.0	0.0	
Ruddy Turnstone	0.0	0.0	0.0	0.0	0.0	0.0	0.0	0.0	0.0	0.0	0.0	0.0	0.0	0.0	0.0	0.0	0.0	0.0	0.0	0.0	0.0	0.0	0.0	0.0	0.0	0.0	0.0	0.1875	0.0	0.0	0.0	0.0	0.0015	0.0	0.0	0.0	0.0	0.0	0.0	0.0	0.0	0.0	0.0	0.0	0.0	0.0	0.0	0.0	
Black Turnstone	0.0	0.0	0.0	0.0	0.0	0.0	0.0	0.0	0.0	0.0	0.0	0.0	0.0	0.0	0.0	0.0	0.0	0.0	0.0	0.0	0.0	0.0	0.0	0.0	0.0	0.0	0.0	0.0	0.0	0.0	0.0	0.16666666666666666	0.0	0.09090909090909091	0.0	0.0015	0.0	0.0	0.0	0.05555555555555555	0.0	0.0	0.0	0.0	0.0	0.0	0.0	0.0	
Red Knot	0.0	0.0	0.0	0.0	0.0	0.0	0.0	0.0	0.0	0.0	0.0	0.0	0.0	0.0	0.0	0.0	0.0	0.0	0.0	0.0	0.0	0.0	0.0	0.0	0.0	0.0	0.0	0.0	0.0	0.0	0.0	0.0	0.0015	0.09090909090909091	0.0	0.0	0.0	0.3076923076923077	0.3333333333333333	0.0	0.0	0.0	0.0	0.0	0.0	0.0	0.0	0.0	
Stilt Sandpiper	0.0	0.0	0.0	0.0	0.0	0.0	0.0	0.0	0.0	0.0	0.0	0.0	0.0	0.0	0.0	0.0	0.0	0.0	0.0	0.0	0.0	0.0	0.0	0.0	0.0	0.0	0.0	0.0	0.0	0.0	0.0	0.0	0.0	0.0	0.0	0.0015	0.0	0.0	0.0	0.0	0.0	0.0	0.0	0.0	0.0	0.0	0.0	0.0	
Sanderling	0.1	0.0	0.0	0.0	0.0015	0.0	0.0	0.0	0.0	0.0	0.14285714285714285	0.14285714285714285	0.0	0.0	0.0	0.0	0.0	0.0	0.0	0.0	0.0	0.0	0.0	0.0	0.0	0.0	0.0	0.25	0.1	0.6666666666666666	0.6666666666666666	0.16666666666666666	0.125	0.45454545454545453	0.0	0.0015	0.0	0.15384615384615385	0.0	0.1111111111111111	0.0	0.14285714285714285	0.2222222222222222	0.0	0.25	0.6666666666666666	0.0	0.0	
Dunlin	0.0	0.0	0.0	0.0	0.0	0.0	0.0	0.0	0.0	0.14285714285714285	0.0	0.14285714285714285	0.0	0.0	0.0	0.0	0.0	0.0	0.0	0.0	0.0	0.0	0.0	0.0	0.0	0.0	0.0	0.0	0.0	0.0	0.0	0.0	0.0	0.0	0.0	0.0	0.3333333333333333	0.38461538461538464	0.6666666666666666	0.5	0.6666666666666666	0.2857142857142857	0.2222222222222222	0.2857142857142857	0.0	0.3333333333333333	0.0	0.0	
Baird's Sandpiper	0.0	0.0	0.0	0.0	0.0	0.0	0.0	0.0	0.0	0.0	0.0	0.0	0.0	0.0	0.0	0.0	0.0	0.0	0.0	0.0	0.0	0.0	0.0	0.0	0.0	0.0	0.0	0.0	0.0	0.16666666666666666	0.4444444444444444	0.3333333333333333	0.0015	0.0	0.0	0.0	0.0	0.0	0.0	0.0	0.0	0.0	0.0	0.0	0.0	0.0	0.0	0.0	
Least Sandpiper	0.0	0.0	0.0	0.0	0.0	0.0	0.0	0.0	0.0	0.0	0.0	0.0	0.0	0.0	0.0	0.0	0.0	0.0	0.0	0.0	0.0	0.0	0.0	0.0	0.0015	0.125	0.6	0.5625	0.6	0.16666666666666666	0.7777777777777778	0.3333333333333333	0.375	0.36363636363636365	0.16666666666666666	0.0015	0.0	0.0	0.1111111111111111	0.0	0.3333333333333333	0.0	0.0	0.2857142857142857	0.0	0.0	0.0	0.0	
Pectoral Sandpiper	0.0	0.0	0.0	0.0	0.0	0.0	0.0	0.0	0.0	0.0	0.0	0.0	0.0	0.0	0.0	0.0	0.0	0.0	0.0	0.0	0.0	0.0	0.0	0.0	0.0	0.0	0.0	0.1875	0.0	0.0	0.0	0.3333333333333333	0.0015	0.18181818181818182	0.0	0.2	0.3333333333333333	0.15384615384615385	0.0	0.0	0.0	0.0	0.0	0.0	0.0	0.0	0.0	0.0	
Semipalmated Sandpiper	0.0	0.0	0.0	0.0	0.0	0.0	0.0	0.0	0.0	0.0	0.0	0.0	0.0	0.0	0.0	0.0	0.0	0.0	0.0	0.0	0.0	0.0	0.0	0.0	0.0	0.0	0.2	0.1875	0.05	0.0	0.0	0.0	0.0	0.0	0.0	0.0	0.0	0.0	0.0	0.0	0.0	0.0	0.0	0.0	0.0	0.0	0.0	0.0	
Western Sandpiper	0.0	0.0	0.0	0.0	0.0	0.0	0.0	0.0	0.0	0.0	0.0	0.0	0.0	0.0	0.0	0.0	0.0015	0.0	0.0	0.0	0.0	0.0	0.0	0.0	0.25	0.125	0.4	0.625	0.55	0.8333333333333334	1.0	0.3333333333333333	0.5	0.5454545454545454	0.16666666666666666	0.2	0.0	0.23076923076923078	0.0	0.0	0.0	0.0015	0.0	0.0	0.0	0.0	0.0	0.0	
peep sp.	0.1	0.0	0.0	0.0	0.0	0.0	0.0	0.0	0.0	0.0	0.0	0.0	0.0	0.0	0.0	0.0	0.0	0.0	0.0	0.0	0.0	0.0	0.0	0.0	0.0	0.125	0.2	0.0	0.1	0.0	0.0	0.0	0.0	0.0	0.0	0.0	0.0	0.0	0.0	0.0	0.0	0.0	0.0	0.0	0.0	0.0	0.0	0.0	
Short-billed Dowitcher	0.0	0.0	0.0	0.0	0.0	0.0	0.0	0.0	0.0	0.0	0.0	0.0	0.0	0.0	0.0	0.0	0.0	0.0	0.0	0.0	0.0	0.0	0.0	0.0	0.0	0.125	0.0	0.1875	0.05	0.0	0.4444444444444444	0.3333333333333333	0.25	0.2727272727272727	0.16666666666666666	0.0	0.0	0.0	0.0	0.0	0.0	0.0	0.0	0.0	0.0	0.0	0.0	0.0	
Long-billed Dowitcher	0.0	0.0	0.0	0.0	0.0	0.0	0.0	0.0	0.0	0.0	0.0	0.0	0.0	0.0	0.0	0.0	0.0	0.0	0.0	0.0	0.0	0.0	0.0	0.0	0.0	0.125	0.4	0.25	0.25	0.3333333333333333	0.2222222222222222	0.16666666666666666	0.0015	0.0	0.0015	0.4	0.3333333333333333	0.23076923076923078	0.4444444444444444	0.0	0.0	0.0	0.1111111111111111	0.0	0.0	0.0	0.0	0.0	
Short-billed/Long-billed Dowitcher	0.0	0.0	0.0	0.0	0.0	0.0	0.0	0.0	0.0	0.0	0.0	0.0	0.0	0.0	0.0	0.0	0.0	0.0	0.0	0.0	0.0	0.0	0.0	0.0	0.0	0.0	0.0	0.0625	0.05	0.0	0.0	0.0	0.125	0.09090909090909091	0.0	0.2	0.0	0.38461538461538464	0.2222222222222222	0.16666666666666666	0.0	0.0	0.0	0.0	0.0	0.0	0.0	0.0	
Wilson's Snipe	0.0	0.0	0.0	0.0	0.0	0.0	0.0	0.0	0.0	0.0	0.0	0.14285714285714285	0.0	0.0	0.0	0.07142857142857142	0.0	0.0	0.0	0.0	0.0	0.0	0.0	0.0	0.0	0.0	0.0	0.0	0.0	0.0	0.0	0.0	0.0	0.09090909090909091	0.0	0.0	0.0	0.0	0.0	0.0	0.0	0.0	0.0	0.0	0.0	0.0	0.0	0.0	
Wilson's Phalarope	0.0	0.0	0.0	0.0	0.0	0.0	0.0	0.0	0.0	0.0	0.0	0.0	0.0	0.0	0.0	0.0	0.0	0.0	0.0	0.0	0.0	0.0	0.0	0.0	0.0	0.0	0.0	0.0625	0.0	0.16666666666666666	0.0	0.0	0.0	0.0	0.0	0.0	0.0	0.0	0.0	0.0	0.0	0.0	0.0	0.0	0.0	0.0	0.0	0.0	
Red-necked Phalarope	0.0	0.0	0.0	0.0	0.0	0.0	0.0	0.0	0.0	0.0	0.0	0.0	0.0	0.0	0.0	0.0	0.0015	0.0	0.0	0.0	0.0	0.0	0.0	0.0	0.0	0.0	0.0	0.0	0.0	0.0	0.1111111111111111	0.3333333333333333	0.0015	0.0	0.0	0.0	0.0	0.0	0.0	0.0	0.0	0.0	0.0	0.0	0.0	0.0	0.0	0.0	
Spotted Sandpiper	0.0	0.0	0.0	0.0	0.0	0.0	0.0	0.0	0.0	0.0	0.0	0.0	0.0	0.0	0.0	0.0	0.0	0.0	0.0	0.0	0.0	0.0	0.0	0.0	0.0015	0.0	0.2	0.0	0.05	0.0	0.1111111111111111	0.0	0.0	0.0	0.0	0.0	0.0	0.0	0.0	0.0	0.0	0.0	0.0	0.0	0.0	0.0	0.0	0.0	
Greater Yellowlegs	0.0	0.0	0.0	0.0	0.0	0.0	0.0	0.0	0.0	0.0	0.0	0.0	0.0	0.0	0.1111111111111111	0.0	0.0	0.0	0.0	0.0	0.0	0.0	0.0	0.0	0.0	0.125	0.2	0.375	0.35	0.5	0.2222222222222222	0.3333333333333333	0.375	0.18181818181818182	0.0015	0.2	0.0	0.15384615384615385	0.1111111111111111	0.05555555555555555	0.0	0.14285714285714285	0.2222222222222222	0.0	0.0	0.0	0.0	0.0	
Lesser Yellowlegs	0.0	0.0	0.0	0.0	0.0	0.0	0.0	0.0	0.0	0.0	0.0	0.0	0.0	0.0	0.0	0.0	0.0	0.0	0.0	0.0	0.0	0.0	0.0	0.0	0.25	0.125	0.2	0.375	0.2	0.3333333333333333	0.4444444444444444	0.16666666666666666	0.125	0.2727272727272727	0.0	0.0	0.0	0.0	0.0	0.0	0.0	0.0	0.0	0.0	0.0	0.0	0.0	0.0	
Greater/Lesser Yellowlegs	0.0	0.0	0.0	0.0	0.0	0.0	0.0	0.0	0.0	0.0	0.0	0.0	0.0	0.0	0.0	0.0	0.0	0.0	0.0	0.0	0.0	0.0	0.0	0.0	0.0	0.0	0.0	0.0	0.0	0.16666666666666666	0.0	0.0	0.0	0.0	0.0	0.0	0.0	0.0	0.0	0.0	0.0	0.0	0.0	0.0	0.0	0.0	0.0	0.0	
shorebird sp.	0.0	0.0	0.0	0.0	0.0	0.0	0.0	0.0	0.0	0.0	0.0	0.0	0.0	0.0	0.0	0.0	0.0	0.0	0.0	0.0	0.0	0.0	0.0	0.0	0.0	0.0	0.0	0.0	0.05	0.0	0.0	0.0	0.25	0.0	0.0	0.0	0.0	0.0	0.0	0.0	0.0	0.0	0.0	0.0	0.0	0.0	0.0	0.0	
Parasitic Jaeger	0.0	0.0	0.0	0.0	0.0	0.0	0.0	0.0	0.0	0.0	0.0	0.0	0.0	0.0	0.0	0.0	0.0	0.0	0.0	0.0	0.0	0.0	0.0	0.0	0.0	0.0	0.0	0.0	0.0	0.0	0.0	0.0	0.125	0.0015	0.0	0.4	0.0	0.0	0.0	0.0	0.0	0.0	0.0	0.0	0.0	0.0	0.0	0.0	
Common Murre	0.0	0.0	0.0	0.0	0.0	0.0	0.0	0.0	0.0	0.0	0.0	0.0	0.0	0.0	0.0	0.0	0.0	0.16666666666666666	0.0	0.0	0.0	0.0	0.0	0.0	0.0	0.25	0.0	0.125	0.15	0.0	0.1111111111111111	0.0	0.125	0.09090909090909091	0.0	0.0	0.0	0.15384615384615385	0.1111111111111111	0.16666666666666666	0.0	0.14285714285714285	0.0	0.0	0.0	0.0	0.0	0.0	
Pigeon Guillemot	0.2	1.0	0.0	0.0	0.0	0.0	0.0	0.0	0.0	0.42857142857142855	0.2857142857142857	0.14285714285714285	0.0	0.0	0.1111111111111111	0.21428571428571427	1.0	0.6666666666666666	0.42857142857142855	0.4	1.0	0.75	0.0	0.0	0.25	0.5	0.8	0.375	0.45	0.16666666666666666	0.5555555555555556	0.3333333333333333	0.5	0.18181818181818182	0.3333333333333333	0.0	0.0	0.07692307692307693	0.1111111111111111	0.2222222222222222	0.0	0.14285714285714285	0.0015	0.5714285714285714	0.75	0.0	0.0	0.0	
Marbled Murrelet	0.0	0.0	0.0	0.0	0.0	0.0	0.0	0.0	0.0	0.0	0.0	0.0	0.0	0.0	0.1111111111111111	0.0	0.0	0.0	0.0	0.0	0.0	0.0	0.0	0.0	0.0	0.0	0.0	0.0	0.05	0.0	0.1111111111111111	0.0	0.25	0.0	0.0	0.2	0.0	0.07692307692307693	0.1111111111111111	0.0	0.0	0.0	0.0	0.2857142857142857	0.0	0.0	0.0	0.0	
Rhinoceros Auklet	0.0	0.0	0.0	0.0	0.0	0.0	0.0	0.0	0.0	0.14285714285714285	0.0	0.14285714285714285	0.0	0.25	0.0	0.07142857142857142	0.0	0.3333333333333333	0.0015	0.2	0.0	0.25	0.0	0.25	0.5	0.25	0.6	0.25	0.25	0.16666666666666666	0.0	0.0	0.0	0.0	0.16666666666666666	0.2	0.0	0.0	0.0	0.0	0.0	0.0	0.0	0.0	0.0	0.0	0.0	0.0	
Bonaparte's Gull	0.0	0.0	0.0	0.0	0.0	0.0	0.0	0.0	0.0	0.0	0.0	0.0	0.0	0.0	0.0	0.0	0.0015	0.0	0.0	0.0	0.0	0.0	0.0	0.0	0.0	0.0	0.4	0.3125	0.15	0.6666666666666666	0.2222222222222222	0.16666666666666666	0.125	0.0	0.0	0.0	0.0	0.0	0.0	0.0	0.0	0.0	0.0	0.0	0.0	0.0	0.0	0.0	
Franklin's Gull	0.0	0.0	0.0	0.0	0.0	0.0	0.0	0.0	0.0	0.0	0.0	0.0	0.0	0.0	0.0	0.0	0.0	0.0	0.0	0.0	0.0	0.0	0.0	0.0	0.0	0.0	0.0	0.0	0.1	0.0	0.0	0.0	0.0	0.0	0.0	0.0	0.0	0.0015	0.0	0.0	0.0	0.0	0.0	0.0	0.0	0.0	0.0	0.0	
Heermann's Gull	0.0	0.0	0.0	0.0	0.0	0.0	0.0	0.0	0.0	0.0	0.0	0.0	0.0	0.0	0.0	0.0	0.0	0.0	0.0	0.0	0.0	0.0	0.0	0.0	0.0	0.25	0.0	0.4375	0.1	0.5	0.3333333333333333	0.3333333333333333	0.25	0.18181818181818182	0.3333333333333333	0.2	0.0	0.07692307692307693	0.3333333333333333	0.16666666666666666	0.0	0.0	0.0	0.0	0.0	0.0	0.0	0.0	
Mew Gull	0.1	0.0	0.0	0.0	0.0	0.0	0.25	0.3333333333333333	0.3333333333333333	0.0	0.0	0.0	0.0	0.5	0.0	0.0	0.0	0.0	0.14285714285714285	0.0	0.0	0.0	0.0	0.0	0.0	0.125	0.0	0.125	0.25	0.0	0.1111111111111111	0.16666666666666666	0.125	0.0	0.16666666666666666	0.0	0.0	0.0	0.0	0.1111111111111111	0.0	0.0	0.3333333333333333	0.0	0.0	0.3333333333333333	0.3333333333333333	0.2857142857142857	
Ring-billed Gull	0.1	0.0	0.0	0.0	0.0	0.0	0.0	0.0	0.0	0.0	0.0	0.0	0.0	0.0	0.0	0.0	0.0	0.0	0.0	0.0	0.0	0.0	0.0	0.0	0.0	0.0	0.0	0.0625	0.15	0.0	0.2222222222222222	0.0	0.0	0.18181818181818182	0.0	0.0	0.0	0.0	0.0	0.05555555555555555	0.0	0.0	0.0	0.0	0.0	0.0	0.0	0.0	
California Gull	0.0	0.0	0.0	0.0	0.0	0.0	0.0	0.0	0.0	0.0	0.0	0.0	0.0	0.0	0.0	0.0	0.0	0.0	0.0	0.0	0.0	0.0	0.0	0.0	0.0	0.375	0.0	0.5625	0.7	0.16666666666666666	0.3333333333333333	0.3333333333333333	0.125	0.09090909090909091	0.16666666666666666	0.4	0.0	0.15384615384615385	0.2222222222222222	0.0	0.0	0.0	0.0	0.14285714285714285	0.0	0.0	0.0	0.0	
Herring Gull	0.0	0.0	0.0	0.0	0.0	0.0	0.0	0.0	0.0	0.0	0.0	0.0	0.0	0.0	0.0	0.0	0.0	0.0	0.0	0.0	0.0	0.0	0.0	0.0	0.0	0.0	0.0	0.0	0.0	0.0	0.0	0.0	0.0	0.0	0.0	0.4	0.0	0.0	0.0015	0.0	0.0	0.0	0.0	0.0	0.0	0.0	0.0	0.0	
Glaucous-winged Gull	0.4	0.0	0.0	0.5	0.0	0.5	0.0	0.6666666666666666	0.3333333333333333	0.7142857142857143	0.14285714285714285	0.42857142857142855	0.0	0.5	0.1111111111111111	0.5	0.0	0.5	0.14285714285714285	0.6	0.0	0.25	0.6666666666666666	0.0	0.5	0.375	0.4	0.5625	0.45	0.0	0.4444444444444444	0.16666666666666666	0.25	0.36363636363636365	0.5	0.8	0.0	0.23076923076923078	0.3333333333333333	0.3333333333333333	0.0	0.2857142857142857	0.3333333333333333	0.7142857142857143	0.5	0.6666666666666666	0.0	0.0	
Western x Glaucous-winged Gull (hybrid)	0.1	0.0	0.0	0.0	0.0	0.0	0.0	0.0	0.0	0.0	0.14285714285714285	0.2857142857142857	0.0	0.0	0.0	0.14285714285714285	0.0	0.16666666666666666	0.0	0.0	0.0	0.0	0.0	0.0	0.0	0.0	0.0	0.0625	0.0	0.0	0.0	0.0	0.125	0.0	0.0	0.0	0.0	0.23076923076923078	0.1111111111111111	0.1111111111111111	0.3333333333333333	0.0	0.0	0.0	0.0	0.0	0.0	0.0	
Western/Glaucous-winged Gull	0.1	0.0	0.0	0.0	0.0	0.0	0.0	0.0	0.0	0.0	0.0	0.0	0.0	0.25	0.0	0.0	0.0	0.0	0.0	0.0	0.0	0.0	0.0	0.0	0.0	0.25	0.0	0.0	0.2	0.0	0.0	0.0	0.125	0.0	0.0	0.0	0.0	0.0	0.0	0.0	0.3333333333333333	0.0	0.0	0.0	0.0	0.0	0.0	0.0	
Larus sp.	0.1	0.0	0.0	0.5	0.0	0.0	0.0	0.0	0.0	0.0	0.0	0.0	0.3333333333333333	0.0	0.0	0.0	0.0	0.16666666666666666	0.0015	0.0	0.0	0.0	0.0	0.0	0.0	0.125	0.0	0.0	0.05	0.0	0.0	0.0	0.0	0.0	0.0	0.0	0.0	0.0	0.2222222222222222	0.05555555555555555	0.0	0.0	0.0	0.0	0.0	0.0	0.0	0.0	
gull sp.	0.1	0.0	0.25	0.0	0.0	0.0	0.0	0.3333333333333333	0.6666666666666666	0.14285714285714285	0.2857142857142857	0.0	0.3333333333333333	0.25	0.0	0.21428571428571427	0.0	0.3333333333333333	0.0	0.0	0.0	0.0	0.0	0.0	0.0	0.0	0.2	0.125	0.05	0.0	0.1111111111111111	0.0	0.25	0.2727272727272727	0.5	0.0	0.0	0.15384615384615385	0.0	0.16666666666666666	0.0	0.5714285714285714	0.1111111111111111	0.0	0.25	0.0	1.0	0.2857142857142857	
Caspian Tern	0.0	0.0	0.0	0.0	0.0	0.0	0.0	0.0	0.0	0.0	0.0	0.0	0.0	0.0	0.0	0.14285714285714285	0.0	0.16666666666666666	0.14285714285714285	0.6	1.0	0.25	0.0	0.25	0.0015	0.0	0.0	0.5625	0.65	0.6666666666666666	0.6666666666666666	0.16666666666666666	0.375	0.0	0.16666666666666666	0.0	0.0	0.0	0.0	0.0	0.0	0.0	0.0	0.0	0.0	0.0	0.0	0.0	
Black Tern	0.0	0.0	0.0	0.0	0.0	0.0	0.0	0.0	0.0	0.0	0.0	0.0	0.0	0.0	0.0	0.0	0.0	0.0	0.0	0.0	0.0	0.0	0.0	0.0	0.0	0.0	0.0	0.0	0.0	0.0	0.0	0.0	0.0	0.0	0.0015	0.0	0.0	0.0	0.0	0.0	0.0	0.0	0.0	0.0	0.0	0.0	0.0	0.0	
tern sp.	0.0	0.0	0.0	0.0	0.0	0.0	0.0	0.0	0.0	0.0	0.0	0.0	0.0	0.0	0.0	0.0	0.0	0.0	0.0	0.0	0.0	0.0	0.0	0.0	0.0	0.0	0.0	0.0	0.0	0.0	0.0	0.16666666666666666	0.0	0.0	0.0	0.0	0.0	0.0	0.0	0.0	0.0	0.0	0.0	0.0	0.0	0.0	0.0	0.0	
Red-throated Loon	0.2	0.0	0.0	0.0	0.0	0.0	0.25	0.0	0.0	0.14285714285714285	0.0	0.14285714285714285	0.0	0.5	0.1111111111111111	0.14285714285714285	0.0	0.16666666666666666	0.0	0.4	0.0	0.0	0.0	0.25	0.0	0.0	0.2	0.1875	0.15	0.0	0.0	0.0	0.0	0.09090909090909091	0.5	0.6	0.0	0.23076923076923078	0.4444444444444444	0.3888888888888889	0.3333333333333333	0.2857142857142857	0.1111111111111111	0.42857142857142855	0.5	0.0	0.3333333333333333	0.14285714285714285	
Pacific Loon	0.0	0.0	0.0	0.0	0.0	0.5	0.0	0.0	0.0	0.0	0.0	0.14285714285714285	0.0	0.0	0.1111111111111111	0.07142857142857142	0.0015	0.0	0.0015	0.0	1.0	0.5	0.0	0.0	0.0	0.25	0.4	0.1875	0.25	0.0	0.1111111111111111	0.0	0.125	0.18181818181818182	0.0	0.6	0.0	0.23076923076923078	0.2222222222222222	0.05555555555555555	0.0	0.14285714285714285	0.1111111111111111	0.14285714285714285	0.25	0.3333333333333333	0.0	0.0	
Common Loon	0.5	0.0	0.25	0.0	0.0	0.5	0.25	0.0	0.3333333333333333	0.2857142857142857	0.42857142857142855	0.2857142857142857	0.0	0.25	0.0	0.14285714285714285	0.0015	0.0	0.2857142857142857	0.0	0.0	0.5	0.0	0.25	0.25	0.375	0.6	0.1875	0.3	0.16666666666666666	0.4444444444444444	0.3333333333333333	0.625	0.2727272727272727	0.6666666666666666	0.8	0.6666666666666666	0.38461538461538464	0.5555555555555556	0.5	0.0	0.42857142857142855	0.2222222222222222	0.7142857142857143	0.75	0.6666666666666666	0.3333333333333333	0.14285714285714285	
loon sp.	0.0	0.0	0.0	0.0	0.0	0.0	0.0	0.0	0.0	0.14285714285714285	0.14285714285714285	0.0	0.0	0.0	0.0	0.0	0.0	0.0	0.0	0.0	0.0	0.0	0.0	0.0	0.0	0.0	0.0	0.0	0.0	0.0	0.0	0.0	0.0	0.0	0.0	0.0	0.0	0.07692307692307693	0.0	0.05555555555555555	0.0	0.0	0.0	0.0	0.0	0.0	0.0	0.0	
Sooty Shearwater	0.0	0.0	0.0	0.0	0.0	0.0	0.0	0.0	0.0	0.0	0.0	0.0	0.0	0.0	0.0	0.0	0.0	0.0	0.0	0.0	0.0	0.0	0.0	0.0	0.0	0.0	0.0	0.0	0.0	0.0	0.0	0.0	0.0	0.0015	0.0	0.0	0.0	0.0	0.0	0.0	0.0	0.0	0.0	0.0	0.0	0.0	0.0	0.0	
Brandt's Cormorant	0.0	0.0	0.0	0.0	0.0	0.0	0.0	0.0	0.0	0.0	0.0	0.0	0.0	0.0	0.0	0.0	0.0	0.0	0.0	0.2	0.0	0.0	0.0	0.0	0.0	0.25	0.0	0.0	0.0	0.16666666666666666	0.1111111111111111	0.0	0.0	0.0	0.0	0.0	0.0	0.07692307692307693	0.0	0.0	0.0	0.0	0.0	0.2857142857142857	0.0	0.0	0.0	0.0	
Pelagic Cormorant	0.2	0.0	0.0	0.0	0.0	0.0	0.0	0.0	0.0	0.14285714285714285	0.0	0.14285714285714285	0.0	0.0	0.1111111111111111	0.14285714285714285	0.0	0.16666666666666666	0.0	0.2	0.0	0.0	0.0	0.0	0.0	0.25	0.0	0.3125	0.05	0.0	0.2222222222222222	0.0	0.0	0.0	0.0	0.2	0.3333333333333333	0.0	0.2222222222222222	0.1111111111111111	0.3333333333333333	0.14285714285714285	0.0	0.14285714285714285	0.25	0.0	0.0	0.2857142857142857	
Double-crested Cormorant	0.4	0.0	0.0	0.0	0.3333333333333333	0.0	0.0	0.3333333333333333	0.16666666666666666	0.42857142857142855	0.2857142857142857	0.7142857142857143	0.3333333333333333	0.5	0.2222222222222222	0.42857142857142855	1.0	0.5	0.42857142857142855	0.6	1.0	0.75	0.0	0.25	0.75	0.5	0.4	0.5625	0.5	0.16666666666666666	0.5555555555555556	0.0	0.25	0.2727272727272727	0.16666666666666666	0.6	0.3333333333333333	0.3076923076923077	0.3333333333333333	0.1111111111111111	0.3333333333333333	0.0	0.1111111111111111	0.2857142857142857	0.0	0.0	0.0	0.0	
cormorant sp.	0.0	0.0	0.0	0.0	0.0	0.0	0.0	0.0	0.0	0.0	0.14285714285714285	0.0	0.0	0.0	0.0	0.07142857142857142	0.0	0.3333333333333333	0.14285714285714285	0.0	0.0	0.0	0.3333333333333333	0.0	0.0	0.125	0.0	0.0	0.0	0.0	0.0	0.16666666666666666	0.0	0.0	0.0	0.0	0.0	0.0	0.2222222222222222	0.2222222222222222	0.0	0.0	0.0	0.0	0.0	0.0	0.0	0.0	
Great Blue Heron	0.2	0.0	0.25	0.5	0.6666666666666666	1.0	0.5	0.6666666666666666	0.16666666666666666	0.5714285714285714	0.5714285714285714	0.42857142857142855	1.0	1.0	0.3333333333333333	0.5	0.0	0.6666666666666666	0.5714285714285714	0.6	1.0	1.0	0.6666666666666666	0.75	0.5	0.75	0.2	0.8125	0.75	0.3333333333333333	0.5555555555555556	0.6666666666666666	0.75	0.36363636363636365	0.6666666666666666	0.8	0.0	0.7692307692307693	0.7777777777777778	0.6666666666666666	1.0	0.5714285714285714	0.3333333333333333	0.42857142857142855	0.5	1.0	0.6666666666666666	0.5714285714285714	
Great Egret	0.0	0.0	0.0	0.0	0.0	0.0	0.0	0.0	0.0	0.0	0.0	0.0	0.0	0.0	0.0	0.0	0.0	0.0	0.0	0.0	0.0	0.0	0.0	0.0	0.0	0.0	0.0	0.0	0.0	0.0	0.0	0.16666666666666666	0.0	0.0	0.0	0.0	0.0	0.0	0.0	0.0	0.0	0.0	0.0	0.0	0.0	0.0	0.0	0.0	
Turkey Vulture	0.0	0.0	0.0	0.0	0.0	0.0	0.0	0.0	0.0	0.0	0.0	0.0	0.0	0.0	0.0	0.0	0.0	0.0	0.0	0.0	0.0	0.0	0.0	0.0	0.0	0.0	0.0	0.0625	0.05	0.0	0.0	0.0	0.0	0.0	0.0	0.0	0.0	0.0	0.0	0.0	0.0	0.0	0.0	0.0	0.0	0.0	0.0	0.0	
Osprey	0.0	0.0	0.0	0.0	0.0	0.0	0.0	0.0	0.0	0.0	0.0	0.0	0.0	0.0	0.0	0.0	0.0	0.0	0.0	0.0	0.0	0.0	0.0	0.0	0.0	0.0	0.0	0.0625	0.1	0.0	0.0	0.0	0.0	0.0	0.0	0.0	0.0	0.0	0.0	0.0	0.0	0.0	0.0	0.0	0.0	0.0	0.0	0.0	
Northern Harrier	0.1	0.0	0.5	0.0	0.0015	1.0	0.25	0.6666666666666666	0.16666666666666666	0.0	0.2857142857142857	0.14285714285714285	0.3333333333333333	0.0	0.2222222222222222	0.2857142857142857	0.0015	0.0	0.0	0.0	0.0	0.0	0.3333333333333333	0.0	0.25	0.0	0.6	0.375	0.6	0.3333333333333333	0.8888888888888888	0.3333333333333333	0.25	0.36363636363636365	0.3333333333333333	0.4	0.0	0.23076923076923078	0.3333333333333333	0.1111111111111111	0.3333333333333333	0.14285714285714285	0.1111111111111111	0.2857142857142857	0.5	0.3333333333333333	0.0	0.7142857142857143	
Sharp-shinned Hawk	0.0	0.0	0.0	0.0	0.0	0.0	0.25	0.0	0.0	0.14285714285714285	0.0	0.0	0.0	0.0	0.0	0.0	0.0	0.0	0.0	0.0	0.0	0.0	0.0	0.0	0.0	0.0	0.0	0.0	0.0	0.0	0.0	0.0	0.0	0.0	0.16666666666666666	0.0	0.0	0.0	0.0	0.0	0.0	0.0	0.0	0.0	0.0	0.0	0.0	0.0	
Cooper's Hawk	0.0	0.0	0.0	0.0	0.0	0.0	0.0	0.0	0.0	0.0	0.0	0.0	0.0	0.0	0.0	0.07142857142857142	0.0	0.0	0.0	0.0	0.0	0.0	0.0	0.0	0.0	0.0	0.0	0.0	0.0	0.0	0.2222222222222222	0.3333333333333333	0.125	0.0	0.0	0.0	0.0	0.0	0.0	0.05555555555555555	0.0	0.0	0.0	0.0	0.0	0.0	0.0	0.0	
Bald Eagle	0.6	0.0	0.25	0.5	0.6666666666666666	0.0	0.5	0.3333333333333333	0.16666666666666666	0.2857142857142857	0.2857142857142857	0.5714285714285714	0.3333333333333333	0.25	0.1111111111111111	0.42857142857142855	1.0	0.3333333333333333	0.14285714285714285	0.0	1.0	0.75	0.0015	0.25	0.25	0.25	0.8	0.1875	0.4	0.16666666666666666	0.1111111111111111	0.0	0.0	0.0	0.0	0.0	0.0	0.07692307692307693	0.4444444444444444	0.3333333333333333	0.3333333333333333	0.14285714285714285	0.2222222222222222	0.2857142857142857	0.5	0.0	0.0	0.7142857142857143	
Red-tailed Hawk	0.2	0.0	0.5	1.0	0.6666666666666666	0.0	0.0	0.3333333333333333	0.16666666666666666	0.2857142857142857	0.2857142857142857	0.14285714285714285	0.3333333333333333	0.25	0.2222222222222222	0.0	0.0	0.16666666666666666	0.0	0.2	0.0	0.25	0.0	0.25	0.75	0.25	0.6	0.0625	0.25	0.0	0.1111111111111111	0.0	0.125	0.18181818181818182	0.5	0.0	0.0	0.3076923076923077	0.1111111111111111	0.2222222222222222	0.3333333333333333	0.14285714285714285	0.1111111111111111	0.42857142857142855	0.25	0.3333333333333333	0.0	0.0015	
Snowy Owl	0.0	0.0	0.0	0.0	0.0	0.0	0.0	0.0	0.0	0.0	0.0	0.0	0.0	0.0	0.0	0.0	0.0	0.0	0.0	0.0	0.0	0.0	0.0	0.0	0.0	0.0	0.0	0.0	0.0	0.0	0.0	0.0	0.0	0.0	0.0	0.0	0.0	0.0	0.0	0.0	0.0	0.0	0.0	0.0	0.0	0.0	0.0	0.0015	
Belted Kingfisher	0.0	0.0	0.0	0.0	0.0	0.0	0.0	0.0	0.0	0.0	0.0	0.0	0.0	0.0	0.0	0.0	0.0015	0.0	0.0	0.2	0.0	0.0	0.0	0.0	0.0	0.0	0.0	0.0	0.05	0.0	0.0	0.16666666666666666	0.125	0.09090909090909091	0.16666666666666666	0.0	0.0	0.0	0.0	0.0	0.0	0.0	0.0	0.0	0.0	0.0	0.0	0.0	
Hairy Woodpecker	0.0	0.0	0.0	0.0	0.0	0.0	0.0	0.0	0.0	0.0	0.0	0.0	0.0	0.0	0.0	0.0	0.0	0.0	0.0	0.0	0.0	0.0	0.0	0.0	0.0	0.0	0.2	0.0	0.0	0.0	0.0	0.0	0.0	0.0	0.0	0.0	0.0	0.0	0.0	0.0	0.0	0.0	0.0	0.0	0.0	0.0	0.0	0.0	
Northern Flicker	0.1	0.0	0.0	0.0	0.0	0.5	0.0	0.0	0.0	0.0	0.0	0.0	0.0	0.0	0.0	0.0	0.0	0.0	0.0	0.0	0.0	0.0	0.0	0.0	0.0	0.0	0.2	0.0625	0.0	0.0	0.0	0.16666666666666666	0.0	0.0	0.0	0.0	0.0	0.0	0.1111111111111111	0.0	0.0	0.0	0.0	0.0	0.0	0.0	0.0	0.0	
Merlin	0.0	0.0	0.0	0.0	0.0	0.0	0.0	0.0	0.0	0.0	0.0	0.0	0.0	0.0	0.0	0.0	0.0	0.0	0.0	0.0	0.0	0.0	0.0	0.0	0.0	0.0	0.0	0.0625	0.0	0.0	0.0	0.0	0.125	0.0	0.0	0.0	0.0	0.07692307692307693	0.0	0.0	0.0	0.14285714285714285	0.0	0.0	0.0	0.0	0.0	0.0	
Peregrine Falcon	0.0	0.0	0.0	0.0	0.0015	0.0	0.0	0.0	0.0	0.0	0.0	0.14285714285714285	0.0	0.0	0.0	0.0	0.0	0.0	0.0	0.0	0.0	0.0	0.0	0.0	0.0	0.0	0.0	0.0	0.05	0.0	0.5555555555555556	0.0	0.0	0.0	0.16666666666666666	0.0	0.0	0.15384615384615385	0.0	0.05555555555555555	0.0	0.0	0.0	0.0	0.0	0.3333333333333333	0.0	0.0	
falcon sp.	0.0	0.0	0.0	0.0	0.0	0.0	0.0	0.0	0.0	0.0	0.0	0.0	0.0	0.0	0.0	0.0	0.0	0.0	0.0	0.0	0.0	0.0	0.0	0.0	0.0	0.0	0.0	0.0	0.0	0.0	0.0	0.0	0.0	0.0	0.0	0.0	0.0	0.0	0.0	0.0	0.0	0.0	0.0	0.0	0.25	0.0	0.0	0.0	
Olive-sided Flycatcher	0.0	0.0	0.0	0.0	0.0	0.0	0.0	0.0	0.0	0.0	0.0	0.0	0.0	0.0	0.0	0.0	0.0	0.16666666666666666	0.14285714285714285	0.0	0.0	0.0	0.0	0.0	0.0	0.0	0.2	0.0	0.0	0.0	0.0	0.0	0.0	0.0	0.0	0.0	0.0	0.0	0.0	0.0	0.0	0.0	0.0	0.0	0.0	0.0	0.0	0.0	
Willow Flycatcher	0.0	0.0	0.0	0.0	0.0	0.0	0.0	0.0	0.0	0.0	0.0	0.0	0.0	0.0	0.0	0.0	0.0	0.0	0.14285714285714285	0.0	0.0	0.25	0.0	0.0	0.0	0.125	0.0	0.0	0.0	0.0	0.0	0.0	0.0	0.0	0.0	0.0	0.0	0.0	0.0	0.0	0.0	0.0	0.0	0.0	0.0	0.0	0.0	0.0	
Hammond's Flycatcher	0.0	0.0	0.0	0.0	0.0	0.0	0.0	0.0	0.0	0.0	0.0	0.0	0.0	0.0	0.0	0.0	0.0	0.0	0.0	0.0	0.0	0.0	0.0	0.0	0.0	0.0	0.2	0.0	0.0	0.0	0.0	0.0	0.0	0.0	0.0	0.0	0.0	0.0	0.0	0.0	0.0	0.0	0.0	0.0	0.0	0.0	0.0	0.0	
Northern Shrike	0.0	0.0	0.0	0.0	0.0	0.0	0.25	0.0	0.0	0.0	0.0	0.0	0.0	0.0	0.0	0.0	0.0	0.0	0.0	0.0	0.0	0.0	0.0	0.0	0.0	0.0	0.0	0.0	0.0	0.0	0.0	0.0	0.0	0.0	0.0	0.0	0.3333333333333333	0.0	0.0	0.0	0.0	0.0	0.0	0.0	0.0	0.0	0.0	0.0015	
Hutton's Vireo	0.0	0.0	0.0	0.0	0.0	0.0	0.0	0.0	0.0	0.0	0.0	0.0	0.0	0.0	0.0	0.0	0.0	0.0	0.0	0.0	0.0	0.0	0.0	0.0	0.0	0.0	0.2	0.0	0.0	0.0	0.0	0.0	0.0	0.0	0.0	0.0	0.0	0.0	0.0	0.0	0.0	0.0	0.0	0.0	0.0	0.0	0.0	0.0	
Warbling Vireo	0.0	0.0	0.0	0.0	0.0	0.0	0.0	0.0	0.0	0.0	0.0	0.0	0.0	0.0	0.0	0.0	0.0	0.0	0.14285714285714285	0.0	0.0	0.0	0.0	0.0	0.0	0.0	0.2	0.0	0.0	0.0	0.0	0.0	0.0	0.0	0.0	0.0	0.0	0.0	0.0	0.0	0.0	0.0	0.0	0.0	0.0	0.0	0.0	0.0	
American Crow	0.4	0.0	0.25	0.5	0.3333333333333333	0.5	0.0	0.3333333333333333	0.3333333333333333	0.42857142857142855	0.2857142857142857	0.8571428571428571	0.6666666666666666	0.5	0.3333333333333333	0.35714285714285715	0.0	0.0	0.42857142857142855	0.6	0.0	0.75	0.3333333333333333	0.5	0.25	0.375	0.4	0.1875	0.3	0.16666666666666666	0.2222222222222222	0.3333333333333333	0.25	0.09090909090909091	0.16666666666666666	0.4	0.3333333333333333	0.38461538461538464	0.2222222222222222	0.2222222222222222	0.6666666666666666	0.0	0.5555555555555556	0.8571428571428571	0.25	0.6666666666666666	0.0	0.0	
Northwestern Crow	0.0	0.0	0.0	0.0	0.0	0.0	0.0	0.0	0.16666666666666666	0.0	0.14285714285714285	0.0	0.0	0.0	0.1111111111111111	0.14285714285714285	0.0	0.16666666666666666	0.0	0.0	0.0	0.0	0.0	0.0	0.5	0.125	0.0	0.0	0.0	0.0	0.1111111111111111	0.0	0.0	0.0	0.0	0.0	0.0	0.0	0.0	0.0	0.0	0.0	0.0	0.0	0.25	0.0	0.0	0.14285714285714285	
American/Northwestern Crow	0.1	0.0	0.0	0.5	0.3333333333333333	0.0	0.0	0.0	0.0	0.14285714285714285	0.14285714285714285	0.0	0.3333333333333333	0.25	0.1111111111111111	0.0	0.0	0.16666666666666666	0.0	0.0	0.0	0.0	0.0	0.0	0.0	0.0	0.0	0.3125	0.2	0.0	0.1111111111111111	0.0	0.375	0.36363636363636365	0.16666666666666666	0.0	0.0	0.07692307692307693	0.1111111111111111	0.1111111111111111	0.0	0.0	0.0	0.14285714285714285	0.0	0.0	0.6666666666666666	0.0	
Common Raven	0.0	0.0	0.0	0.5	0.0	0.0	0.0	0.0	0.0	0.14285714285714285	0.0	0.0	0.0	0.0	0.1111111111111111	0.0	0.0	0.0	0.0	0.0	0.0	0.0	0.0	0.0	0.0	0.0	0.0	0.0	0.0	0.0	0.1111111111111111	0.0	0.0	0.0	0.0	0.0	0.0	0.07692307692307693	0.0	0.05555555555555555	0.0	0.0	0.0	0.0	0.0	0.0	0.0	0.0	
Horned Lark	0.0	0.0	0.0	0.0	0.0	0.0	0.0	0.0	0.0	0.0	0.0	0.0	0.0	0.0	0.0	0.0	0.0	0.0	0.0	0.0	0.0	0.0	0.0	0.0	0.0	0.0	0.0	0.0	0.0	0.0	0.0	0.0	0.0	0.0015	0.0	0.0	0.0	0.0	0.0	0.0	0.0	0.0	0.0	0.0	0.0	0.0	0.0	0.0	
Northern Rough-winged Swallow	0.0	0.0	0.0	0.0	0.0	0.0	0.0	0.0	0.0	0.0	0.0	0.0	0.0	0.25	0.0	0.0	0.0	0.16666666666666666	0.0	0.2	0.0	0.0	0.0	0.0	0.0	0.0	0.2	0.0	0.05	0.0	0.0	0.0	0.0	0.0	0.0	0.0	0.0	0.0	0.0	0.0	0.0	0.0	0.0	0.0	0.0	0.0	0.0	0.0	
Purple Martin	0.0	0.0	0.0	0.0	0.0	0.0	0.0	0.0	0.0	0.0	0.0	0.0	0.0	0.0	0.0	0.0	0.0	0.0	0.14285714285714285	0.0	0.0	0.0	0.0	0.0	0.0	0.0	0.0	0.0	0.0	0.0	0.0	0.0	0.0	0.0	0.0	0.0	0.0	0.0	0.0	0.0	0.0	0.0	0.0	0.0	0.0	0.0	0.0	0.0	
Tree Swallow	0.0	0.0	0.0	0.0	0.0	0.0	0.0	0.0	0.0	0.2857142857142857	0.14285714285714285	0.0	0.0	0.5	0.2222222222222222	0.14285714285714285	0.0	0.3333333333333333	0.2857142857142857	0.2	0.0	0.25	0.3333333333333333	0.25	0.25	0.375	0.2	0.125	0.2	0.0	0.1111111111111111	0.0	0.0	0.0	0.16666666666666666	0.0	0.0	0.0	0.0	0.0	0.0	0.0	0.0	0.0	0.0	0.0	0.0	0.0	
Violet-green Swallow	0.0	0.0	0.0	0.0	0.0	0.0	0.0	0.0	0.0	0.0	0.0	0.14285714285714285	0.0	0.5	0.0	0.2857142857142857	1.0	0.16666666666666666	0.0	0.8	0.0	0.25	0.0	0.25	0.0	0.125	0.6	0.125	0.05	0.0	0.4444444444444444	0.0	0.0	0.0	0.16666666666666666	0.0	0.0	0.0	0.0	0.0	0.0	0.0	0.0	0.0	0.0	0.0	0.0	0.0	
Tree/Violet-green Swallow	0.0	0.0	0.0	0.0	0.0	0.0	0.0	0.0	0.0	0.0	0.0	0.0	0.0	0.0	0.0	0.0	0.0	0.0	0.0	0.0	0.0	0.0	0.0	0.0	0.0	0.0015	0.0	0.0	0.0	0.0	0.0	0.0	0.0	0.0	0.0	0.0	0.0	0.0	0.0	0.0	0.0	0.0	0.0	0.0	0.0	0.0	0.0	0.0	
Barn Swallow	0.0	0.0	0.0	0.0	0.0	0.0	0.0	0.0	0.0	0.0	0.0	0.0	0.0	0.25	0.1111111111111111	0.21428571428571427	0.0	0.6666666666666666	0.8571428571428571	1.0	1.0	0.75	0.3333333333333333	0.75	0.75	0.875	0.8	0.625	0.8	0.5	1.0	0.5	0.25	0.2727272727272727	0.3333333333333333	0.0	0.0	0.0	0.0	0.0	0.0	0.0	0.0	0.0	0.0	0.0	0.0	0.0	
Cliff Swallow	0.0	0.0	0.0	0.0	0.0	0.0	0.0	0.0	0.0	0.0	0.0	0.0	0.0	0.0	0.0	0.0	0.0	0.0	0.2857142857142857	0.4	0.0	0.75	0.3333333333333333	0.25	0.25	0.0	0.6	0.0625	0.15	0.0	0.2222222222222222	0.0	0.125	0.0	0.16666666666666666	0.0	0.0	0.0	0.0	0.0	0.0	0.0	0.0	0.0	0.0	0.0	0.0	0.0	
swallow sp.	0.0	0.0	0.0	0.0	0.0	0.0	0.0	0.0	0.0	0.0	0.0	0.14285714285714285	0.0	0.0	0.1111111111111111	0.0	0.0	0.0	0.0015	0.0	0.0	0.0	0.0	0.0	0.0	0.0	0.0	0.0	0.05	0.0	0.0	0.0	0.125	0.0	0.0	0.0	0.0	0.0	0.0	0.0	0.0	0.0	0.0	0.0	0.0	0.0	0.0	0.0	
Black-capped Chickadee	0.1	0.0	0.0	0.0	0.0	0.0	0.0	0.0	0.0	0.0	0.0	0.14285714285714285	0.0	0.0	0.0	0.0	0.0	0.0	0.0	0.0	0.0	0.0	0.0	0.0	0.0	0.125	0.2	0.0	0.0	0.0	0.1111111111111111	0.0	0.0	0.0	0.0	0.0	0.0	0.0	0.1111111111111111	0.05555555555555555	0.0	0.0	0.0	0.0	0.0	0.3333333333333333	0.0	0.0	
Chestnut-backed Chickadee	0.0	0.0	0.0	0.0	0.0	0.0	0.0	0.0	0.0	0.0	0.0	0.0	0.0	0.0	0.0	0.07142857142857142	0.0	0.0	0.0	0.0	0.0	0.0	0.0	0.0	0.0	0.0	0.2	0.0625	0.0	0.0	0.1111111111111111	0.0	0.125	0.0	0.0	0.0	0.0	0.0	0.0	0.0	0.6666666666666666	0.0	0.0	0.0	0.0	0.0	0.0	0.0	
Bushtit	0.0	0.0	0.0	0.0	0.0	0.0	0.0	0.0	0.0	0.14285714285714285	0.0	0.0	0.0	0.0	0.0	0.0	0.0	0.0	0.0	0.0	0.0	0.0	0.0	0.0	0.0	0.0	0.2	0.0	0.0	0.0	0.0	0.0	0.125	0.0	0.0	0.0	0.0	0.0	0.0	0.0	0.3333333333333333	0.0	0.0	0.0	0.0	0.0	0.0	0.0	
Red-breasted Nuthatch	0.0	0.0	0.0	0.0	0.0	0.0	0.0	0.0	0.0	0.0	0.0	0.0	0.0	0.0	0.0	0.0	0.0	0.0	0.0	0.0	0.0	0.0	0.0	0.0	0.0	0.0	0.2	0.0	0.0	0.0	0.0	0.0	0.0	0.0	0.0	0.0	0.0	0.0	0.0	0.0	0.0	0.0	0.0	0.0	0.0	0.0	0.0	0.0	
Brown Creeper	0.0	0.0	0.0	0.0	0.0	0.0	0.0	0.0	0.0	0.0	0.0	0.0	0.0	0.0	0.0	0.0	0.0	0.0	0.0	0.0	0.0	0.0	0.0	0.0	0.0	0.0	0.2	0.0	0.0	0.0	0.0	0.0	0.0	0.0	0.0	0.0	0.0	0.0	0.0	0.0	0.0	0.0	0.0	0.0	0.0	0.0	0.0	0.0	
Rock Wren	0.0	0.0	0.0	0.0	0.0	0.0	0.0	0.0	0.0	0.0	0.0	0.2857142857142857	0.0	0.0	0.0	0.0	0.0	0.0	0.0	0.0	0.0	0.0	0.0	0.0	0.0	0.0	0.0	0.0	0.0	0.0	0.0	0.0	0.0	0.0	0.0	0.0	0.0	0.0	0.0	0.0	0.0	0.0	0.0	0.0	0.0	0.0	0.0	0.0	
Pacific Wren	0.0	0.0	0.0	0.5	0.0	0.0	0.0	0.0	0.16666666666666666	0.0	0.0	0.0	0.0	0.0	0.0	0.07142857142857142	0.0	0.0	0.0	0.0	0.0	0.0	0.0	0.0	0.0	0.0	0.2	0.0	0.0	0.0	0.0	0.0	0.0	0.0	0.0	0.0	0.0	0.0	0.1111111111111111	0.0	0.0	0.0	0.0	0.14285714285714285	0.0	0.0	0.0	0.14285714285714285	
Marsh Wren	0.2	0.0	0.25	0.5	0.3333333333333333	0.0	0.25	0.3333333333333333	0.16666666666666666	0.2857142857142857	0.2857142857142857	0.42857142857142855	0.3333333333333333	0.25	0.3333333333333333	0.42857142857142855	0.0	0.16666666666666666	0.14285714285714285	0.6	0.0	0.25	0.0	0.75	0.25	0.375	0.2	0.0625	0.15	0.0	0.1111111111111111	0.16666666666666666	0.375	0.0	0.3333333333333333	0.0	0.0	0.46153846153846156	0.4444444444444444	0.05555555555555555	0.6666666666666666	0.0	0.0	0.0	0.0	0.3333333333333333	0.0	0.0	
Bewick's Wren	0.0	0.0	0.25	0.0	0.0	0.0	0.0	0.0	0.0	0.0	0.0	0.0	0.0	0.0	0.0	0.0	0.0	0.0	0.0	0.0	0.0	0.0	0.0	0.0	0.0	0.0	0.2	0.0	0.0	0.0	0.0	0.0	0.125	0.0	0.0	0.0	0.0	0.0	0.0015	0.0	0.0	0.0	0.0	0.0	0.0	0.0	0.0	0.0	
Golden-crowned Kinglet	0.0	0.0	0.0	0.0	0.0	0.0	0.0	0.0	0.0	0.0	0.0	0.0	0.0	0.0	0.0	0.07142857142857142	0.0	0.0	0.0	0.0	0.0	0.0	0.0	0.0	0.0	0.0	0.2	0.0	0.0	0.0	0.0	0.0	0.0	0.0	0.0	0.0	0.0	0.0	0.0	0.0	0.0	0.0	0.0	0.0	0.0	0.0	0.0	0.0	
Ruby-crowned Kinglet	0.0	0.0	0.0	0.0	0.0	0.0	0.0	0.0	0.0	0.0	0.0	0.0	0.0	0.0	0.0	0.0	0.0	0.0	0.0	0.0	0.0	0.0	0.0	0.0	0.0	0.0	0.0	0.0	0.0	0.0	0.0	0.0	0.0	0.0	0.0	0.0	0.0	0.07692307692307693	0.0	0.0	0.3333333333333333	0.0	0.0	0.0	0.0	0.0	0.0	0.0	
Swainson's Thrush	0.0	0.0	0.0	0.0	0.0	0.0	0.0	0.0	0.0	0.0	0.0	0.0	0.0	0.0	0.0	0.0	0.0	0.0	0.14285714285714285	0.0	0.0	0.0	0.0	0.0	0.0	0.0	0.2	0.0	0.0	0.0	0.0	0.0	0.0	0.0	0.0	0.0	0.0	0.0	0.0	0.0	0.0	0.0	0.0	0.0	0.0	0.0	0.0	0.0	
American Robin	0.3	0.0	0.25	0.0	0.3333333333333333	0.0	0.0	0.3333333333333333	0.3333333333333333	0.14285714285714285	0.2857142857142857	0.42857142857142855	1.0	0.25	0.2222222222222222	0.35714285714285715	0.0	0.0	0.2857142857142857	0.2	0.0	0.25	0.3333333333333333	0.25	0.25	0.25	0.8	0.0	0.1	0.0	0.1111111111111111	0.16666666666666666	0.0	0.0	0.0	0.0	0.0	0.07692307692307693	0.0	0.0	0.3333333333333333	0.0	0.0	0.0	0.0	0.0	0.0	0.0	
European Starling	0.3	0.0	0.0	0.5	0.0	0.5	0.25	0.3333333333333333	0.3333333333333333	0.42857142857142855	0.2857142857142857	0.2857142857142857	0.3333333333333333	0.25	0.1111111111111111	0.21428571428571427	0.0	0.5	0.14285714285714285	0.2	0.0	0.75	0.0	0.25	0.25	0.5	0.2	0.25	0.2	0.16666666666666666	0.1111111111111111	0.16666666666666666	0.125	0.09090909090909091	0.5	0.0	0.0	0.38461538461538464	0.3333333333333333	0.2222222222222222	0.0	0.0	0.2222222222222222	0.2857142857142857	0.25	0.0	0.0	0.14285714285714285	
American Pipit	0.0	0.0	0.0	0.0	0.0	0.0	0.0	0.0	0.0	0.0	0.0	0.0	0.0	0.0	0.0	0.0	0.0	0.0	0.0	0.0	0.0	0.0	0.0	0.0	0.0	0.0	0.0	0.0	0.0	0.0	0.0	0.0	0.0	0.09090909090909091	0.3333333333333333	0.0	0.0	0.0	0.0	0.0	0.0	0.14285714285714285	0.0	0.0	0.0	0.0	0.0	0.0	
Cedar Waxwing	0.0	0.0	0.0	0.0	0.0	0.0	0.0	0.0	0.0	0.0	0.0	0.0	0.0	0.0	0.0	0.0	0.0	0.0	0.0	0.2	0.0	0.25	0.3333333333333333	0.0	0.0	0.375	0.2	0.125	0.05	0.0	0.2222222222222222	0.16666666666666666	0.0	0.0	0.0	0.0	0.0	0.0	0.0	0.0	0.0	0.0	0.0	0.0	0.0	0.0	0.0	0.0	
House Finch	0.1	0.0	0.0	0.0	0.0	0.0	0.0	0.0	0.0	0.0	0.0	0.14285714285714285	0.0	0.0	0.2222222222222222	0.07142857142857142	0.0015	0.3333333333333333	0.0	0.0	0.0	0.0	0.0	0.25	0.25	0.25	0.4	0.125	0.3	0.0	0.0	0.16666666666666666	0.125	0.09090909090909091	0.16666666666666666	0.2	0.0	0.38461538461538464	0.2222222222222222	0.16666666666666666	0.0	0.14285714285714285	0.1111111111111111	0.0	0.0	0.3333333333333333	0.0	0.14285714285714285	
Purple Finch	0.0	0.0	0.0	0.0	0.0	0.0	0.0	0.0	0.0	0.0	0.0	0.0	0.0	0.0	0.0	0.14285714285714285	0.0	0.0	0.0	0.0	0.0	0.0	0.0	0.0	0.0	0.0	0.0	0.0	0.0	0.0	0.0	0.0	0.0	0.0	0.0	0.0	0.0	0.0	0.0	0.0	0.0	0.0	0.0	0.0	0.0	0.0	0.0	0.0	
Red Crossbill	0.0	0.0	0.0	0.0	0.0	0.0	0.0	0.0	0.0	0.0	0.0	0.0	0.0	0.0	0.0	0.0	0.0	0.0	0.0	0.0	0.0	0.0	0.0	0.0	0.0	0.0	0.2	0.0	0.0	0.0	0.0	0.0	0.0	0.0	0.0	0.0	0.0	0.0	0.0	0.0	0.0	0.0	0.0	0.0	0.0	0.0	0.0	0.0	
Pine Siskin	0.1	0.0	0.0	0.0	0.0	0.0	0.0	0.0	0.0	0.0	0.0	0.0	0.0	0.0	0.0	0.0	0.0	0.0	0.0	0.0	0.0	0.0	0.0	0.0	0.0	0.0	0.2	0.0	0.05	0.0	0.0	0.0	0.0	0.0	0.0	0.0	0.0	0.07692307692307693	0.0	0.0	0.3333333333333333	0.0	0.0	0.0	0.0	0.0	0.0	0.0	
American Goldfinch	0.0	0.0	0.0	0.0	0.0	0.0	0.0	0.0	0.0	0.0	0.0	0.0	0.0	0.0	0.0	0.14285714285714285	0.0	0.0	0.14285714285714285	0.2	0.0	0.5	0.0	0.25	0.0	0.25	0.2	0.125	0.15	0.0	0.3333333333333333	0.0	0.125	0.09090909090909091	0.3333333333333333	0.0	0.0	0.15384615384615385	0.0	0.0	0.0	0.0	0.0	0.0	0.0	0.0	0.0	0.0	
Fox Sparrow	0.2	0.0	0.0	0.0	0.0	0.0	0.25	0.0	0.0	0.0	0.14285714285714285	0.0	0.0	0.0	0.0	0.0	0.0	0.0	0.0	0.0	0.0	0.0	0.0	0.0	0.0	0.0	0.0	0.0	0.0	0.0	0.0	0.0	0.0	0.0	0.0	0.0	0.0	0.0	0.1111111111111111	0.0	0.0	0.0	0.0	0.0	0.0	0.0	0.0	0.0	
Dark-eyed Junco	0.0	0.0	0.0	0.0	0.0	0.0	0.0	0.0	0.0	0.0	0.0	0.0	0.0	0.0	0.0	0.0	0.0	0.0	0.0	0.0	0.0	0.0	0.0	0.0	0.0	0.0	0.0	0.0	0.0	0.0	0.0	0.0	0.0	0.0	0.0	0.0	0.0	0.0	0.0	0.0	0.0	0.0	0.1111111111111111	0.14285714285714285	0.0	0.0	0.0	0.0	
White-crowned Sparrow	0.0	0.0	0.0	0.0	0.0	0.0	0.0	0.0	0.0	0.0	0.0	0.0	0.0	0.25	0.1111111111111111	0.21428571428571427	1.0	0.5	0.2857142857142857	0.2	0.0	0.0	0.0	0.25	0.25	0.0	0.0	0.0	0.0	0.0	0.0	0.0	0.125	0.0	0.0	0.0	0.0	0.0	0.0	0.0	0.0	0.0	0.0	0.0	0.0	0.0	0.0	0.0	
Golden-crowned Sparrow	0.0	0.0	0.25	0.0	0.3333333333333333	0.0	0.0	0.3333333333333333	0.0	0.0	0.14285714285714285	0.0	0.0	0.0	0.1111111111111111	0.0	0.0	0.0	0.0	0.0	0.0	0.0	0.0	0.0	0.0	0.0	0.0	0.0	0.0	0.0	0.0	0.0	0.0	0.0	0.16666666666666666	0.0	0.0	0.15384615384615385	0.1111111111111111	0.05555555555555555	0.0	0.0	0.0	0.0	0.0	0.0	0.0	0.0	
Savannah Sparrow	0.0	0.0	0.0	0.0	0.0	0.0	0.0	0.0	0.0	0.0	0.0	0.14285714285714285	0.0	0.25	0.3333333333333333	0.21428571428571427	0.0	0.3333333333333333	0.2857142857142857	0.6	1.0	0.25	0.0	0.25	0.25	0.125	0.2	0.1875	0.1	0.16666666666666666	0.3333333333333333	0.16666666666666666	0.25	0.2727272727272727	0.16666666666666666	0.2	0.0	0.0	0.0	0.0	0.0	0.0	0.0	0.0	0.0	0.0	0.0	0.0	
Song Sparrow	0.5	0.0	0.5	1.0	0.3333333333333333	0.0	0.25	0.3333333333333333	0.16666666666666666	0.0	0.42857142857142855	0.2857142857142857	0.0	0.25	0.2222222222222222	0.21428571428571427	0.0	0.16666666666666666	0.2857142857142857	0.8	0.0	0.25	0.3333333333333333	0.25	0.0	0.25	0.2	0.125	0.0	0.0	0.2222222222222222	0.16666666666666666	0.125	0.09090909090909091	0.16666666666666666	0.0	0.0	0.3076923076923077	0.3333333333333333	0.0	0.6666666666666666	0.0	0.0	0.0	0.25	1.0	0.3333333333333333	0.14285714285714285	
Lincoln's Sparrow	0.1	0.0	0.25	0.0	0.0	0.0	0.0	0.0	0.0	0.0	0.14285714285714285	0.14285714285714285	0.0	0.0	0.0	0.0	0.0	0.0	0.0	0.0	0.0	0.0	0.0	0.0	0.0	0.0	0.0	0.0	0.0	0.0	0.0	0.0	0.125	0.0	0.0	0.0	0.0	0.0	0.1111111111111111	0.0	0.0	0.0	0.0	0.0	0.0	0.0	0.0	0.0	
Spotted Towhee	0.2	0.0	0.25	0.0	0.0	0.0	0.0	0.0	0.0	0.0	0.14285714285714285	0.0	0.0	0.0	0.0	0.0	0.0	0.0	0.0	0.0	0.0	0.0	0.0	0.0	0.0	0.0	0.2	0.0	0.0	0.0	0.0	0.0	0.0	0.0	0.0	0.0	0.0	0.07692307692307693	0.0	0.0	0.6666666666666666	0.0	0.0	0.0	0.0	0.0	0.0	0.0	
sparrow sp.	0.0	0.0	0.0	0.0	0.0	0.0	0.0	0.3333333333333333	0.0	0.0	0.0	0.0	0.0	0.0	0.0	0.0	0.0	0.0	0.0	0.0	0.0	0.0	0.0	0.0	0.0	0.0	0.0	0.0	0.0	0.0	0.0	0.0	0.0	0.0	0.0	0.0	0.0	0.0	0.0	0.0	0.0	0.0	0.0	0.0	0.0	0.0	0.0	0.0	
Yellow-headed Blackbird	0.0	0.0	0.0	0.0	0.0	0.0	0.0	0.0	0.0	0.0	0.0	0.0	0.0	0.0	0.0	0.0	0.0	0.0	0.0	0.0	0.0	0.0	0.0	0.0	0.0	0.0	0.0	0.0	0.0	0.0	0.0	0.0	0.0	0.0	0.0	0.0	0.0	0.0	0.0	0.0	0.3333333333333333	0.0	0.0	0.0	0.0	0.0	0.0	0.0	
Western Meadowlark	0.0	0.0	0.25	0.0	0.0	0.0	0.0	0.0	0.0	0.0	0.0	0.0	0.0	0.0	0.0	0.0	0.0	0.0	0.0	0.0	0.0	0.0	0.0	0.0	0.0	0.0	0.0	0.0	0.0	0.0	0.0	0.0	0.0	0.0	0.0	0.0	0.0	0.0	0.0	0.05555555555555555	0.0	0.0	0.0	0.0	0.0	0.0	0.0	0.0	
Red-winged Blackbird	0.7	0.0	0.5	1.0	0.3333333333333333	0.5	0.5	0.6666666666666666	0.16666666666666666	0.7142857142857143	0.42857142857142855	0.7142857142857143	1.0	0.25	0.5555555555555556	0.5714285714285714	0.0015	0.5	0.7142857142857143	0.8	0.0	1.0	1.0	0.75	0.25	0.375	0.4	0.25	0.15	0.0	0.2222222222222222	0.16666666666666666	0.25	0.0	0.0	0.0	0.3333333333333333	0.23076923076923078	0.1111111111111111	0.2222222222222222	0.6666666666666666	0.14285714285714285	0.1111111111111111	0.42857142857142855	0.25	0.6666666666666666	0.0	0.14285714285714285	
Brown-headed Cowbird	0.0	0.0	0.0	0.0	0.0	0.0	0.0	0.0	0.0	0.0	0.0	0.0	0.0	0.0	0.0	0.0	0.0	0.0	0.14285714285714285	0.2	0.0	0.25	0.3333333333333333	0.0015	0.25	0.125	0.4	0.0625	0.1	0.0	0.1111111111111111	0.0	0.0	0.09090909090909091	0.0	0.0	0.0	0.0	0.0	0.0	0.0	0.0	0.0	0.0	0.0	0.0	0.0	0.0	
Brewer's Blackbird	0.1	0.0	0.25	0.5	0.0	0.5	0.5	0.3333333333333333	0.3333333333333333	0.42857142857142855	0.42857142857142855	0.5714285714285714	0.3333333333333333	0.0	0.2222222222222222	0.21428571428571427	1.0	0.3333333333333333	0.0	0.2	0.0	0.0	0.0	0.25	0.75	0.625	0.4	0.3125	0.55	0.0	0.3333333333333333	0.3333333333333333	0.375	0.18181818181818182	0.16666666666666666	0.0	0.0	0.3076923076923077	0.4444444444444444	0.5	0.0	0.2857142857142857	0.4444444444444444	0.42857142857142855	0.25	0.6666666666666666	0.6666666666666666	0.0015	
Orange-crowned Warbler	0.0	0.0	0.0	0.0	0.0	0.0	0.0	0.0	0.0	0.0	0.0	0.0	0.0	0.0	0.0	0.0	0.0	0.0	0.14285714285714285	0.0	0.0	0.0	0.0	0.0	0.0	0.125	0.0	0.0	0.0	0.0	0.1111111111111111	0.0	0.0	0.0	0.0	0.0	0.0	0.0	0.0	0.0	0.0	0.0	0.0	0.0	0.0	0.0	0.0	0.0	
Common Yellowthroat	0.0	0.0	0.0	0.0	0.0	0.0	0.0	0.0	0.0	0.0	0.0	0.0	0.0	0.0	0.2222222222222222	0.21428571428571427	0.0	0.0	0.14285714285714285	0.2	1.0	0.25	0.0	0.25	0.0	0.375	0.2	0.125	0.1	0.0	0.0	0.16666666666666666	0.125	0.0	0.0	0.0	0.0	0.0	0.0	0.0	0.0	0.0	0.0	0.0	0.0	0.0	0.0	0.0	
Yellow Warbler	0.0	0.0	0.0	0.0	0.0	0.0	0.0	0.0	0.0	0.0	0.0	0.0	0.0	0.0	0.0	0.0	0.0	0.0	0.14285714285714285	0.2	0.0	0.0	0.0	0.0	0.0	0.0	0.0	0.0	0.0	0.0	0.0	0.0	0.0	0.0	0.0	0.0	0.0	0.0	0.0	0.0	0.0	0.0	0.0	0.0	0.0	0.0	0.0	0.0	
Yellow-rumped Warbler	0.0	0.0	0.0	0.0	0.0	0.0	0.0	0.0	0.0	0.0	0.14285714285714285	0.0	0.0	0.0	0.0	0.0	0.0	0.0	0.14285714285714285	0.0	0.0	0.0	0.0	0.0	0.0	0.0	0.0	0.0	0.0	0.0	0.0	0.0	0.0	0.0	0.0	0.0	0.0	0.0	0.0	0.0	0.0	0.0	0.0	0.0	0.0	0.0	0.0	0.0	
Wilson's Warbler	0.0	0.0	0.0	0.0	0.0	0.0	0.0	0.0	0.0	0.0	0.0	0.0	0.0	0.0	0.0	0.0	0.0	0.0	0.2857142857142857	0.0	0.0	0.0	0.0	0.0	0.0	0.0	0.0	0.0	0.0	0.0	0.0	0.0	0.0	0.0	0.0	0.0	0.0	0.0	0.0	0.0	0.0	0.0	0.0	0.0	0.0	0.0	0.0	0.0	
Western Tanager	0.0	0.0	0.0	0.0	0.0	0.0	0.0	0.0	0.0	0.0	0.0	0.0	0.0	0.0	0.0	0.0	0.0	0.0	0.2857142857142857	0.0	0.0	0.0	0.0	0.0	0.0	0.0	0.0	0.0	0.0	0.0	0.0	0.0	0.0	0.0	0.0	0.0	0.0	0.0	0.0	0.0	0.0	0.0	0.0	0.0	0.0	0.0	0.0	0.0	
House Sparrow	0.3	0.0	0.0	0.0	0.0	0.0	0.0	0.0	0.3333333333333333	0.14285714285714285	0.14285714285714285	0.14285714285714285	0.3333333333333333	0.0	0.0	0.07142857142857142	1.0	0.16666666666666666	0.14285714285714285	0.0	0.0	0.0	0.0	0.25	0.0	0.0	0.0	0.0	0.15	0.0	0.0	0.0	0.0	0.0	0.3333333333333333	0.0	0.0	0.0	0.2222222222222222	0.16666666666666666	0.0	0.0	0.0	0.2857142857142857	0.0	0.0	0.3333333333333333	0.0	
passerine sp.	0.0	0.0	0.0	0.0	0.0	0.0	0.0	0.0	0.0	0.0	0.0	0.0	0.0	0.0	0.0	0.07142857142857142	0.0	0.0	0.0	0.0	0.0	0.0	0.0	0.0	0.0	0.0	0.0	0.0	0.0	0.0	0.0	0.0	0.0	0.0	0.0	0.0	0.0	0.0	0.0	0.0	0.0	0.0	0.0	0.0	0.0	0.0	0.0	0.0	

