









Frequency of observations in the selected location(s).:
Number of taxa: 	208

	Jan				Feb				Mar				Apr				May				Jun				Jul				Aug				Sep				Oct				Nov				Dec				
Sample Size:	4.0	1.0	2.0	7.0	1.0	3.0	4.0	4.0	3.0	5.0	0.0	7.0	2.0	6.0	11.0	14.0	4.0	8.0	4.0	9.0	3.0	5.0	7.0	3.0	7.0	10.0	5.0	33.0	11.0	7.0	5.0	7.0	8.0	7.0	2.0	8.0	7.0	3.0	5.0	7.0	7.0	3.0	1.0	2.0	1.0	3.0	4.0	4.0	

Brant	0.0	0.0	0.0	0.2857142857142857	0.0	0.0	0.0	0.0	0.0	0.0	0.0	0.0	0.0	0.0	0.18181818181818182	0.0	0.0	0.0	0.0	0.0	0.0	0.0	0.0	0.0	0.0	0.0	0.0	0.0	0.0	0.0	0.0	0.14285714285714285	0.0	0.0	0.0	0.0	0.0	0.0	0.0	0.0	0.0	0.0	0.0	0.0	0.0	0.0	0.0	0.0	
Cackling Goose	0.0	0.0	0.0	0.0	0.0	0.0	0.0	0.0	0.0	0.0	0.0	0.0	0.0	0.0	0.0	0.0	0.0	0.125	0.0	0.0	0.0	0.0	0.0	0.0	0.0	0.0	0.0	0.0	0.0	0.0	0.0	0.0	0.0	0.0	0.0	0.0	0.0	0.0	0.0	0.0	0.0	0.0	0.0	0.0	0.0	0.0	0.0	0.0	
Canada Goose	0.0	0.0	0.0	0.0	0.0	0.0015	0.0	0.0	0.0	0.4	0.0	0.0	0.0	0.16666666666666666	0.0015	0.2857142857142857	0.25	0.25	0.25	0.3333333333333333	0.0	0.0	0.0	0.0	0.0	0.0	0.2	0.18181818181818182	0.2727272727272727	0.14285714285714285	0.2	0.2857142857142857	0.0	0.14285714285714285	0.0	0.0	0.0	0.3333333333333333	0.0	0.0	0.14285714285714285	0.0	0.0	0.0	0.0	0.0	0.25	0.0	
Trumpeter Swan	0.0	0.0	0.0015	0.0	0.0	0.0	0.0	0.0	0.0	0.0	0.0	0.0	0.0	0.0	0.0	0.0	0.0	0.0	0.0	0.0	0.0	0.0	0.0	0.0	0.0	0.0	0.0	0.0	0.0	0.0	0.0	0.0	0.0	0.0	0.0	0.0	0.0	0.0	0.0	0.0	0.0	0.0	0.0	0.0	0.0	0.0	0.0	0.0	
Wood Duck	0.0	0.0	0.0	0.0	0.0	0.0	0.0	0.0	0.0	0.0	0.0	0.0	0.0	0.0	0.0	0.0	0.0	0.0	0.0015	0.0	0.0	0.0	0.0	0.0	0.0	0.0	0.0	0.0	0.0	0.0	0.0	0.0	0.0	0.0	0.0	0.0	0.0	0.0	0.0	0.0	0.0	0.0	0.0	0.0	0.0	0.0	0.0	0.0	
Cinnamon Teal	0.0	0.0	0.0	0.0	0.0	0.0	0.0	0.0	0.0	0.0	0.0	0.0	0.0	0.0	0.0	0.0	0.0	0.0	0.0	0.1111111111111111	0.0	0.0	0.0	0.0	0.0	0.0	0.0	0.0	0.0	0.0	0.0	0.0	0.0	0.0	0.0	0.0	0.0	0.0	0.0	0.0	0.0	0.0	0.0	0.0	0.0	0.0	0.0	0.0	
Northern Shoveler	0.0	1.0	0.0	0.0	0.0	0.0	0.0	0.0	0.0	0.0	0.0	0.0	0.0	0.16666666666666666	0.0	0.0	0.0	0.25	0.0	0.0	0.0	0.0	0.0	0.0	0.0	0.0	0.0	0.0	0.0	0.0	0.0	0.0	0.0	0.0	0.0	0.0	0.0	0.0	0.0	0.0	0.14285714285714285	0.0	0.0	0.0	0.0	0.0	0.0	0.0	
Gadwall	0.0	0.0	0.0	0.14285714285714285	0.0	0.3333333333333333	0.0	0.0	0.0	0.2	0.0	0.0	0.0	0.16666666666666666	0.0	0.07142857142857142	0.0	0.125	0.0	0.1111111111111111	0.0	0.0	0.0015	0.0	0.0	0.0	0.0	0.030303030303030304	0.0	0.0	0.0	0.0	0.0	0.0	0.0	0.0	0.0015	0.0	0.0	0.0	0.14285714285714285	0.0	0.0	0.0	1.0	0.0	0.0	0.0	
Eurasian Wigeon	0.0	0.0	0.0	0.14285714285714285	0.0	0.0	0.0	0.0	0.0	0.0	0.0	0.0	0.0	0.0	0.0	0.0	0.0	0.0	0.0	0.0	0.0	0.0	0.0	0.0	0.0	0.0	0.0	0.0	0.0	0.0	0.0	0.0	0.0	0.0	0.0	0.0	0.0	0.0	0.0	0.0	0.0	0.0	0.0	0.0	0.0	0.0	0.0	0.0	
American Wigeon	0.0	1.0	0.0015	0.14285714285714285	0.0	0.3333333333333333	0.0	0.0	0.3333333333333333	0.2	0.0	0.14285714285714285	0.0	0.0	0.0	0.14285714285714285	0.0	0.0	0.0	0.0	0.0	0.0	0.0	0.0	0.0	0.0	0.0	0.0	0.0	0.0	0.0	0.0	0.0	0.0	0.0	0.0	0.0	0.0	0.0	0.0	0.2857142857142857	0.0	0.0	0.0	1.0	0.0	0.25	0.0	
Mallard	0.0	1.0	0.0	0.14285714285714285	0.0	0.3333333333333333	0.0	0.0	0.3333333333333333	0.4	0.0	0.42857142857142855	0.0015	0.0	0.09090909090909091	0.2857142857142857	0.0	0.25	0.5	0.2222222222222222	0.0	0.0	0.0	0.0	0.0	0.0	0.0	0.3333333333333333	0.18181818181818182	0.14285714285714285	0.0	0.0	0.25	0.0	0.0	0.25	0.0	0.0	0.0	0.0	0.14285714285714285	0.0	0.0	0.0	1.0	0.0	0.25	0.0	
Northern Pintail	0.0	1.0	0.5	0.2857142857142857	0.0	0.3333333333333333	0.0	0.0	0.0	0.4	0.0	0.42857142857142855	0.0	0.3333333333333333	0.09090909090909091	0.2857142857142857	0.0	0.125	0.25	0.0	0.0	0.0	0.0	0.0	0.0	0.0	0.0	0.0015	0.0	0.14285714285714285	0.0	0.0	0.0	0.0	0.0	0.0	0.0	0.0	0.0	0.14285714285714285	0.14285714285714285	0.0	0.0	0.0	1.0	0.0	0.0	0.0	
Green-winged Teal	0.0015	0.0	0.0	0.14285714285714285	0.0	0.3333333333333333	0.0	0.0	0.0	0.2	0.0	0.2857142857142857	0.0	0.16666666666666666	0.0	0.2857142857142857	0.0	0.0	0.0	0.0	0.0	0.0	0.0	0.0	0.0	0.0	0.0	0.0	0.0	0.14285714285714285	0.0	0.0	0.0	0.0	0.0	0.125	0.0	0.0	0.0	0.14285714285714285	0.14285714285714285	0.0	0.0	0.0	1.0	0.0	0.0	0.0	
dabbling duck sp.	0.0	0.0	0.0	0.0	0.0	0.0	0.0	0.0	0.0	0.0	0.0	0.0	0.0	0.0	0.0	0.0	0.0	0.0	0.0	0.0	0.0	0.0	0.0	0.0	0.0	0.0	0.0	0.030303030303030304	0.0	0.0	0.0	0.0	0.125	0.0	0.0	0.0	0.0	0.0	0.0	0.0	0.0	0.0	0.0	0.0	0.0	0.0	0.0	0.0	
Ring-necked Duck	0.0	0.0	0.0	0.0	0.0	0.0	0.0	0.0	0.0	0.0	0.0	0.14285714285714285	0.0	0.0	0.09090909090909091	0.07142857142857142	0.0	0.0	0.0	0.0	0.0	0.0	0.0	0.0	0.0	0.0	0.0	0.0	0.0	0.0	0.0	0.0	0.0	0.0	0.0	0.0	0.0	0.0	0.0	0.0	0.0	0.0	0.0	0.0	0.0	0.0	0.0	0.0	
Greater Scaup	0.0	0.0	0.0	0.14285714285714285	0.0	0.0015	0.0	0.0	0.3333333333333333	0.0	0.0	0.2857142857142857	0.0	0.0	0.09090909090909091	0.07142857142857142	0.0	0.0	0.0	0.0	0.0	0.0	0.0	0.0	0.0	0.0	0.0	0.0	0.0	0.14285714285714285	0.0	0.0	0.0	0.0	0.0	0.0	0.0	0.0	0.0	0.0	0.0	0.0	0.0	0.0	0.0	0.0	0.0	0.0	
Lesser Scaup	0.0	0.0	0.0	0.14285714285714285	0.0	0.0	0.0	0.0	0.0	0.0	0.0	0.14285714285714285	0.0	0.0	0.0	0.0015	0.0	0.125	0.0	0.0	0.0	0.0	0.0	0.0	0.0	0.0	0.0	0.0	0.0	0.0	0.0	0.0	0.0	0.0	0.0	0.0	0.0	0.0	0.0	0.0	0.0	0.0	0.0	0.0	0.0	0.0	0.25	0.0	
Greater/Lesser Scaup	0.0	0.0	0.0	0.0	0.0	0.0	0.0	0.0	0.0	0.0	0.0	0.0	0.0	0.0	0.0	0.07142857142857142	0.0	0.0	0.0	0.0	0.0	0.0	0.0	0.0	0.0	0.0	0.0	0.0	0.0	0.0	0.0	0.0	0.0	0.0	0.0	0.0	0.0	0.0	0.0	0.0	0.0	0.0	0.0	0.0	0.0	0.0	0.0	0.0	
Harlequin Duck	0.0	0.0	1.0	0.2857142857142857	1.0	0.3333333333333333	0.25	0.0	0.3333333333333333	0.0	0.0	0.42857142857142855	0.0015	0.3333333333333333	0.09090909090909091	0.14285714285714285	0.25	0.0	0.25	0.3333333333333333	0.0	0.0	0.14285714285714285	0.0	0.0	0.1	0.0	0.09090909090909091	0.0	0.14285714285714285	0.0	0.0	0.0	0.2857142857142857	0.0	0.0	0.42857142857142855	0.0	0.2	0.0	0.2857142857142857	0.3333333333333333	1.0	0.0	0.0	0.3333333333333333	0.0	0.5	
Surf Scoter	0.25	0.0	0.5	0.5714285714285714	1.0	0.3333333333333333	0.5	0.5	0.6666666666666666	0.4	0.0	0.14285714285714285	0.5	0.3333333333333333	0.2727272727272727	0.35714285714285715	0.0	0.25	0.0015	0.2222222222222222	0.0	0.0	0.0	0.0	0.0	0.0015	0.0	0.21212121212121213	0.09090909090909091	0.0	0.0	0.14285714285714285	0.125	0.14285714285714285	0.0	0.0	0.7142857142857143	0.3333333333333333	0.0	0.0	0.14285714285714285	0.6666666666666666	1.0	0.0	0.0	0.3333333333333333	0.5	0.75	
White-winged Scoter	0.25	0.0	0.0	0.2857142857142857	1.0	0.3333333333333333	0.25	0.25	0.3333333333333333	0.2	0.0	0.0	0.0	0.16666666666666666	0.18181818181818182	0.14285714285714285	0.0	0.0	0.0	0.0	0.0	0.0	0.0	0.0	0.0	0.0	0.0	0.06060606060606061	0.0	0.0	0.0	0.0	0.0	0.14285714285714285	0.0	0.0	0.14285714285714285	0.3333333333333333	0.2	0.0	0.14285714285714285	0.3333333333333333	0.0	0.0	0.0	0.0	0.25	0.25	
Black Scoter	0.0	0.0	0.0	0.0	0.0	0.0	0.0	0.0	0.0	0.0	0.0	0.0	0.0	0.0	0.0	0.0	0.0	0.0	0.0	0.0	0.0	0.0	0.0	0.0	0.0	0.0	0.0	0.0	0.0	0.0	0.0	0.0	0.0	0.0	0.0	0.0	0.14285714285714285	0.3333333333333333	0.0	0.0	0.0	0.0	0.0	0.0	0.0	0.0	0.0	0.0	
Surf/Black Scoter	0.0	0.0	0.0	0.0	0.0	0.0	0.0	0.0	0.0	0.0	0.0	0.0	0.0	0.0	0.0	0.0	0.0	0.0	0.0	0.0	0.0	0.0	0.0	0.0	0.0	0.0	0.0	0.0	0.0	0.0	0.0	0.0	0.0	0.0	0.0	0.0	0.0	0.0	0.2	0.0	0.0	0.0	0.0	0.0	0.0	0.0	0.0	0.0	
scoter sp.	0.0	0.0	0.0	0.0	0.0	0.0	0.0	0.0	0.0	0.0	0.0	0.0	0.5	0.0	0.0	0.0	0.0	0.0	0.0	0.0	0.0	0.0	0.0	0.0	0.0	0.0	0.0	0.0	0.0	0.14285714285714285	0.0	0.0	0.0	0.14285714285714285	0.0	0.0	0.14285714285714285	0.3333333333333333	0.0	0.0	0.0	0.0	0.0	0.0	0.0	0.0	0.0	0.0	
Bufflehead	0.0	0.0	1.0	0.7142857142857143	0.0	0.0015	0.0015	0.0	0.3333333333333333	0.2	0.0	0.42857142857142855	0.5	0.16666666666666666	0.0	0.21428571428571427	0.0	0.0	0.0	0.0	0.0	0.0	0.0	0.0	0.0	0.0	0.0	0.0	0.0	0.0	0.0	0.0	0.0	0.0	0.0	0.0	0.14285714285714285	0.0	0.0	0.0	0.0	0.3333333333333333	0.0	0.0	0.0	1.0	0.75	0.75	
Common Goldeneye	0.25	0.0	0.0015	0.2857142857142857	0.0	0.0015	0.0	0.0	0.3333333333333333	0.4	0.0	0.2857142857142857	0.0	0.0	0.0	0.0	0.0	0.0	0.0	0.0	0.0	0.0	0.0	0.0	0.0	0.0	0.0	0.0	0.0	0.0	0.0	0.0	0.0	0.0	0.0	0.0	0.0	0.0	0.0	0.0	0.0	0.0	0.0	0.0	0.0	0.6666666666666666	0.25	0.25	
Barrow's Goldeneye	0.0	0.0	0.0	0.14285714285714285	0.0	0.0	0.0	0.0	0.3333333333333333	0.2	0.0	0.0	0.0	0.0	0.0	0.0	0.0	0.0	0.0015	0.0	0.0	0.0	0.0	0.0	0.0	0.0	0.0	0.0	0.0	0.0	0.0	0.0	0.0	0.0	0.0	0.0	0.0	0.0	0.0	0.0	0.0	0.0	0.0	0.0	0.0	0.0	0.25	0.0015	
Common/Barrow's Goldeneye	0.0	0.0	0.0	0.0	0.0	0.0	0.0	0.0	0.0	0.0	0.0	0.0	0.0	0.0	0.0	0.0	0.0	0.0	0.0	0.0	0.0	0.0	0.0	0.0	0.0	0.0	0.0	0.0	0.0	0.0	0.0	0.0	0.0	0.0	0.0	0.0	0.0	0.0	0.0	0.0	0.0	0.0	0.0	0.0	0.0	0.0	0.0	0.25	
Hooded Merganser	0.0	0.0	0.0	0.14285714285714285	0.0	0.0	0.0	0.0	0.3333333333333333	0.0	0.0	0.0	0.0	0.0	0.0	0.0	0.0	0.0	0.0015	0.0	0.0	0.0	0.0	0.0	0.0	0.0	0.0	0.12121212121212122	0.0	0.14285714285714285	0.0	0.0	0.0	0.0	0.0	0.0	0.0	0.0	0.0	0.0	0.0	0.0	0.0	0.0	0.0	0.0	0.25	0.0	
Common Merganser	0.0	1.0	0.0	0.14285714285714285	1.0	0.0	0.0	0.0	0.0	0.0	0.0	0.0	0.0	0.0	0.09090909090909091	0.0	0.0	0.125	0.0	0.0	0.0	0.0	0.0	0.0	0.0	0.0	0.0	0.0	0.0	0.0	0.0	0.0	0.0	0.0015	0.0	0.0	0.0	0.0	0.0	0.0	0.0	0.0	0.0	0.0	0.0	0.0	0.25	0.5	
Red-breasted Merganser	0.25	0.0	0.0	0.2857142857142857	0.0	0.6666666666666666	0.0	0.25	0.0	0.4	0.0	0.5714285714285714	0.0	0.3333333333333333	0.2727272727272727	0.21428571428571427	0.0	0.0	0.0	0.0	0.0	0.0	0.0	0.0	0.0	0.0	0.0	0.0	0.0	0.0	0.0	0.0	0.0	0.0	0.0	0.0	0.0	0.0	0.0	0.0	0.2857142857142857	0.3333333333333333	0.0	0.0	0.0	1.0	0.5	0.0	
Common/Red-breasted Merganser	0.0	0.0	0.0	0.0	0.0	0.0	0.0	0.0	0.0	0.0	0.0	0.0	0.0	0.0	0.0	0.0	0.0	0.0	0.0	0.0	0.0	0.0	0.0	0.0	0.0	0.0	0.0	0.0	0.0	0.0	0.0	0.0	0.125	0.0	0.0	0.0	0.0	0.0	0.0	0.0	0.0	0.0	0.0	0.0	0.0	0.0	0.0	0.0	
Ruddy Duck	0.0	0.0	0.0	0.14285714285714285	0.0	0.0	0.0	0.0	0.0	0.2	0.0	0.0	0.0	0.0	0.0	0.14285714285714285	0.0	0.0	0.0	0.1111111111111111	0.0	0.0	0.0	0.0	0.0	0.0	0.0	0.0	0.0	0.0	0.0	0.0	0.0	0.0	0.0	0.0	0.0	0.0	0.0	0.0	0.0	0.0	0.0	0.0	0.0	0.0	0.25	0.0	
duck sp.	0.0	0.0	0.0	0.0	0.0	0.0	0.0	0.0	0.0	0.0	0.0	0.0	0.0	0.0	0.0	0.0	0.0	0.0	0.25	0.0015	0.0	0.0	0.0	0.0	0.0	0.0	0.0	0.0	0.0	0.0	0.0	0.0	0.25	0.0	0.0	0.0	0.14285714285714285	0.3333333333333333	0.0	0.0	0.0	0.0	0.0	0.0	0.0	0.3333333333333333	0.25	0.0	
California Quail	0.0	0.0	0.0	0.0	0.0	0.0	0.25	0.25	0.0	0.0	0.0	0.0	0.0015	0.16666666666666666	0.18181818181818182	0.21428571428571427	0.25	0.125	0.25	0.4444444444444444	0.3333333333333333	0.2	0.0	0.3333333333333333	0.14285714285714285	0.1	0.6	0.15151515151515152	0.09090909090909091	0.14285714285714285	0.2	0.42857142857142855	0.5	0.2857142857142857	0.0	0.25	0.14285714285714285	0.0	0.2	0.0	0.0	0.0	0.0	0.0	0.0	0.0	0.5	0.0	
Pied-billed Grebe	0.0	0.0	0.0	0.0	0.0	0.0	0.0	0.0	0.0	0.2	0.0	0.0	0.0	0.0	0.0	0.0	0.0	0.0	0.0	0.0	0.0	0.0	0.0	0.0	0.0	0.0	0.0	0.0	0.0	0.0	0.0	0.0	0.0	0.0	0.0	0.0	0.0	0.0	0.2	0.0	0.14285714285714285	0.0	0.0	0.0	0.0	0.0	0.0	0.0	
Horned Grebe	0.25	0.0	0.5	0.2857142857142857	1.0	0.6666666666666666	0.25	0.25	0.3333333333333333	0.4	0.0	0.14285714285714285	0.5	0.5	0.2727272727272727	0.35714285714285715	0.0	0.125	0.0	0.0	0.0	0.0	0.0	0.0	0.0	0.0	0.0	0.0	0.0	0.0	0.0	0.0	0.0	0.0015	0.0	0.0	0.14285714285714285	0.6666666666666666	0.2	0.0	0.5714285714285714	0.6666666666666666	0.0	0.5	0.0	0.0	0.5	0.5	
Red-necked Grebe	0.25	0.0	0.0	0.42857142857142855	1.0	0.3333333333333333	0.5	0.25	0.0	0.4	0.0	0.2857142857142857	0.5	0.0	0.09090909090909091	0.14285714285714285	0.0	0.0	0.25	0.0	0.0	0.0	0.0	0.0	0.0	0.0	0.0	0.030303030303030304	0.0	0.0	0.0	0.0	0.0	0.0015	0.0	0.0	0.14285714285714285	0.6666666666666666	0.0	0.0	0.42857142857142855	0.3333333333333333	0.0	0.5	0.0	0.3333333333333333	0.25	0.5	
Eared Grebe	0.0	0.0	0.0	0.0	0.0	0.0	0.0	0.0	0.0	0.0	0.0	0.0	0.0	0.0	0.09090909090909091	0.0	0.0	0.0	0.0	0.0	0.0	0.0	0.0	0.0	0.0	0.0	0.0	0.0	0.0	0.0	0.0	0.0	0.0	0.0	0.0	0.0	0.0	0.0	0.0	0.0	0.0	0.3333333333333333	0.0	0.0	0.0	0.0	0.0	0.0	
Horned/Eared Grebe	0.0	0.0	0.0	0.0	0.0	0.0	0.0	0.0	0.0	0.0	0.0	0.0	0.0	0.0	0.0	0.0	0.0	0.0	0.0	0.0	0.0	0.0	0.0	0.0	0.0	0.0	0.0	0.0	0.0	0.0	0.0	0.0	0.0	0.0	0.0	0.0	0.0	0.0	0.0	0.0	0.0	0.0	0.0	0.0	0.0	0.0	0.0	0.25	
Western Grebe	0.25	0.0	0.0	0.14285714285714285	1.0	0.0	0.0015	0.0	0.0	0.2	0.0	0.0	0.0	0.0	0.09090909090909091	0.07142857142857142	0.0	0.25	0.0	0.1111111111111111	0.0	0.2	0.0	0.0	0.14285714285714285	0.0	0.0	0.0	0.0	0.0	0.0	0.0	0.0	0.14285714285714285	0.0	0.0	0.2857142857142857	1.0	0.0	0.0	0.14285714285714285	0.6666666666666666	0.0	1.0	0.0	0.0	0.75	0.75	
Western/Clark's Grebe	0.0	0.0	0.0	0.0	0.0	0.0	0.0	0.0	0.0	0.0	0.0	0.0	0.0	0.0	0.0	0.0	0.0	0.0	0.0	0.0	0.0	0.0	0.0	0.0	0.0	0.0	0.0	0.0	0.0	0.0	0.0	0.0	0.0	0.0	0.0	0.0	0.0	0.0	0.0	0.0	0.0	0.0	0.0	0.0	0.0	0.0	0.0	0.25	
grebe sp.	0.0	0.0	0.0	0.0	0.0	0.0	0.0	0.0	0.0	0.0	0.0	0.0	0.0	0.0	0.0	0.0	0.0	0.0	0.0	0.0	0.0	0.0	0.0	0.0	0.0	0.0	0.0	0.0	0.0	0.0	0.0	0.0	0.0	0.0	0.0	0.0	0.0	0.0	0.0	0.0	0.0	0.0	0.0	0.0	0.0	0.0	0.0	0.25	
Rock Pigeon	0.0015	1.0	0.0	0.2857142857142857	0.0	0.0	0.0	0.0	0.0	0.2	0.0	0.14285714285714285	0.0	0.0	0.09090909090909091	0.14285714285714285	0.0	0.0	0.25	0.2222222222222222	0.0	0.0	0.0	0.0	0.14285714285714285	0.2	0.0	0.21212121212121213	0.0	0.0	0.0	0.14285714285714285	0.5	0.14285714285714285	0.5	0.25	0.0	0.0	0.0	0.0	0.0	0.0	0.0	0.0	0.0	0.3333333333333333	0.25	0.0	
Band-tailed Pigeon	0.0	0.0	0.0	0.0	0.0	0.0	0.0	0.0	0.0	0.0	0.0	0.0	0.0	0.0	0.0	0.0	0.0	0.0	0.0	0.0	0.0	0.0	0.0015	0.0	0.0	0.0	0.0	0.030303030303030304	0.0	0.0	0.2	0.0	0.0	0.0	0.0	0.0	0.0	0.0	0.0	0.0	0.0	0.0	0.0	0.0	0.0	0.0	0.0	0.0	
Eurasian Collared-Dove	0.0	0.0	0.0	0.0	0.0	0.0	0.0	0.0	0.0	0.0	0.0	0.0	0.0	0.16666666666666666	0.09090909090909091	0.14285714285714285	0.0	0.125	0.25	0.2222222222222222	0.3333333333333333	0.0	0.0	0.3333333333333333	0.2857142857142857	0.3	0.2	0.5151515151515151	0.18181818181818182	0.0	0.2	0.14285714285714285	0.125	0.0015	0.0	0.125	0.0	0.0	0.0	0.0	0.0	0.0	0.0	0.0	0.0	0.0	0.25	0.0	
Mourning Dove	0.0	0.0	0.0	0.14285714285714285	0.0	0.0015	0.0	0.0	0.0	0.0	0.0	0.0	0.0	0.5	0.09090909090909091	0.14285714285714285	0.0	0.125	0.0	0.2222222222222222	0.0	0.0	0.14285714285714285	0.0	0.0	0.1	0.0	0.36363636363636365	0.2727272727272727	0.14285714285714285	0.2	0.14285714285714285	0.0	0.0015	0.0	0.0	0.0	0.0	0.0	0.0	0.14285714285714285	0.0	0.0	0.0	0.0	0.0	0.25	0.0	
Vaux's Swift	0.0	0.0	0.0	0.0	0.0	0.0	0.0	0.0	0.0	0.0	0.0	0.0	0.0	0.0	0.0	0.0015	0.0	0.0	0.25	0.0	0.0	0.0	0.0	0.0	0.2857142857142857	0.0	0.0	0.030303030303030304	0.0	0.14285714285714285	0.0	0.0	0.0	0.0	0.0	0.0	0.0	0.0	0.0	0.0	0.0	0.0	0.0	0.0	0.0	0.0	0.0	0.0	
Anna's Hummingbird	0.0015	0.0	0.0	0.0	0.0	0.0	0.0	0.0	0.0	0.0	0.0	0.0	0.0	0.16666666666666666	0.0	0.0	0.0	0.0	0.0	0.1111111111111111	0.3333333333333333	0.0	0.14285714285714285	0.0	0.42857142857142855	0.2	0.0	0.15151515151515152	0.09090909090909091	0.0	0.0	0.14285714285714285	0.0	0.14285714285714285	0.0	0.125	0.14285714285714285	0.0	0.0	0.0	0.0	0.0	0.0	0.0	0.0	0.0	0.0	0.0	
Rufous Hummingbird	0.0	0.0	0.0	0.0	0.0	0.0	0.0	0.0	0.0	0.0	0.0	0.14285714285714285	0.0	0.16666666666666666	0.0	0.14285714285714285	0.0	0.25	0.0	0.3333333333333333	0.3333333333333333	0.6	0.42857142857142855	1.0	0.42857142857142855	0.1	0.2	0.18181818181818182	0.0	0.0	0.0	0.0	0.0	0.0	0.0	0.0	0.0	0.0	0.0	0.0	0.0	0.0	0.0	0.0	0.0	0.0	0.0	0.0	
hummingbird sp.	0.0	0.0	0.0	0.0	0.0	0.0	0.0	0.0	0.0	0.0	0.0	0.0	0.0	0.0	0.0	0.0	0.25	0.0	0.0	0.0	0.0	0.0	0.2857142857142857	0.0	0.0	0.0	0.0	0.0	0.0	0.0	0.0	0.0	0.0	0.0	0.0	0.0	0.0	0.0	0.0	0.0	0.0	0.0	0.0	0.0	0.0	0.0	0.0	0.0	
Virginia Rail	0.0	0.0	0.0	0.14285714285714285	0.0	0.0	0.0	0.0	0.0	0.0	0.0	0.0	0.0	0.0	0.0	0.0	0.0	0.0	0.0	0.1111111111111111	0.0	0.0	0.0	0.0	0.0	0.0	0.0	0.030303030303030304	0.0	0.0	0.0	0.0	0.0	0.0	0.0	0.0	0.0	0.0	0.0	0.0	0.14285714285714285	0.0	0.0	0.0	0.0	0.0	0.0	0.0	
American Coot	0.0	0.0	0.0	0.0	0.0	0.0	0.0	0.0	0.0	0.0	0.0	0.0	0.0	0.0	0.0	0.07142857142857142	0.0	0.0	0.0	0.0	0.0	0.0	0.0	0.0	0.0	0.0	0.0	0.0	0.0	0.0	0.0	0.0	0.0	0.0	0.0	0.0	0.0	0.0	0.2	0.0	0.0	0.0	0.0	0.0	0.0	0.0	0.0	0.0	
Black Oystercatcher	0.0	0.0	0.0	0.0	0.0	0.0	0.0	0.0	0.3333333333333333	0.0	0.0	0.0	0.0	0.0	0.09090909090909091	0.0	0.0	0.0	0.25	0.1111111111111111	0.0	0.0	0.0	0.0	0.0	0.0	0.0	0.0	0.0	0.0	0.0	0.0	0.0	0.0	0.0	0.0	0.0	0.0	0.0	0.0	0.0	0.0	0.0	0.0	0.0	0.0	0.0	0.0	
Black-bellied Plover	0.0	0.0	0.0	0.0	0.0	0.0	0.0	0.0	0.0	0.0	0.0	0.0	0.0	0.0	0.0	0.0	0.0	0.0	0.0	0.0	0.0	0.0	0.0	0.0	0.0	0.0	0.0	0.030303030303030304	0.09090909090909091	0.14285714285714285	0.0	0.0	0.0	0.0015	0.0	0.0	0.0	0.0	0.0	0.0	0.0	0.0	0.0	0.0	0.0	0.0	0.0015	0.0	
Semipalmated Plover	0.0	0.0	0.0	0.0	0.0	0.0	0.0	0.0	0.0	0.0	0.0	0.0	0.0	0.0	0.0	0.0	0.0	0.0	0.0	0.0	0.0	0.0	0.0	0.0	0.0	0.0	0.0	0.2727272727272727	0.09090909090909091	0.14285714285714285	0.0	0.0	0.25	0.0	0.0015	0.0	0.0	0.0	0.0	0.0	0.0	0.0	0.0	0.0	0.0	0.0	0.0	0.0	
Killdeer	0.25	0.0	0.0	0.14285714285714285	0.0	0.0	0.25	0.0	0.3333333333333333	0.0	0.0	0.2857142857142857	0.0	0.3333333333333333	0.09090909090909091	0.21428571428571427	0.0	0.0	0.5	0.0	0.0	0.0	0.14285714285714285	0.0	0.2857142857142857	0.0015	0.0	0.21212121212121213	0.18181818181818182	0.2857142857142857	0.0	0.0	0.0	0.0015	0.0	0.25	0.0	0.0	0.0	0.0	0.0	0.0	0.0	0.0	0.0	0.0	0.5	0.25	
Whimbrel	0.0	0.0	0.0	0.0	0.0	0.0	0.0	0.0	0.0	0.0	0.0	0.0	0.0	0.0	0.0	0.0015	0.0	0.0	0.0	0.0	0.0	0.0	0.0	0.0	0.0	0.0	0.0	0.0	0.0	0.0	0.0	0.0	0.0	0.0	0.0	0.0	0.0	0.0	0.0	0.0	0.0	0.0	0.0	0.0	0.0	0.0	0.0	0.0	
Marbled Godwit	0.0	0.0	0.0	0.0	0.0	0.0	0.0	0.0	0.0	0.0	0.0	0.0	0.0	0.0	0.0	0.0	0.0	0.0	0.0	0.0015	0.0	0.0	0.0	0.0	0.0	0.0	0.0	0.0	0.0	0.0	0.0	0.0	0.0	0.0	0.0	0.0	0.0	0.0	0.0	0.0	0.0	0.0	0.0	0.0	0.0	0.0	0.0	0.0	
Sanderling	0.0	0.0	0.0	0.0	0.0	0.0015	0.0	0.0	0.0	0.0	0.0	0.0	0.0	0.0	0.0	0.0	0.0	0.0	0.0	0.0	0.0	0.0	0.0	0.0	0.0	0.0	0.0	0.030303030303030304	0.09090909090909091	0.0	0.0	0.0	0.0	0.0015	0.0	0.0	0.0	0.0	0.0	0.0	0.0	0.0	0.0	0.0	0.0	0.3333333333333333	0.0	0.0	
Dunlin	0.0	0.0	0.0	0.14285714285714285	0.0	0.0015	0.0015	0.0	0.3333333333333333	0.0	0.0	0.0	0.0	0.0	0.0	0.07142857142857142	0.0	0.0	0.0	0.0	0.0	0.0	0.0	0.0	0.0	0.0	0.0	0.0	0.0	0.0	0.0	0.0	0.0	0.0	0.0	0.0	0.0	0.3333333333333333	0.0	0.0	0.14285714285714285	0.0	0.0	0.0	0.0	0.3333333333333333	0.0	0.0	
Baird's Sandpiper	0.0	0.0	0.0	0.0	0.0	0.0	0.0	0.0	0.0	0.0	0.0	0.0	0.0	0.0	0.0	0.0	0.0	0.0	0.0	0.0	0.0	0.0	0.0	0.0	0.0	0.0	0.0	0.0	0.0	0.14285714285714285	0.0	0.0	0.0	0.0	0.0	0.0	0.0	0.0	0.0	0.0	0.0	0.0	0.0	0.0	0.0	0.0	0.0	0.0	
Least Sandpiper	0.0	0.0	0.0	0.14285714285714285	0.0	0.0	0.0	0.0	0.3333333333333333	0.0	0.0	0.0	0.0	0.0	0.0	0.07142857142857142	0.0	0.0	0.0	0.0	0.0	0.0	0.0	0.0	0.14285714285714285	0.0	0.0	0.12121212121212122	0.18181818181818182	0.14285714285714285	0.2	0.0	0.0	0.0	0.0	0.125	0.0	0.0	0.0	0.0	0.0	0.0	0.0	0.0	0.0	0.0	0.0	0.0	
Pectoral Sandpiper	0.0	0.0	0.0	0.0	0.0	0.0	0.0	0.0	0.0	0.0	0.0	0.0	0.0	0.0	0.0	0.0	0.0	0.0	0.0	0.0	0.0	0.0	0.0	0.0	0.0	0.0	0.0	0.030303030303030304	0.0	0.2857142857142857	0.0	0.0	0.0	0.0	0.0	0.0	0.0	0.0	0.0	0.0	0.0	0.0	0.0	0.0	0.0	0.0	0.0	0.0	
Semipalmated Sandpiper	0.0	0.0	0.0	0.0	0.0	0.0	0.0	0.0	0.0	0.0	0.0	0.0	0.0	0.0	0.0	0.0	0.0	0.0	0.0	0.0	0.0	0.0	0.0	0.0	0.0	0.0	0.0	0.030303030303030304	0.0	0.0	0.0	0.0	0.125	0.0	0.0	0.0	0.0	0.0	0.0	0.0	0.0	0.0	0.0	0.0	0.0	0.0	0.0	0.0	
Western Sandpiper	0.0	0.0	0.0	0.14285714285714285	0.0	0.0	0.0	0.0	0.0	0.0	0.0	0.0	0.0	0.0	0.0	0.07142857142857142	0.0	0.0	0.0	0.0	0.0	0.0	0.0	0.0	0.14285714285714285	0.0	0.0	0.18181818181818182	0.18181818181818182	0.2857142857142857	0.2	0.0	0.125	0.0015	0.0	0.0	0.0	0.0	0.0	0.0	0.0	0.0	0.0	0.0	0.0	0.0	0.0	0.0	
Semipalmated/Western Sandpiper	0.0	0.0	0.0	0.0	0.0	0.0	0.0	0.0	0.0	0.0	0.0	0.0	0.0	0.0	0.0	0.0	0.0	0.0	0.0	0.0	0.0	0.0	0.0	0.0	0.0	0.0	0.0	0.030303030303030304	0.0	0.0	0.0	0.0	0.0	0.0	0.0	0.0	0.0	0.0	0.0	0.0	0.0	0.0	0.0	0.0	0.0	0.0	0.0	0.0	
peep sp.	0.0	0.0	0.0	0.0	0.0	0.0	0.0	0.0	0.0	0.0	0.0	0.0	0.0	0.0	0.0	0.0	0.0	0.125	0.0	0.0	0.0	0.0	0.0	0.0	0.0	0.0	0.0	0.06060606060606061	0.0	0.0	0.0	0.14285714285714285	0.375	0.0	0.0	0.0	0.2857142857142857	0.0	0.0	0.0	0.0	0.0	0.0	0.0	0.0	0.0	0.0	0.0	
Short-billed Dowitcher	0.0	0.0	0.0	0.0	0.0	0.0	0.0	0.0	0.0	0.0	0.0	0.0	0.0	0.0	0.0	0.0	0.0	0.0	0.0	0.0	0.0	0.0	0.0	0.0	0.0	0.0	0.0	0.0	0.0	0.0	0.0	0.0	0.125	0.0	0.0	0.0	0.0	0.0	0.0	0.0	0.0	0.0	0.0	0.0	0.0	0.0	0.0	0.0	
Long-billed Dowitcher	0.0	0.0	0.0	0.0	0.0	0.0	0.0	0.0	0.0	0.0	0.0	0.0	0.0	0.0	0.0	0.0	0.0	0.0	0.0	0.0	0.0	0.0	0.0	0.0	0.14285714285714285	0.0	0.0	0.12121212121212122	0.0	0.0	0.0	0.0	0.0	0.0	0.0	0.125	0.0	0.0	0.0	0.0	0.0	0.0	0.0	0.0	0.0	0.0	0.0	0.0	
Short-billed/Long-billed Dowitcher	0.0	0.0	0.0	0.0	0.0	0.0	0.0	0.0	0.0	0.0	0.0	0.0	0.0	0.0	0.0	0.0	0.0	0.0	0.0	0.0	0.0	0.0	0.0	0.0	0.0	0.0	0.0	0.030303030303030304	0.0	0.0	0.0	0.0	0.125	0.0	0.0	0.0	0.0	0.0	0.0	0.14285714285714285	0.0	0.0	0.0	0.0	0.0	0.0	0.0	0.0	
Red-necked Phalarope	0.0	0.0	0.0	0.0	0.0	0.0	0.0	0.0	0.0	0.0	0.0	0.0	0.0	0.0	0.0	0.0	0.0	0.0	0.0	0.0	0.0	0.0	0.0	0.0	0.0	0.0	0.0	0.0	0.0	0.0	0.2	0.0	0.0	0.0	0.0	0.0	0.0	0.0	0.0	0.0	0.0	0.0	0.0	0.0	0.0	0.0	0.0	0.0	
Spotted Sandpiper	0.0	0.0	0.0	0.0	0.0	0.0	0.0	0.0	0.0	0.0	0.0	0.0	0.0	0.0	0.0	0.0	0.0	0.0	0.5	0.0	0.0	0.0	0.0015	0.0	0.0	0.0	0.0	0.0	0.0	0.0	0.0	0.0	0.0	0.0	0.0	0.0	0.0	0.0	0.0	0.0	0.0	0.0	0.0	0.0	0.0	0.0	0.0	0.0	
Wandering Tattler	0.0	0.0	0.0	0.0	0.0	0.0	0.0	0.0	0.0	0.0	0.0	0.0	0.0	0.0	0.0	0.0	0.0	0.0	0.0	0.1111111111111111	0.0	0.0	0.0	0.0	0.0	0.0	0.0	0.0	0.0	0.0	0.0	0.0	0.0	0.0	0.0	0.0	0.0	0.0	0.0	0.0	0.0	0.0	0.0	0.0	0.0	0.0	0.0	0.0	
Greater Yellowlegs	0.0	0.0	0.0	0.0	0.0	0.0	0.0	0.0	0.3333333333333333	0.0	0.0	0.0	0.0	0.0	0.0	0.07142857142857142	0.0	0.0	0.0	0.0	0.0	0.0	0.0	0.0	0.0	0.0	0.0	0.12121212121212122	0.18181818181818182	0.14285714285714285	0.0	0.14285714285714285	0.0	0.14285714285714285	0.0	0.25	0.0	0.0	0.0	0.0	0.14285714285714285	0.0	0.0	0.0	0.0	0.0	0.0	0.0	
Lesser Yellowlegs	0.0	0.0	0.0	0.0	0.0	0.0	0.0	0.0	0.0	0.0	0.0	0.0	0.0	0.0	0.0	0.0	0.0	0.0	0.0	0.0	0.0	0.0	0.0	0.0	0.0	0.0	0.0	0.030303030303030304	0.0	0.14285714285714285	0.0	0.0	0.0	0.0	0.0	0.0	0.0	0.0	0.0	0.0	0.0	0.0	0.0	0.0	0.0	0.0	0.0	0.0	
shorebird sp.	0.0	0.0	0.0	0.0	0.0	0.0	0.0	0.0	0.0	0.0	0.0	0.0	0.0	0.0	0.0	0.0	0.0	0.0	0.0	0.0	0.0	0.0	0.0	0.0	0.0	0.0	0.0	0.0	0.09090909090909091	0.0	0.0	0.0	0.0	0.0	0.0	0.0	0.0	0.0	0.0	0.0	0.0	0.0	0.0	0.0	0.0	0.0	0.0	0.0	
Common Murre	0.25	0.0	0.0	0.14285714285714285	1.0	0.0	0.5	0.0	0.0	0.0	0.0	0.0	0.0	0.0	0.09090909090909091	0.07142857142857142	0.0	0.0	0.0	0.1111111111111111	0.3333333333333333	0.0	0.14285714285714285	0.0	0.0	0.0015	0.0	0.21212121212121213	0.2727272727272727	0.14285714285714285	0.0	0.14285714285714285	0.125	0.2857142857142857	0.0	0.0	0.14285714285714285	0.6666666666666666	0.2	0.0	0.14285714285714285	0.3333333333333333	0.0	0.0	0.0	0.3333333333333333	0.25	0.25	
large alcid sp.	0.0	0.0	0.0	0.0	0.0	0.0	0.0	0.0	0.0	0.0	0.0	0.0	0.0	0.0	0.0	0.0	0.0	0.0	0.0	0.0	0.0	0.0	0.0	0.0	0.0	0.0	0.0	0.0	0.0	0.0	0.0	0.0	0.0	0.0	0.0	0.0	0.0	0.0	0.0	0.0	0.0	0.0	0.0	0.0	0.0	0.0	0.0	0.25	
Pigeon Guillemot	0.25	1.0	0.5	0.5714285714285714	1.0	0.0015	0.5	0.25	0.6666666666666666	0.6	0.0	0.5714285714285714	0.5	0.6666666666666666	0.45454545454545453	0.5	0.25	0.5	0.75	0.5555555555555556	0.6666666666666666	0.6	0.2857142857142857	0.3333333333333333	0.7142857142857143	0.5	0.2	0.48484848484848486	0.36363636363636365	1.0	0.4	0.7142857142857143	0.25	0.14285714285714285	0.0	0.0	0.14285714285714285	0.3333333333333333	0.2	0.0	0.14285714285714285	0.6666666666666666	0.0	0.5	0.0	0.6666666666666666	0.25	0.5	
Marbled Murrelet	0.0	0.0	0.0	0.14285714285714285	0.0015	0.0	0.0015	0.25	0.0	0.0	0.0	0.0	0.0	0.0	0.09090909090909091	0.07142857142857142	0.0	0.0	0.0	0.2222222222222222	0.0	0.0	0.14285714285714285	0.0	0.0	0.0	0.0	0.09090909090909091	0.18181818181818182	0.14285714285714285	0.0015	0.14285714285714285	0.0	0.2857142857142857	0.0	0.0	0.2857142857142857	0.3333333333333333	0.0	0.0	0.0	0.3333333333333333	0.0	0.0	0.0	0.3333333333333333	0.25	0.0	
Ancient Murrelet	0.25	0.0	0.0	0.14285714285714285	0.0	0.0	0.0	0.0	0.0	0.0	0.0	0.0	0.0	0.0	0.0	0.0	0.0	0.0	0.0	0.0	0.0	0.0	0.0	0.0	0.0	0.0	0.0	0.0	0.0	0.0	0.0	0.0	0.0	0.0	0.0	0.0	0.0	0.0	0.0	0.0	0.0	0.3333333333333333	0.0	0.0	0.0	0.0	0.0	0.0	
Rhinoceros Auklet	0.25	0.0	0.0	0.2857142857142857	1.0	0.0	0.25	0.0	0.3333333333333333	0.4	0.0	0.2857142857142857	0.0	0.16666666666666666	0.36363636363636365	0.35714285714285715	0.0	0.5	0.75	0.5555555555555556	1.0	0.4	0.14285714285714285	0.3333333333333333	0.5714285714285714	0.7	0.2	0.6666666666666666	0.5454545454545454	0.8571428571428571	0.2	0.14285714285714285	0.125	0.2857142857142857	0.0	0.125	0.2857142857142857	0.6666666666666666	0.2	0.0	0.14285714285714285	0.6666666666666666	0.0	0.0	0.0	0.3333333333333333	0.25	0.0	
alcid sp.	0.0	0.0	0.0	0.0	1.0	0.0	0.0	0.0	0.0	0.0	0.0	0.0	0.0	0.0	0.0	0.0	0.0	0.0	0.25	0.1111111111111111	0.3333333333333333	0.0	0.0	0.0	0.14285714285714285	0.0	0.0	0.030303030303030304	0.0	0.0	0.0	0.14285714285714285	0.25	0.0015	0.0	0.0	0.0	0.3333333333333333	0.0	0.0	0.0	0.0	0.0	0.0	0.0	0.0	0.0	0.0	
Bonaparte's Gull	0.0	0.0	0.5	0.0	0.0	0.0	0.0	0.0	0.0	0.0	0.0	0.0	0.0	0.0	0.09090909090909091	0.0	0.0	0.0	0.0	0.1111111111111111	0.0	0.0	0.0	0.0	0.0	0.0	0.0	0.06060606060606061	0.0	0.0	0.0	0.0	0.125	0.0015	0.0	0.0	0.0	0.3333333333333333	0.0	0.0	0.0	0.3333333333333333	0.0	0.0	0.0	0.0	0.0	0.0	
Heermann's Gull	0.0	0.0	0.0	0.0	0.0	0.0	0.0	0.0	0.0	0.0	0.0	0.0	0.0	0.0	0.0	0.0	0.0	0.0	0.0	0.0	0.0	0.0	0.0015	0.0015	0.5714285714285714	0.7	0.2	0.6666666666666666	0.5454545454545454	0.8571428571428571	0.0	0.5714285714285714	0.625	0.42857142857142855	0.0015	0.375	0.5714285714285714	1.0	0.2	0.0	0.2857142857142857	0.0	0.0	0.0	0.0	0.0	0.0	0.0	
Mew Gull	0.25	0.0	0.0	0.2857142857142857	0.0	0.0	0.0	0.25	0.0	0.0	0.0	0.14285714285714285	0.0	0.0	0.09090909090909091	0.07142857142857142	0.0	0.0	0.0	0.0	0.0	0.0	0.0	0.0	0.0	0.0	0.0	0.030303030303030304	0.09090909090909091	0.14285714285714285	0.0	0.14285714285714285	0.0	0.0015	0.0	0.0	0.0	0.3333333333333333	0.2	0.0	0.42857142857142855	0.6666666666666666	0.0	0.5	0.0	0.6666666666666666	0.25	0.0	
Ring-billed Gull	0.0015	0.0	0.0	0.14285714285714285	0.0	0.0	0.0	0.0	0.0	0.0	0.0	0.0	0.0	0.0	0.0	0.0	0.0	0.0	0.0	0.0	0.3333333333333333	0.0	0.0	0.0	0.14285714285714285	0.1	0.2	0.12121212121212122	0.0	0.14285714285714285	0.0	0.0	0.125	0.0015	0.0	0.125	0.14285714285714285	0.3333333333333333	0.2	0.0	0.14285714285714285	0.0	0.0	0.0	0.0	0.0	0.0	0.25	
Western Gull	0.0	0.0	0.0	0.0	0.0	0.0	0.0	0.0	0.0	0.2	0.0	0.0	0.0	0.0	0.0	0.0	0.0	0.0	0.0015	0.0	0.0	0.0	0.0	0.0	0.0	0.0	0.0	0.0	0.0	0.0	0.0	0.0	0.0	0.0	0.0	0.0	0.0	0.0	0.0	0.0	0.0	0.0	0.0	0.0	0.0	0.0	0.0	0.0	
California Gull	0.0	0.0	0.0	0.0	0.0	0.0	0.0	0.0	0.0	0.0	0.0	0.0	0.0	0.0	0.0	0.0	0.0	0.125	0.0	0.0	0.3333333333333333	0.2	0.0	0.3333333333333333	0.0	0.3	0.0	0.6666666666666666	0.36363636363636365	0.14285714285714285	0.6	0.5714285714285714	0.125	0.0015	0.0	0.125	0.2857142857142857	0.3333333333333333	0.0	0.0	0.14285714285714285	0.0	0.0	0.0	0.0	0.0	0.25	0.0	
Herring Gull	0.25	0.0	0.0	0.0	0.0	0.0	0.0	0.0	0.0	0.0	0.0	0.0	0.0	0.0	0.0	0.0	0.0	0.0	0.25	0.0	0.0	0.0	0.0	0.0	0.0	0.0	0.0	0.0	0.0	0.0	0.0	0.0	0.5	0.0	0.0	0.125	0.0	0.0	0.0	0.0	0.0	0.0	0.0	0.0	0.0	0.0	0.25	0.0	
Iceland Gull	0.25	0.0	0.0	0.0	0.0	0.0	0.0	0.0	0.0	0.0	0.0	0.0	0.0	0.0	0.0	0.0	0.0	0.0	0.0	0.0	0.0	0.0	0.0	0.0	0.0	0.0	0.0	0.0	0.0	0.0	0.0	0.0	0.0	0.0	0.0	0.0	0.0	0.0	0.0	0.0	0.0	0.0	0.0	0.0	0.0	0.3333333333333333	0.25	0.0	
Glaucous-winged Gull	0.25	0.0	0.5	0.42857142857142855	0.0	0.3333333333333333	0.0015	0.25	0.3333333333333333	0.2	0.0	0.42857142857142855	0.5	0.16666666666666666	0.5454545454545454	0.42857142857142855	0.5	0.625	0.75	0.7777777777777778	0.6666666666666666	0.2	0.42857142857142855	0.3333333333333333	0.42857142857142855	0.6	0.0	0.696969696969697	0.5454545454545454	0.7142857142857143	0.4	0.7142857142857143	0.5	0.14285714285714285	0.5	0.25	0.2857142857142857	0.6666666666666666	0.2	0.0	0.7142857142857143	0.6666666666666666	1.0	0.0	0.0	0.3333333333333333	0.5	0.25	
Western x Glaucous-winged Gull (hybrid)	0.25	0.0	0.0	0.0	0.0	0.0015	0.0	0.0	0.0	0.0	0.0	0.0	0.0	0.16666666666666666	0.09090909090909091	0.07142857142857142	0.0	0.125	0.25	0.1111111111111111	0.0	0.2	0.0015	0.0	0.0	0.1	0.0	0.18181818181818182	0.0	0.0	0.0	0.14285714285714285	0.0	0.0	0.0	0.0	0.0015	0.0	0.2	0.0	0.14285714285714285	0.0	1.0	0.5	0.0	0.0	0.0	0.25	
Western/Glaucous-winged Gull	0.0	0.0	0.0	0.0	0.0	0.0	0.0	0.0	0.0	0.2	0.0	0.14285714285714285	0.5	0.0	0.0	0.0	0.0	0.0	0.0	0.0	0.0	0.0	0.0	0.0	0.0	0.0	0.0	0.06060606060606061	0.09090909090909091	0.0	0.2	0.14285714285714285	0.0	0.0015	0.0	0.0	0.0	0.3333333333333333	0.0	0.0	0.0	0.0	0.0	0.5	0.0	0.0	0.25	0.0	
Larus sp.	0.0	0.0	0.0	0.14285714285714285	0.0	0.0	0.0	0.0	0.0	0.0	0.0	0.14285714285714285	0.0	0.0	0.0	0.0	0.0	0.125	0.0	0.0	0.3333333333333333	0.0	0.0	0.0	0.0	0.0	0.0	0.030303030303030304	0.0	0.0	0.0	0.14285714285714285	0.0	0.0015	0.0	0.0	0.14285714285714285	0.0	0.0	0.0	0.0	0.0	0.0	0.0	0.0	0.0	0.0	0.0	
gull sp.	0.0	0.0	0.0	0.0	0.0	0.6666666666666666	0.0	0.5	0.0	0.0	0.0	0.0	0.0	0.0	0.09090909090909091	0.0	0.0	0.25	0.0015	0.3333333333333333	0.0	0.0	0.0	0.3333333333333333	0.14285714285714285	0.2	0.2	0.09090909090909091	0.0	0.42857142857142855	0.4	0.0	0.25	0.14285714285714285	0.0	0.375	0.42857142857142855	0.6666666666666666	0.4	0.14285714285714285	0.2857142857142857	0.3333333333333333	0.0	0.0	0.0	0.3333333333333333	0.5	0.75	
Caspian Tern	0.0	0.0	0.0	0.0	0.0	0.0	0.0	0.0	0.0	0.0	0.0	0.0	0.0	0.0	0.0	0.21428571428571427	0.25	0.0	0.5	0.2222222222222222	0.3333333333333333	0.0	0.0	0.3333333333333333	0.5714285714285714	0.0015	0.4	0.5757575757575758	0.2727272727272727	0.0	0.4	0.0	0.5	0.14285714285714285	0.0	0.0	0.0015	0.0	0.0	0.0	0.0	0.0	0.0	0.0	0.0	0.0	0.0	0.0	
Common Tern	0.0	0.0	0.0	0.0	0.0	0.0	0.0	0.0	0.0	0.0	0.0	0.0	0.0	0.0	0.0	0.0	0.0	0.0	0.0	0.0	0.0	0.0	0.0	0.0	0.0	0.0015	0.0	0.0	0.0	0.0	0.0	0.0	0.0	0.0	0.0	0.0	0.0	0.0	0.0	0.0	0.0	0.0	0.0	0.0	0.0	0.0	0.0	0.0	
Red-throated Loon	0.25	0.0	0.0	0.14285714285714285	1.0	0.0	0.0	0.0	0.0	0.0	0.0	0.0	0.0	0.0	0.0	0.07142857142857142	0.0	0.0	0.0	0.1111111111111111	0.0	0.0	0.0	0.0	0.0	0.0	0.0	0.0	0.0	0.0	0.0	0.0	0.0	0.0	0.0	0.0	0.0	0.0	0.2	0.0	0.14285714285714285	0.0	0.0	0.0	0.0	0.0	0.0015	0.0	
Pacific Loon	0.0	0.0	0.0	0.14285714285714285	0.0	0.0	0.5	0.25	0.0	0.0	0.0	0.14285714285714285	0.5	0.0	0.0015	0.07142857142857142	0.0	0.0	0.0	0.3333333333333333	0.0	0.0	0.0	0.0	0.0	0.0	0.0	0.0	0.0	0.0	0.0	0.0	0.0	0.0015	0.0	0.0	0.0015	0.3333333333333333	0.2	0.0	0.14285714285714285	0.0	0.0	0.0	0.0	0.0	0.25	0.25	
Common Loon	0.0	1.0	0.0	0.14285714285714285	1.0	0.6666666666666666	0.5	0.0	0.3333333333333333	0.2	0.0	0.42857142857142855	0.5	0.3333333333333333	0.2727272727272727	0.2857142857142857	0.0	0.0	0.0	0.1111111111111111	0.3333333333333333	0.0	0.0	0.0	0.0	0.1	0.0	0.030303030303030304	0.09090909090909091	0.14285714285714285	0.2	0.14285714285714285	0.0	0.0015	0.0	0.0	0.5714285714285714	0.6666666666666666	0.2	0.0	0.2857142857142857	0.3333333333333333	0.0	0.5	0.0	0.0	0.5	0.5	
loon sp.	0.0	0.0	0.5	0.0	0.0	0.0	0.0	0.25	0.0	0.0	0.0	0.0	0.0	0.0	0.0	0.0	0.0	0.0	0.0	0.0	0.0	0.0	0.0	0.0	0.0	0.0	0.0	0.0	0.0	0.0	0.0	0.0	0.0	0.0	0.0	0.0	0.0	0.0	0.0	0.0	0.0	0.0	0.0	0.0	0.0	0.0	0.0	0.0	
Brandt's Cormorant	0.25	0.0	0.0	0.0	0.0	0.0	0.0	0.0	0.3333333333333333	0.0	0.0	0.14285714285714285	0.5	0.16666666666666666	0.18181818181818182	0.0	0.0	0.125	0.0	0.2222222222222222	0.0	0.0	0.14285714285714285	0.0	0.0	0.1	0.0	0.0	0.09090909090909091	0.0	0.0	0.0	0.0	0.0015	0.0	0.25	0.14285714285714285	0.3333333333333333	0.2	0.0	0.0	0.0	0.0	0.0	0.0	0.0	0.25	0.25	
Pelagic Cormorant	0.25	0.0	0.5	0.42857142857142855	1.0	0.6666666666666666	0.5	0.25	0.3333333333333333	0.6	0.0	0.42857142857142855	0.0015	0.3333333333333333	0.36363636363636365	0.2857142857142857	0.0	0.125	0.5	0.6666666666666666	1.0	0.4	0.14285714285714285	0.3333333333333333	0.5714285714285714	0.6	0.4	0.42424242424242425	0.2727272727272727	0.7142857142857143	0.2	0.5714285714285714	0.625	0.0015	0.0015	0.375	0.42857142857142855	1.0	0.2	0.0	0.42857142857142855	0.0	0.0	0.5	0.0	0.3333333333333333	0.75	0.25	
Double-crested Cormorant	0.5	0.0	0.5	0.5714285714285714	1.0	0.3333333333333333	0.25	0.25	0.6666666666666666	0.8	0.0	0.5714285714285714	0.5	0.0	0.18181818181818182	0.2857142857142857	0.25	0.25	0.25	0.1111111111111111	0.3333333333333333	0.0	0.0	0.3333333333333333	0.14285714285714285	0.2	0.2	0.2727272727272727	0.2727272727272727	0.0015	0.2	0.2857142857142857	0.5	0.14285714285714285	0.5	0.375	0.5714285714285714	1.0	0.4	0.0	0.7142857142857143	0.3333333333333333	1.0	0.0	0.0	0.6666666666666666	0.75	0.75	
cormorant sp.	0.0	0.0	0.0	0.0	0.0	0.3333333333333333	0.0	0.0	0.0	0.0	0.0	0.14285714285714285	0.0	0.0	0.09090909090909091	0.0	0.0	0.0	0.0	0.0	0.3333333333333333	0.0	0.0	0.0	0.0	0.0	0.0	0.09090909090909091	0.0	0.14285714285714285	0.0	0.0	0.25	0.0015	0.0	0.0	0.2857142857142857	0.0	0.2	0.0	0.14285714285714285	0.0	0.0	0.5	0.0	0.0	0.0	0.75	
American White Pelican	0.0	0.0	0.0	0.0	0.0	0.0	0.0	0.0	0.0	0.0	0.0	0.0	0.0	0.0	0.0	0.0	0.0	0.0	0.0	0.0	0.0	0.0	0.0	0.0	0.0	0.0	0.2	0.18181818181818182	0.0	0.0	0.4	0.0	0.5	0.0	0.0	0.0	0.0	0.0	0.0	0.0	0.0	0.0	0.0	0.0	0.0	0.0	0.0	0.0	
Great Blue Heron	0.0	1.0	0.0015	0.14285714285714285	0.0	0.3333333333333333	0.0	0.0	0.3333333333333333	0.4	0.0	0.42857142857142855	0.0	0.0	0.09090909090909091	0.21428571428571427	0.0	0.25	0.25	0.4444444444444444	0.0	0.2	0.14285714285714285	0.3333333333333333	0.2857142857142857	0.2	0.4	0.45454545454545453	0.45454545454545453	0.2857142857142857	0.2	0.5714285714285714	0.75	0.2857142857142857	0.0	0.5	0.2857142857142857	0.0	0.4	0.14285714285714285	0.42857142857142855	0.3333333333333333	1.0	0.0	1.0	0.3333333333333333	0.25	0.0	
Turkey Vulture	0.0	0.0	0.0	0.0	0.0	0.0	0.0	0.0	0.0	0.0	0.0	0.14285714285714285	0.0	0.0	0.0	0.07142857142857142	0.0	0.0	0.0	0.1111111111111111	0.0	0.0	0.14285714285714285	0.0	0.0	0.0015	0.0	0.0	0.09090909090909091	0.0	0.0	0.0	0.0	0.0	0.0	0.0	0.14285714285714285	0.3333333333333333	0.0	0.14285714285714285	0.0	0.0	0.0	0.0	0.0	0.0015	0.0	0.0	
Osprey	0.0	0.0	0.0	0.0	0.0	0.0	0.0	0.0	0.0	0.0	0.0	0.0	0.0	0.0	0.0	0.14285714285714285	0.0	0.0	0.0015	0.0	0.0	0.0	0.14285714285714285	0.0	0.0	0.0	0.0	0.12121212121212122	0.0	0.0	0.4	0.14285714285714285	0.0	0.0	0.0	0.0	0.0	0.0	0.0	0.0	0.0	0.0	0.0	0.0	0.0	0.0	0.0	0.0	
Northern Harrier	0.0	1.0	0.0015	0.2857142857142857	0.0	0.6666666666666666	0.0	0.25	0.0	0.2	0.0	0.14285714285714285	0.0	0.3333333333333333	0.09090909090909091	0.2857142857142857	0.0	0.125	0.0	0.4444444444444444	0.3333333333333333	0.2	0.0015	0.0	0.0	0.0	0.0	0.18181818181818182	0.0	0.2857142857142857	0.2	0.0	0.125	0.14285714285714285	0.0	0.25	0.0015	0.6666666666666666	0.2	0.0	0.2857142857142857	0.3333333333333333	0.0	0.5	0.0	0.6666666666666666	0.75	0.0	
Sharp-shinned Hawk	0.0	0.0	0.0	0.0	0.0	0.0	0.0	0.0	0.0	0.0	0.0	0.0	0.0	0.0	0.0	0.0	0.0	0.0	0.0	0.0	0.0	0.0	0.0	0.0	0.0	0.1	0.0	0.030303030303030304	0.0	0.0	0.0	0.0	0.0	0.0	0.0	0.0	0.0	0.0	0.0	0.0	0.0	0.0	0.0	0.0	0.0	0.0	0.0	0.25	
Cooper's Hawk	0.0	0.0	0.0015	0.0	0.0	0.0	0.0	0.0	0.0	0.2	0.0	0.0	0.0	0.0	0.0	0.07142857142857142	0.0	0.0	0.0	0.0	0.0	0.0	0.0	0.0	0.0	0.0	0.0	0.12121212121212122	0.0	0.0015	0.0015	0.0	0.0	0.14285714285714285	0.0	0.0	0.14285714285714285	0.0	0.0	0.0	0.0	0.0	0.0	0.0	0.0	0.0	0.5	0.0	
Sharp-shinned/Cooper's Hawk	0.0	0.0	0.0	0.0	0.0	0.0	0.0	0.0	0.0	0.0	0.0	0.0	0.0	0.0	0.0	0.0	0.0	0.0	0.0	0.0	0.0	0.0	0.0	0.0	0.0	0.0	0.0	0.0	0.0	0.0	0.0	0.0	0.0	0.0	0.0	0.0	0.0	0.0	0.0	0.0	0.14285714285714285	0.0	0.0	0.0	0.0	0.0	0.0	0.0	
Bald Eagle	0.5	1.0	0.5	0.7142857142857143	1.0	0.0015	0.5	0.5	0.3333333333333333	0.4	0.0	0.42857142857142855	0.5	0.3333333333333333	0.2727272727272727	0.42857142857142855	0.5	0.5	0.75	0.8888888888888888	0.3333333333333333	0.6	0.5714285714285714	0.3333333333333333	0.5714285714285714	0.4	0.2	0.5151515151515151	0.36363636363636365	0.14285714285714285	0.0	0.0	0.375	0.0	0.0	0.5	0.14285714285714285	0.0	0.4	0.14285714285714285	0.5714285714285714	0.3333333333333333	1.0	0.0	0.0	0.3333333333333333	0.75	0.25	
Broad-winged Hawk	0.0	0.0	0.0	0.0	0.0	0.0	0.0	0.0	0.0	0.0	0.0	0.0	0.0	0.0	0.0	0.0	0.0	0.0	0.0	0.0	0.0	0.0	0.0	0.0	0.0	0.0	0.0	0.0	0.0	0.0	0.0015	0.0	0.0	0.0	0.0	0.0	0.0	0.0	0.0	0.0	0.0	0.0	0.0	0.0	0.0	0.0	0.0	0.0	
Red-tailed Hawk	0.25	1.0	0.0015	0.42857142857142855	0.0	0.0015	0.25	0.5	0.0	0.2	0.0	0.42857142857142855	0.0	0.3333333333333333	0.09090909090909091	0.21428571428571427	0.0	0.0	0.0	0.2222222222222222	0.0	0.0	0.14285714285714285	0.0	0.14285714285714285	0.1	0.0	0.24242424242424243	0.0	0.14285714285714285	0.2	0.2857142857142857	0.0	0.0015	0.0	0.125	0.14285714285714285	0.0	0.0	0.2857142857142857	0.2857142857142857	0.0	0.0	0.0	0.0	0.0	0.25	0.0	
hawk sp.	0.0	0.0	0.0	0.0	0.0	0.0	0.0	0.0	0.0	0.0	0.0	0.0	0.0	0.0	0.0	0.0	0.0	0.0	0.0	0.0	0.0	0.0	0.0	0.0	0.0	0.0	0.0	0.0	0.0	0.0	0.0	0.0	0.25	0.0	0.0	0.0	0.0	0.0	0.0	0.0	0.0	0.0	0.0	0.0	0.0	0.0	0.0	0.0	
Barn Owl	0.0	0.0	0.0	0.0	0.0	0.0	0.0	0.0	0.0	0.0	0.0	0.0	0.0	0.0	0.0	0.0	0.0	0.0	0.0	0.0	0.0	0.0	0.0	0.0	0.0	0.0	0.0	0.0	0.0	0.0	0.0	0.0	0.0	0.0	0.0	0.0	0.0	0.0	0.0	0.0	0.0	0.0	0.0	0.0	0.0	0.3333333333333333	0.0	0.0	
Great Horned Owl	0.0	0.0	0.0	0.0	0.0	0.0	0.0	0.0	0.0	0.0	0.0	0.0	0.0	0.0	0.0	0.0	0.0	0.125	0.25	0.1111111111111111	0.0	0.2	0.0	0.0	0.0	0.1	0.0	0.09090909090909091	0.18181818181818182	0.0	0.0	0.0015	0.0	0.0	0.0	0.0	0.0	0.0	0.2	0.0	0.0	0.0015	0.0	0.0	0.0	0.3333333333333333	0.0	0.0	
Belted Kingfisher	0.0	0.0	0.0	0.14285714285714285	0.0	0.0015	0.0015	0.0	0.0	0.0	0.0	0.0	0.0	0.16666666666666666	0.09090909090909091	0.14285714285714285	0.0	0.0	0.25	0.0	0.0	0.2	0.0015	0.0	0.0	0.0	0.0	0.12121212121212122	0.09090909090909091	0.0015	0.2	0.2857142857142857	0.75	0.0015	0.0	0.625	0.2857142857142857	0.6666666666666666	0.2	0.0	0.14285714285714285	0.0	0.0	0.0	0.0	0.3333333333333333	0.25	0.0	
Red-breasted Sapsucker	0.0015	0.0	0.0	0.0	0.0	0.0	0.25	0.0	0.0	0.0	0.0	0.0	0.0	0.0	0.0	0.0	0.0	0.0	0.0	0.0	0.0	0.0	0.0	0.0	0.0	0.0	0.0	0.0	0.0	0.0	0.0	0.0	0.0	0.0	0.0	0.0	0.0	0.0	0.0	0.0	0.0	0.0	0.0	0.0	0.0	0.0	0.0	0.0	
Downy Woodpecker	0.0	1.0	0.0	0.0	0.0	0.0	0.25	0.25	0.0	0.0	0.0	0.0	0.0	0.0	0.0	0.14285714285714285	0.0	0.0	0.0	0.1111111111111111	0.0	0.0	0.0	0.3333333333333333	0.2857142857142857	0.2	0.4	0.3333333333333333	0.18181818181818182	0.14285714285714285	0.0	0.0	0.0	0.0	0.0	0.0	0.0	0.0	0.0	0.0	0.0	0.0	0.0	0.0	0.0	0.0	0.25	0.0	
Hairy Woodpecker	0.25	0.0	0.0	0.14285714285714285	0.0	0.0	0.0	0.0	0.0	0.0	0.0	0.0	0.0	0.16666666666666666	0.0	0.07142857142857142	0.25	0.0	0.0	0.0	0.0	0.0	0.2857142857142857	0.3333333333333333	0.2857142857142857	0.1	0.2	0.36363636363636365	0.36363636363636365	0.0	0.2	0.14285714285714285	0.0	0.0	0.0	0.0	0.0	0.0	0.0	0.0	0.0	0.0	0.0	0.0	0.0	0.0	0.25	0.0	
Pileated Woodpecker	0.0	0.0	0.0	0.0	0.0	0.0	0.0	0.0	0.0	0.0	0.0	0.0	0.0	0.0	0.0	0.0	0.0	0.125	0.0015	0.0	0.0	0.0	0.0	0.0	0.0	0.1	0.0	0.09090909090909091	0.0	0.0	0.0	0.0	0.0	0.0	0.0	0.0	0.0	0.0	0.0	0.14285714285714285	0.0	0.0	0.0	0.0	0.0	0.0	0.0	0.0	
Northern Flicker	1.0	1.0	0.0	0.8571428571428571	0.0015	0.3333333333333333	0.25	0.5	0.3333333333333333	0.0	0.0	0.42857142857142855	0.5	0.5	0.2727272727272727	0.21428571428571427	0.5	0.125	0.5	0.3333333333333333	0.3333333333333333	0.0	0.42857142857142855	0.3333333333333333	0.42857142857142855	0.6	0.6	0.5151515151515151	0.36363636363636365	0.14285714285714285	0.6	0.2857142857142857	0.5	0.5714285714285714	0.5	0.5	0.5714285714285714	0.6666666666666666	0.4	0.7142857142857143	0.2857142857142857	0.0	1.0	1.0	0.0	0.6666666666666666	0.5	0.5	
American Kestrel	0.0	0.0	0.0015	0.0	0.0	0.0	0.0	0.0	0.0	0.0	0.0	0.14285714285714285	0.0	0.0	0.0	0.07142857142857142	0.0	0.0	0.0	0.1111111111111111	0.0	0.0	0.0	0.0	0.0	0.0	0.0	0.030303030303030304	0.0	0.0	0.0	0.0	0.0	0.0	0.0	0.0	0.0	0.0	0.0	0.0	0.0	0.0	0.0	0.0	0.0	0.0	0.25	0.0	
Merlin	0.0	0.0	0.0	0.0	0.0	0.0	0.0	0.0	0.0	0.0	0.0	0.14285714285714285	0.0	0.0	0.09090909090909091	0.0	0.0	0.0	0.0	0.0	0.0	0.0	0.0	0.0	0.0	0.0	0.0	0.0	0.0	0.14285714285714285	0.0	0.0	0.0	0.2857142857142857	0.0	0.125	0.0	0.0	0.0	0.0	0.0	0.0	0.0	0.0	0.0	0.0	0.0	0.0	
Peregrine Falcon	0.0	0.0	0.0	0.0	0.0	0.0	0.0	0.0	0.0	0.0	0.0	0.0	0.0	0.0	0.0	0.0	0.0	0.0	0.0	0.0	0.0	0.0	0.0	0.0	0.0	0.0	0.0	0.12121212121212122	0.0	0.0	0.4	0.0	0.0	0.0015	0.0	0.0	0.0	0.0	0.0	0.0	0.0	0.0	0.0	0.0	0.0	0.0	0.0	0.0	
falcon sp.	0.0	0.0	0.0	0.0	0.0	0.0	0.0	0.0	0.0	0.0	0.0	0.0	0.0	0.0	0.0	0.0	0.0	0.0	0.0	0.0	0.0	0.0	0.0	0.0	0.0	0.0	0.0	0.0	0.0	0.0	0.0	0.0	0.0	0.14285714285714285	0.0	0.0	0.0	0.0	0.0	0.0	0.0	0.0	0.0	0.0	0.0	0.0	0.0	0.0	
Olive-sided Flycatcher	0.0	0.0	0.0	0.0	0.0	0.0	0.0	0.0	0.0	0.0	0.0	0.0	0.0	0.0	0.0	0.0	0.0	0.25	0.5	0.5555555555555556	0.3333333333333333	0.2	0.14285714285714285	0.0	0.14285714285714285	0.1	0.4	0.45454545454545453	0.45454545454545453	0.0	0.0	0.0	0.0	0.0	0.0	0.0	0.0	0.0	0.0	0.0	0.0	0.0	0.0	0.0	0.0	0.0	0.0	0.0	
Western Wood-Pewee	0.0	0.0	0.0	0.0	0.0	0.0	0.0	0.0	0.0	0.0	0.0	0.0	0.0	0.0	0.0	0.0	0.0	0.0	0.0015	0.1111111111111111	0.3333333333333333	0.0	0.14285714285714285	0.0	0.0	0.1	0.0015	0.06060606060606061	0.0	0.0	0.0	0.0	0.0	0.0	0.0	0.0	0.0	0.0	0.0	0.0	0.0	0.0	0.0	0.0	0.0	0.0	0.0	0.0	
Willow Flycatcher	0.0	0.0	0.0	0.0	0.0	0.0	0.0	0.0	0.0	0.0	0.0	0.0	0.0	0.0	0.0	0.0	0.0	0.0	0.0	0.0	0.3333333333333333	0.0	0.0	0.0	0.0	0.0	0.0	0.18181818181818182	0.2727272727272727	0.0	0.0	0.0	0.0	0.14285714285714285	0.0	0.0	0.0	0.0	0.0	0.0	0.0	0.0	0.0	0.0	0.0	0.0	0.0	0.0	
Hammond's Flycatcher	0.0	0.0	0.0	0.0	0.0	0.0	0.0	0.0	0.0	0.0	0.0	0.0	0.0	0.0	0.0	0.0	0.0	0.0	0.0	0.0	0.0	0.0	0.14285714285714285	0.0	0.0	0.0	0.0	0.0	0.0	0.0	0.0	0.0	0.0	0.0	0.0	0.0	0.0	0.0	0.0	0.0	0.0	0.0	0.0	0.0	0.0	0.0	0.0	0.0	
Pacific-slope Flycatcher	0.0	0.0	0.0	0.0	0.0	0.0	0.0	0.0	0.0	0.0	0.0	0.0	0.0	0.0	0.0	0.07142857142857142	0.0015	0.25	0.0	0.1111111111111111	0.0	0.6	0.42857142857142855	0.6666666666666666	0.2857142857142857	0.2	0.0015	0.24242424242424243	0.0	0.0	0.2	0.14285714285714285	0.0	0.0	0.0	0.0	0.0	0.0	0.0	0.0	0.0	0.0	0.0	0.0	0.0	0.0	0.0	0.0	
Empidonax sp.	0.0	0.0	0.0	0.0	0.0	0.0	0.0	0.0	0.0	0.0	0.0	0.0	0.0	0.0	0.0	0.0	0.0	0.0	0.0	0.0	0.0	0.0	0.0	0.0	0.0	0.0	0.2	0.0	0.0	0.0	0.0	0.14285714285714285	0.0	0.0	0.0	0.0	0.0	0.0	0.0	0.0	0.0	0.0	0.0	0.0	0.0	0.0	0.0	0.0	
Hutton's Vireo	0.0	0.0	0.0	0.0	0.0	0.0	0.0	0.0	0.0	0.0	0.0	0.0	0.0	0.0	0.0	0.0	0.0	0.0	0.0	0.0	0.0	0.0	0.0	0.0	0.0	0.0	0.2	0.09090909090909091	0.0	0.14285714285714285	0.2	0.0	0.0	0.0	0.0	0.0	0.0	0.0	0.0	0.0	0.0	0.0	1.0	0.0	0.0	0.0	0.0	0.0	
Cassin's Vireo	0.0	0.0	0.0	0.0	0.0	0.0	0.0	0.0	0.0	0.0	0.0	0.0	0.0	0.0	0.0	0.0	0.0	0.0	0.0	0.0	0.0	0.0	0.0	0.0	0.0	0.0	0.0	0.0	0.0	0.0	0.0	0.0	0.0	0.14285714285714285	0.0	0.0	0.0	0.0	0.0	0.0	0.0	0.0	0.0	0.0	0.0	0.0	0.0	0.0	
Warbling Vireo	0.0	0.0	0.0	0.0	0.0	0.0	0.0	0.0	0.0	0.0	0.0	0.0	0.0	0.0	0.0	0.0	0.0	0.125	0.0	0.1111111111111111	0.0	0.0	0.0015	0.0	0.0	0.1	0.0	0.0	0.09090909090909091	0.0	0.0	0.14285714285714285	0.0	0.0	0.0	0.0	0.0	0.0	0.0	0.0	0.0	0.0	0.0	0.0	0.0	0.0	0.0	0.0	
vireo sp.	0.0	0.0	0.0	0.0	0.0	0.0	0.0	0.0	0.0	0.0	0.0	0.0	0.0	0.0	0.0	0.0	0.0	0.0	0.0	0.0	0.0	0.0	0.0	0.0	0.0	0.0	0.0	0.0	0.0	0.0	0.0	0.0	0.0	0.0	0.0	0.0	0.0	0.0	0.0	0.14285714285714285	0.0	0.0	0.0	0.0	0.0	0.0	0.0	0.0	
Steller's Jay	0.0	0.0	0.0	0.14285714285714285	0.0	0.0	0.0	0.0	0.0	0.2	0.0	0.0	0.0	0.16666666666666666	0.0	0.0	0.0	0.0	0.0	0.1111111111111111	0.3333333333333333	0.0	0.0	0.0	0.14285714285714285	0.0015	0.2	0.030303030303030304	0.0	0.0	0.0	0.2857142857142857	0.0	0.0	0.0	0.125	0.0015	0.0	0.0	0.0	0.0	0.0	1.0	0.0	0.0	0.0	0.0	0.0	
American Crow	0.25	0.0	0.0015	0.5714285714285714	0.0	0.3333333333333333	0.25	0.0	0.0	0.2	0.0	0.14285714285714285	0.5	0.16666666666666666	0.36363636363636365	0.35714285714285715	0.25	0.5	0.25	0.5555555555555556	1.0	0.4	0.8571428571428571	0.3333333333333333	0.42857142857142855	0.6	0.4	0.48484848484848486	0.09090909090909091	0.2857142857142857	0.2	0.42857142857142855	0.5	0.42857142857142855	0.5	0.5	0.14285714285714285	0.3333333333333333	0.0	0.42857142857142855	0.14285714285714285	0.3333333333333333	1.0	0.5	0.0	0.0	0.25	0.0	
Northwestern Crow	0.0	0.0	0.5	0.14285714285714285	0.0	0.0015	0.0	0.0	0.0	0.2	0.0	0.2857142857142857	0.0	0.3333333333333333	0.36363636363636365	0.2857142857142857	0.0	0.125	0.5	0.1111111111111111	0.0	0.0	0.14285714285714285	0.0015	0.14285714285714285	0.2	0.0	0.030303030303030304	0.09090909090909091	0.0	0.2	0.14285714285714285	0.5	0.2857142857142857	0.0	0.375	0.14285714285714285	0.0	0.2	0.0	0.2857142857142857	0.0	0.0	0.0	0.0	0.3333333333333333	0.0	0.25	
American/Northwestern Crow	0.25	0.0	0.0	0.0	0.0	0.3333333333333333	0.25	0.5	0.3333333333333333	0.2	0.0	0.2857142857142857	0.0	0.16666666666666666	0.09090909090909091	0.07142857142857142	0.5	0.25	0.25	0.0	0.3333333333333333	0.2	0.14285714285714285	0.3333333333333333	0.14285714285714285	0.1	0.2	0.42424242424242425	0.18181818181818182	0.0	0.2	0.0	0.375	0.0015	0.0	0.0	0.14285714285714285	0.0	0.0	0.0	0.14285714285714285	0.0	0.0	0.5	1.0	0.3333333333333333	0.25	0.25	
Common Raven	0.5	0.0	0.5	0.42857142857142855	0.0	0.0	0.0	0.25	0.0	0.0	0.0	0.14285714285714285	0.5	0.3333333333333333	0.09090909090909091	0.07142857142857142	0.25	0.125	0.0015	0.0	0.0	0.0	0.0	0.6666666666666666	0.0	0.0	0.0	0.24242424242424243	0.18181818181818182	0.0	0.2	0.42857142857142855	0.375	0.0015	0.5	0.0	0.2857142857142857	0.0	0.4	0.5714285714285714	0.14285714285714285	0.3333333333333333	0.0	0.0	0.0	0.6666666666666666	1.0	0.25	
Northern Rough-winged Swallow	0.0	0.0	0.0	0.0	0.0	0.0	0.0	0.0	0.0	0.0	0.0	0.0	0.0	0.16666666666666666	0.09090909090909091	0.0	0.0	0.125	0.25	0.1111111111111111	0.3333333333333333	0.0	0.14285714285714285	0.0015	0.0	0.0	0.0	0.030303030303030304	0.0	0.0	0.0	0.0	0.0	0.0	0.0	0.0	0.0	0.0	0.0	0.0	0.0	0.0	0.0	0.0	0.0	0.0	0.0	0.0	
Purple Martin	0.0	0.0	0.0	0.0	0.0	0.0	0.0	0.0	0.0	0.0	0.0	0.0	0.0	0.0	0.0	0.0	0.25	0.0	0.0	0.0	0.0	0.0	0.14285714285714285	0.0	0.2857142857142857	0.2	0.0	0.15151515151515152	0.0	0.0	0.0	0.0	0.0	0.0	0.0	0.0	0.0	0.0	0.0	0.0	0.0	0.0	0.0	0.0	0.0	0.0	0.0	0.0	
Tree Swallow	0.0	0.0	0.0	0.0	0.0	0.0	0.0	0.0	0.0015	0.0	0.0	0.2857142857142857	0.5	0.3333333333333333	0.2727272727272727	0.07142857142857142	0.5	0.125	0.25	0.2222222222222222	0.3333333333333333	0.2	0.2857142857142857	0.3333333333333333	0.2857142857142857	0.2	0.2	0.12121212121212122	0.0	0.14285714285714285	0.0	0.0	0.0	0.0	0.0	0.0	0.0	0.0	0.0	0.0	0.0	0.0	0.0	0.0	0.0	0.0	0.0	0.0	
Violet-green Swallow	0.0	0.0	0.0	0.0	0.0	0.0	0.0	0.0	0.0	0.2	0.0	0.0	0.5	0.5	0.6363636363636364	0.35714285714285715	1.0	0.625	0.75	0.7777777777777778	1.0	0.2	0.2857142857142857	0.6666666666666666	0.5714285714285714	0.3	0.0	0.30303030303030304	0.09090909090909091	0.14285714285714285	0.2	0.0	0.0	0.0015	0.0	0.0	0.0	0.0	0.0	0.0	0.0	0.0	0.0	0.0	0.0	0.0	0.0	0.0	
Barn Swallow	0.0	0.0	0.0	0.0	0.0	0.0	0.0	0.0	0.0	0.0	0.0	0.0	0.0	0.0	0.6363636363636364	0.35714285714285715	1.0	1.0	0.75	0.8888888888888888	0.6666666666666666	0.4	0.8571428571428571	1.0	0.7142857142857143	0.8	0.6	0.7878787878787878	0.45454545454545453	0.5714285714285714	1.0	0.7142857142857143	0.75	0.2857142857142857	0.0	0.0	0.0	0.0	0.0	0.0	0.0	0.0	0.0	0.0	0.0	0.0	0.0	0.0	
Cliff Swallow	0.0	0.0	0.0	0.0	0.0	0.0	0.0	0.0	0.0	0.0	0.0	0.0	0.0	0.16666666666666666	0.09090909090909091	0.07142857142857142	0.0	0.125	0.25	0.2222222222222222	0.3333333333333333	0.0015	0.2857142857142857	0.6666666666666666	0.2857142857142857	0.3	0.4	0.5151515151515151	0.18181818181818182	0.0	0.0	0.0	0.0	0.0	0.0	0.0	0.0	0.0	0.0	0.0	0.0	0.0	0.0	0.0	0.0	0.0	0.0	0.0	
swallow sp.	0.0	0.0	0.0	0.0	0.0	0.0	0.0	0.0	0.0	0.0	0.0	0.0	0.0	0.0	0.0	0.07142857142857142	0.0	0.0	0.0	0.0	0.0	0.0	0.14285714285714285	0.0	0.0	0.0	0.0	0.0	0.0	0.0	0.0	0.0	0.25	0.0	0.0	0.0	0.0	0.0	0.0	0.0	0.0	0.0	0.0	0.0	0.0	0.0	0.0	0.0	
Black-capped Chickadee	0.5	1.0	0.0	0.5714285714285714	0.0	0.0	0.0	0.0	0.0	0.2	0.0	0.0	0.0	0.3333333333333333	0.09090909090909091	0.21428571428571427	0.0	0.0	0.25	0.1111111111111111	0.3333333333333333	0.0	0.0	0.0	0.2857142857142857	0.1	0.2	0.36363636363636365	0.18181818181818182	0.14285714285714285	0.2	0.2857142857142857	0.25	0.42857142857142855	0.5	0.125	0.2857142857142857	0.0	0.0	0.14285714285714285	0.14285714285714285	0.0015	1.0	0.0	0.0	0.3333333333333333	0.5	0.0	
Chestnut-backed Chickadee	0.5	0.0	0.0	0.2857142857142857	0.0015	0.0	0.5	0.25	0.0	0.0	0.0	0.14285714285714285	0.0015	0.3333333333333333	0.45454545454545453	0.14285714285714285	0.25	0.5	0.25	0.2222222222222222	0.0	0.4	0.2857142857142857	0.6666666666666666	0.2857142857142857	0.4	0.2	0.6666666666666666	0.45454545454545453	0.14285714285714285	0.2	0.5714285714285714	0.25	0.42857142857142855	0.0	0.25	0.42857142857142855	0.0	0.2	0.7142857142857143	0.2857142857142857	0.3333333333333333	1.0	0.5	0.0	0.0	0.25	0.0	
chickadee sp.	0.0	0.0	0.0	0.0	0.0	0.0	0.0	0.0	0.0	0.0	0.0	0.0	0.0	0.0	0.0	0.0	0.0	0.0	0.0	0.0	0.0	0.0	0.14285714285714285	0.0	0.0	0.0	0.0	0.0	0.0	0.0	0.0	0.0	0.0	0.0	0.0	0.0	0.0	0.0	0.0	0.0	0.0	0.0	0.0	0.0	0.0	0.0	0.0	0.25	
Bushtit	0.25	0.0	0.0	0.14285714285714285	0.0	0.0	0.0	0.0	0.0	0.0	0.0	0.0	0.0	0.0	0.0	0.07142857142857142	0.0	0.125	0.0	0.1111111111111111	0.0	0.0	0.0	0.3333333333333333	0.2857142857142857	0.0	0.2	0.2727272727272727	0.09090909090909091	0.0	0.2	0.14285714285714285	0.125	0.0	0.0	0.0	0.14285714285714285	0.0	0.0	0.14285714285714285	0.0	0.0	1.0	0.0	0.0	0.3333333333333333	0.0	0.0	
Red-breasted Nuthatch	0.5	0.0	0.0	0.0	0.0	0.0	0.25	0.5	0.0	0.0	0.0	0.0	0.0	0.0015	0.0	0.14285714285714285	0.0	0.0	0.0	0.2222222222222222	0.3333333333333333	0.2	0.0	0.3333333333333333	0.2857142857142857	0.5	0.6	0.5454545454545454	0.2727272727272727	0.14285714285714285	0.2	0.2857142857142857	0.0	0.2857142857142857	0.5	0.125	0.14285714285714285	0.0	0.0	0.7142857142857143	0.0	0.0	0.0	0.5	0.0	0.3333333333333333	0.0	0.0015	
Brown Creeper	0.0	0.0	0.0	0.14285714285714285	0.0	0.0	0.0	0.0	0.0	0.0	0.0	0.0	0.0	0.0	0.09090909090909091	0.14285714285714285	0.25	0.125	0.0	0.0	0.0	0.0	0.0	0.3333333333333333	0.14285714285714285	0.4	0.4	0.30303030303030304	0.18181818181818182	0.0	0.2	0.0	0.0	0.42857142857142855	0.0	0.0	0.2857142857142857	0.0	0.2	0.7142857142857143	0.0	0.3333333333333333	1.0	0.0	0.0	0.0	0.25	0.0	
House Wren	0.0	0.0	0.0	0.0	0.0	0.0	0.0	0.0	0.0	0.0	0.0	0.0	0.0	0.0	0.2727272727272727	0.07142857142857142	0.25	0.25	0.5	0.3333333333333333	0.0	0.2	0.42857142857142855	1.0	0.14285714285714285	0.3	0.4	0.24242424242424243	0.0	0.0	0.0	0.0015	0.0	0.0	0.0	0.0	0.0	0.0	0.0	0.0	0.0	0.0	0.0	0.0	0.0	0.0	0.0	0.0	
Pacific Wren	0.75	1.0	0.0	0.14285714285714285	0.0	0.0	0.25	0.5	0.0	0.0	0.0	0.42857142857142855	0.5	0.3333333333333333	0.45454545454545453	0.5	0.25	0.125	0.0	0.1111111111111111	0.0	0.2	0.42857142857142855	0.6666666666666666	0.14285714285714285	0.2	0.4	0.36363636363636365	0.2727272727272727	0.0	0.2	0.14285714285714285	0.0	0.14285714285714285	0.0	0.25	0.14285714285714285	0.0	0.6	0.5714285714285714	0.2857142857142857	0.0	1.0	0.0015	0.0	0.6666666666666666	0.5	0.5	
Marsh Wren	0.0	0.0	0.0	0.14285714285714285	0.0	0.0	0.0	0.0	0.0	0.2	0.0	0.0	0.0	0.0	0.0	0.21428571428571427	0.0	0.0	0.0	0.1111111111111111	0.0	0.0	0.0	0.0	0.0	0.0	0.0	0.15151515151515152	0.09090909090909091	0.0	0.0	0.0	0.0	0.0	0.0	0.0	0.0	0.0	0.0	0.0	0.14285714285714285	0.0	0.0	0.0	0.0	0.0	0.0	0.0	
Bewick's Wren	0.0	1.0	0.0	0.14285714285714285	0.0	0.0	0.25	0.5	0.0	0.0	0.0	0.14285714285714285	0.0	0.0	0.2727272727272727	0.21428571428571427	0.25	0.125	0.0015	0.3333333333333333	0.0	0.0	0.14285714285714285	0.3333333333333333	0.14285714285714285	0.5	0.4	0.5757575757575758	0.18181818181818182	0.2857142857142857	0.2	0.2857142857142857	0.125	0.14285714285714285	0.5	0.0	0.14285714285714285	0.3333333333333333	0.0	0.14285714285714285	0.14285714285714285	0.3333333333333333	1.0	0.0	0.0	0.0	0.25	0.25	
wren sp.	0.0	0.0	0.0	0.0	0.0	0.0	0.0	0.0	0.0	0.0	0.0	0.0	0.0	0.0	0.0	0.0	0.0	0.0	0.0	0.0	0.0	0.0	0.0	0.0	0.0	0.0	0.0	0.0	0.0	0.0	0.0	0.0	0.0	0.0	0.0	0.125	0.0	0.0	0.0	0.0	0.0	0.0	0.0	0.0	0.0	0.0	0.0	0.0	
Golden-crowned Kinglet	0.75	0.0	0.0	0.42857142857142855	0.0	0.3333333333333333	0.0	0.0	0.0	0.0	0.0	0.2857142857142857	0.5	0.3333333333333333	0.18181818181818182	0.14285714285714285	0.0	0.125	0.0	0.2222222222222222	0.0	0.0	0.14285714285714285	0.3333333333333333	0.14285714285714285	0.2	0.4	0.36363636363636365	0.36363636363636365	0.14285714285714285	0.2	0.2857142857142857	0.0	0.14285714285714285	0.0	0.125	0.42857142857142855	0.0	0.4	0.8571428571428571	0.2857142857142857	0.3333333333333333	0.0	0.5	0.0	0.3333333333333333	0.5	0.25	
Ruby-crowned Kinglet	0.25	1.0	0.0	0.14285714285714285	0.0	0.3333333333333333	0.25	0.0	0.0	0.0	0.0	0.14285714285714285	0.0015	0.16666666666666666	0.0	0.07142857142857142	0.0	0.0	0.0015	0.0	0.0	0.0	0.0	0.0	0.0	0.0	0.0	0.0	0.0	0.0	0.0	0.0	0.0	0.14285714285714285	0.0	0.0	0.14285714285714285	0.0	0.0	0.2857142857142857	0.14285714285714285	0.3333333333333333	0.0	0.5	0.0	0.3333333333333333	0.0	0.25	
Varied Thrush	0.0015	0.0	0.0	0.0	0.0	0.0	0.0	0.25	0.0	0.0	0.0	0.0	0.0	0.0	0.0	0.0	0.0	0.0	0.0015	0.0	0.0	0.0	0.0	0.0	0.0	0.0	0.0	0.0	0.0	0.0	0.0	0.0	0.0	0.0	0.0	0.0	0.0	0.0	0.0	0.14285714285714285	0.0	0.0	1.0	0.0	0.0	0.3333333333333333	0.5	0.0	
Swainson's Thrush	0.0	0.0	0.0	0.0	0.0	0.0	0.0	0.0	0.0	0.0	0.0	0.0	0.0	0.0	0.0	0.0	0.0	0.0	0.25	0.1111111111111111	0.3333333333333333	0.2	0.42857142857142855	0.3333333333333333	0.14285714285714285	0.7	0.0	0.15151515151515152	0.09090909090909091	0.0	0.0	0.0	0.0	0.0015	0.0	0.0	0.0	0.0	0.0	0.0	0.0	0.0	0.0	0.0	0.0	0.0	0.0	0.0	
Hermit Thrush	0.0015	0.0	0.0	0.0	0.0	0.0	0.0	0.0	0.0	0.0	0.0	0.0	0.0	0.16666666666666666	0.0	0.0	0.0	0.0	0.0	0.0	0.0	0.0	0.0	0.0	0.0	0.0	0.0	0.0	0.0	0.0	0.0	0.0	0.0	0.0	0.0	0.125	0.0	0.0	0.0	0.0	0.0	0.0	0.0	0.0	0.0	0.0	0.25	0.0	
American Robin	0.75	0.0	0.0	0.8571428571428571	0.0	0.0015	0.5	0.25	0.0	0.8	0.0	0.5714285714285714	1.0	0.5	0.5454545454545454	0.9285714285714286	1.0	0.875	1.0	0.7777777777777778	0.6666666666666666	0.6	1.0	1.0	0.7142857142857143	0.8	0.6	0.7575757575757576	0.36363636363636365	0.14285714285714285	0.6	0.7142857142857143	0.5	0.7142857142857143	0.0	0.375	0.7142857142857143	0.3333333333333333	0.2	0.2857142857142857	0.14285714285714285	0.0015	1.0	0.5	0.0	0.6666666666666666	0.25	0.5	
European Starling	0.25	0.0	0.0	0.2857142857142857	0.0	0.0015	0.25	0.0	0.0	0.4	0.0	0.42857142857142855	0.5	0.5	0.5454545454545454	0.5714285714285714	1.0	0.75	1.0	0.7777777777777778	0.6666666666666666	0.4	0.2857142857142857	0.6666666666666666	0.5714285714285714	0.4	0.6	0.5757575757575758	0.2727272727272727	0.2857142857142857	0.4	0.7142857142857143	0.625	0.14285714285714285	0.0	0.25	0.14285714285714285	0.0	0.2	0.0	0.14285714285714285	0.0	1.0	0.0	0.0	0.3333333333333333	0.25	0.0	
American Pipit	0.0	0.0	0.0	0.0	0.0	0.0	0.0	0.0	0.0	0.0	0.0	0.0	0.0	0.0	0.0	0.0015	0.0	0.0	0.0	0.0	0.0	0.0	0.0	0.0	0.0	0.0	0.0	0.0	0.0	0.0	0.0	0.0	0.0	0.0	0.0	0.125	0.0	0.0	0.0	0.0	0.0	0.0	0.0	0.0	0.0	0.0	0.0	0.25	
Cedar Waxwing	0.0	0.0	0.0	0.0	0.0	0.0	0.0	0.0	0.0	0.0	0.0	0.0	0.0	0.0	0.0	0.07142857142857142	0.0	0.0	0.0	0.2222222222222222	0.3333333333333333	0.2	0.2857142857142857	0.3333333333333333	0.14285714285714285	0.1	0.0	0.5454545454545454	0.36363636363636365	0.2857142857142857	0.2	0.14285714285714285	0.125	0.14285714285714285	0.0	0.0	0.0	0.0	0.0	0.0	0.0	0.0015	0.0	0.0	0.0	0.0	0.0	0.0	
Evening Grosbeak	0.0	0.0	0.0	0.0	0.0	0.0	0.0	0.0	0.0	0.0	0.0	0.0	0.0	0.0	0.0	0.0	0.0	0.0	0.0	0.0	0.0	0.0	0.0	0.0	0.0	0.1	0.0	0.0	0.0	0.0	0.0	0.0	0.0	0.0	0.5	0.0	0.0	0.0	0.0	0.0	0.0	0.0	0.0	0.0	0.0	0.0	0.0	0.0	
House Finch	0.25	1.0	0.0	0.2857142857142857	0.0	0.0	0.0	0.0	0.0	0.2	0.0	0.14285714285714285	0.0	0.16666666666666666	0.18181818181818182	0.2857142857142857	0.25	0.375	0.5	0.3333333333333333	0.3333333333333333	0.2	0.2857142857142857	1.0	0.42857142857142855	0.2	0.2	0.3939393939393939	0.18181818181818182	0.0	0.2	0.14285714285714285	0.25	0.14285714285714285	0.0	0.125	0.0	0.3333333333333333	0.2	0.0	0.14285714285714285	0.0	1.0	0.0	0.0	0.6666666666666666	0.0	0.0015	
Purple Finch	0.25	0.0	0.0	0.0	0.0	0.0	0.0	0.0	0.0	0.0	0.0	0.14285714285714285	0.0	0.3333333333333333	0.2727272727272727	0.21428571428571427	0.25	0.25	0.0	0.0015	0.0	0.2	0.2857142857142857	0.3333333333333333	0.2857142857142857	0.3	0.2	0.24242424242424243	0.09090909090909091	0.2857142857142857	0.0	0.0	0.125	0.0	0.0	0.0	0.14285714285714285	0.0	0.4	0.0	0.0	0.0	0.0	0.0	0.0	0.3333333333333333	0.0	0.0	
Red Crossbill	0.5	0.0	0.0	0.14285714285714285	0.0	0.0	0.25	0.0	0.0	0.0	0.0	0.0	0.0	0.0	0.0	0.0	0.0	0.0	0.25	0.1111111111111111	0.0	0.0	0.14285714285714285	0.0	0.0	0.1	0.0	0.15151515151515152	0.09090909090909091	0.0	0.0	0.0	0.0	0.0	0.5	0.0	0.14285714285714285	0.0	0.0	0.0	0.14285714285714285	0.3333333333333333	0.0	0.0	0.0	0.3333333333333333	0.0	0.0	
Pine Siskin	0.5	0.0	0.0	0.0	0.0	0.0	0.0	0.0	0.0	0.0	0.0	0.0	0.0	0.16666666666666666	0.09090909090909091	0.07142857142857142	0.25	0.375	0.0	0.2222222222222222	0.0	0.0	0.0	0.3333333333333333	0.0	0.2	0.0	0.3333333333333333	0.09090909090909091	0.0	0.2	0.0	0.0	0.0	0.0	0.0	0.0	0.0	0.0	0.0	0.0	0.0	0.0	0.0	0.0	0.3333333333333333	0.0	0.0	
American Goldfinch	0.25	0.0	0.0	0.14285714285714285	0.0	0.0	0.0	0.0	0.0	0.0	0.0	0.0	0.0	0.0	0.09090909090909091	0.21428571428571427	0.5	0.75	1.0	0.6666666666666666	0.6666666666666666	0.0	0.5714285714285714	0.3333333333333333	0.42857142857142855	0.6	0.6	0.6060606060606061	0.2727272727272727	0.5714285714285714	0.4	0.42857142857142855	0.25	0.0	0.5	0.125	0.14285714285714285	0.0	0.0	0.5714285714285714	0.0	0.0	0.0	0.0	0.0	0.0	0.0	0.0	
Chipping Sparrow	0.0	0.0	0.0	0.0	0.0	0.0	0.0	0.0	0.0	0.0	0.0	0.0	0.0	0.0	0.09090909090909091	0.0	0.0	0.0	0.0	0.0	0.0	0.0	0.0	0.0	0.0	0.0	0.2	0.0	0.0	0.14285714285714285	0.0	0.0	0.0	0.0	0.0	0.0	0.0	0.0	0.0	0.0	0.0	0.0	0.0	0.0	0.0	0.0	0.0	0.0	
Fox Sparrow	0.5	0.0	0.0	0.2857142857142857	0.0	0.0	0.0	0.0	0.0	0.0	0.0	0.0	0.0	0.3333333333333333	0.0	0.0	0.0	0.125	0.0	0.0	0.0	0.0	0.0	0.0	0.0	0.0	0.0	0.0	0.0	0.0	0.0	0.0	0.25	0.0015	0.0	0.125	0.2857142857142857	0.0	0.2	0.14285714285714285	0.2857142857142857	0.0	1.0	0.0015	0.0	0.6666666666666666	0.25	0.75	
Dark-eyed Junco	0.75	0.0	0.0	0.2857142857142857	0.0	0.0015	0.0	0.25	0.0	0.4	0.0	0.2857142857142857	0.0	0.6666666666666666	0.18181818181818182	0.35714285714285715	0.5	0.25	0.5	0.4444444444444444	0.3333333333333333	0.0	0.14285714285714285	0.6666666666666666	0.42857142857142855	0.4	0.4	0.3333333333333333	0.2727272727272727	0.0	0.2	0.2857142857142857	0.375	0.5714285714285714	0.0	0.375	0.5714285714285714	0.0	0.4	0.14285714285714285	0.14285714285714285	0.0	1.0	0.5	0.0	0.6666666666666666	0.25	0.25	
White-crowned Sparrow	0.25	0.0	0.0	0.42857142857142855	0.0	0.3333333333333333	0.0	0.0	0.0	0.0	0.0	0.2857142857142857	0.5	0.3333333333333333	0.7272727272727273	0.7857142857142857	0.75	0.875	1.0	1.0	1.0	0.6	1.0	0.6666666666666666	0.7142857142857143	0.8	0.4	0.7575757575757576	0.6363636363636364	0.8571428571428571	0.4	0.5714285714285714	0.875	0.42857142857142855	0.5	0.625	0.14285714285714285	0.6666666666666666	0.6	0.0	0.2857142857142857	0.3333333333333333	1.0	0.5	0.0	0.6666666666666666	0.75	0.25	
Golden-crowned Sparrow	0.5	1.0	0.0	0.42857142857142855	0.0	0.3333333333333333	0.25	0.25	0.0	0.2	0.0	0.14285714285714285	0.5	0.3333333333333333	0.36363636363636365	0.21428571428571427	0.25	0.125	0.0	0.0	0.0	0.0	0.0	0.0	0.0	0.0	0.0	0.0	0.0	0.0	0.0	0.0	0.0	0.0015	0.0	0.25	0.42857142857142855	0.6666666666666666	0.4	0.5714285714285714	0.5714285714285714	0.3333333333333333	1.0	0.5	0.0	0.6666666666666666	0.75	0.25	
White-throated Sparrow	0.0	0.0	0.0	0.0	0.0	0.0	0.0	0.0	0.0	0.0	0.0	0.0	0.0	0.0	0.0	0.0	0.0	0.0	0.0	0.0	0.0	0.0	0.0	0.0	0.0	0.0	0.0	0.0	0.0	0.0	0.0	0.0	0.0	0.0	0.0	0.0	0.0	0.0	0.0	0.0	0.0	0.0	0.0	0.0	0.0	0.0	0.0015	0.0	
Zonotrichia sp.	0.0	0.0	0.0	0.0	0.0	0.0	0.0	0.0	0.0	0.0	0.0	0.0	0.0	0.0	0.0	0.0	0.0	0.0	0.0	0.0	0.0	0.0	0.0	0.0	0.0	0.0	0.0	0.0	0.0	0.0	0.0	0.0	0.0	0.0015	0.0	0.0	0.0	0.0	0.0	0.0	0.0	0.0	0.0	0.0	0.0	0.0	0.0	0.25	
Savannah Sparrow	0.0	0.0	0.0	0.0	0.0	0.0	0.0	0.0	0.0015	0.2	0.0	0.0	0.5	0.16666666666666666	0.18181818181818182	0.35714285714285715	0.5	0.625	0.5	0.6666666666666666	1.0	0.2	0.2857142857142857	0.3333333333333333	0.42857142857142855	0.1	0.4	0.30303030303030304	0.18181818181818182	0.2857142857142857	0.0	0.2857142857142857	0.125	0.14285714285714285	0.5	0.125	0.14285714285714285	0.0	0.0	0.0	0.0	0.0	0.0	0.0	0.0	0.0	0.0	0.0	
Song Sparrow	0.25	0.0	0.0	0.42857142857142855	0.0	0.3333333333333333	0.25	0.25	0.3333333333333333	0.4	0.0	0.42857142857142855	0.5	0.16666666666666666	0.18181818181818182	0.42857142857142855	0.25	0.5	0.75	0.8888888888888888	0.6666666666666666	0.2	0.42857142857142855	0.3333333333333333	0.2857142857142857	0.3	0.4	0.45454545454545453	0.18181818181818182	0.2857142857142857	0.0	0.0	0.25	0.0015	0.0	0.375	0.2857142857142857	0.0	0.8	0.0	0.2857142857142857	0.3333333333333333	1.0	0.0	0.0	0.6666666666666666	0.75	0.0015	
Lincoln's Sparrow	0.0015	0.0	0.0	0.0	0.0	0.0	0.0	0.0	0.0	0.0	0.0	0.0	0.0	0.0	0.0	0.0	0.0	0.125	0.0	0.0	0.0	0.0	0.0	0.0	0.0	0.0	0.0	0.0	0.0	0.0	0.0	0.0	0.0	0.0	0.0	0.0	0.0	0.0	0.0	0.0	0.0	0.0	0.0	0.0	0.0	0.3333333333333333	0.0	0.0	
Spotted Towhee	0.5	1.0	0.0	0.14285714285714285	0.0	0.3333333333333333	0.25	0.0	0.0	0.0	0.0	0.14285714285714285	0.5	0.16666666666666666	0.18181818181818182	0.42857142857142855	0.25	0.375	0.25	0.7777777777777778	1.0	0.6	0.42857142857142855	0.6666666666666666	0.42857142857142855	0.6	0.2	0.6060606060606061	0.36363636363636365	0.14285714285714285	0.2	0.2857142857142857	0.5	0.2857142857142857	0.0	0.25	0.42857142857142855	0.3333333333333333	0.2	0.42857142857142855	0.14285714285714285	0.0	1.0	0.5	0.0	0.3333333333333333	0.25	0.75	
sparrow sp.	0.0	0.0	0.0	0.0	0.0	0.0	0.0	0.0	0.0	0.0	0.0	0.0	0.0	0.0	0.0	0.0	0.0	0.0	0.0	0.0	0.0	0.0	0.0	0.0	0.0	0.0	0.0	0.0	0.0	0.0	0.2	0.0	0.0	0.0015	0.0	0.0	0.0	0.0	0.0	0.0	0.0	0.0	0.0	0.0	0.0	0.0	0.25	0.0	
Western Meadowlark	0.0	0.0	0.0	0.0	0.0	0.0015	0.0	0.0	0.0	0.0	0.0	0.0	0.0	0.0	0.0	0.0	0.0	0.0	0.0	0.0	0.0	0.0	0.0	0.0	0.0	0.0	0.0	0.0	0.0	0.0	0.0	0.0	0.0	0.0	0.0	0.0	0.0	0.0	0.0	0.0	0.14285714285714285	0.0	0.0	0.0	0.0	0.0	0.0	0.0	
Red-winged Blackbird	0.0	1.0	0.0	0.2857142857142857	0.0	0.0	0.0	0.0	0.0	0.2	0.0	0.0	0.5	0.5	0.6363636363636364	0.35714285714285715	0.0	0.75	0.5	0.5555555555555556	0.6666666666666666	0.2	0.5714285714285714	0.3333333333333333	0.42857142857142855	0.3	0.2	0.030303030303030304	0.09090909090909091	0.14285714285714285	0.0	0.0	0.0	0.0	0.0	0.25	0.0	0.0	0.0	0.0	0.0	0.0	0.0	0.0	0.0	0.0	0.0	0.0	
Brown-headed Cowbird	0.0	0.0	0.0	0.0	0.0	0.0	0.0	0.0	0.0	0.0	0.0	0.0	0.0	0.0	0.09090909090909091	0.07142857142857142	0.5	0.75	0.0	0.4444444444444444	0.3333333333333333	0.4	0.42857142857142855	0.3333333333333333	0.14285714285714285	0.2	0.4	0.15151515151515152	0.0	0.14285714285714285	0.6	0.0	0.0	0.0015	0.0	0.0	0.0	0.0	0.0	0.0	0.0	0.0	0.0	0.0	0.0	0.0	0.0	0.0	
Brewer's Blackbird	0.0	0.0	0.0	0.14285714285714285	0.0	0.0015	0.0	0.0	0.0	0.0	0.0	0.14285714285714285	0.0	0.0	0.0	0.07142857142857142	0.25	0.25	0.25	0.3333333333333333	0.0	0.2	0.0015	0.0	0.2857142857142857	0.2	0.4	0.15151515151515152	0.0	0.42857142857142855	0.2	0.2857142857142857	0.625	0.14285714285714285	0.0	0.125	0.14285714285714285	0.0	0.0	0.0	0.14285714285714285	0.0	1.0	0.0	0.0	0.0	0.25	0.0	
Orange-crowned Warbler	0.0	0.0	0.0	0.0	0.0	0.0	0.0	0.0	0.0	0.0	0.0	0.14285714285714285	0.0	0.3333333333333333	0.6363636363636364	0.21428571428571427	0.5	0.5	0.25	0.2222222222222222	0.0	0.4	0.42857142857142855	0.3333333333333333	0.42857142857142855	0.3	0.0	0.3939393939393939	0.09090909090909091	0.0	0.2	0.0	0.0	0.5714285714285714	0.0	0.0	0.0	0.0	0.0	0.0	0.0	0.0	0.0	0.0	0.0	0.0	0.0	0.0	
Common Yellowthroat	0.0	0.0	0.0	0.0	0.0	0.0	0.0	0.0	0.0	0.0	0.0	0.0	0.0	0.0	0.0	0.14285714285714285	0.0	0.0	0.0	0.1111111111111111	0.0	0.0	0.0	0.0	0.0	0.0	0.0	0.18181818181818182	0.09090909090909091	0.14285714285714285	0.0	0.0	0.0	0.0	0.0	0.0	0.0	0.0	0.0	0.0	0.0	0.0	0.0	0.0	0.0	0.0	0.0	0.0	
Yellow Warbler	0.0	0.0	0.0	0.0	0.0	0.0	0.0	0.0	0.0	0.0	0.0	0.0	0.0	0.0	0.0	0.07142857142857142	0.0	0.125	0.0	0.1111111111111111	0.0	0.2	0.0	0.0	0.0	0.0	0.0	0.06060606060606061	0.09090909090909091	0.0	0.0	0.14285714285714285	0.0	0.0	0.0	0.0	0.0	0.0	0.0	0.0	0.0	0.0	0.0	0.0	0.0	0.0	0.0	0.0	
Yellow-rumped Warbler	0.0	0.0	0.0	0.0	0.0	0.0	0.0	0.0	0.0	0.0	0.0	0.14285714285714285	0.5	0.3333333333333333	0.2727272727272727	0.0015	0.25	0.25	0.25	0.2222222222222222	0.3333333333333333	0.0	0.0	0.3333333333333333	0.42857142857142855	0.4	0.4	0.3333333333333333	0.18181818181818182	0.14285714285714285	0.2	0.42857142857142855	0.25	0.42857142857142855	0.0	0.0	0.14285714285714285	0.0	0.0	0.0	0.0	0.0	0.0	0.0	0.0	0.0	0.0	0.0	
Black-throated Gray Warbler	0.0	0.0	0.0	0.0	0.0	0.0	0.0	0.0	0.0	0.0	0.0	0.0	0.0	0.0	0.0	0.0	0.0	0.0	0.0	0.1111111111111111	0.0	0.0	0.0	0.0	0.0	0.0	0.0	0.06060606060606061	0.0	0.0	0.0	0.0	0.0	0.14285714285714285	0.0	0.0	0.0	0.0	0.0	0.0	0.0	0.0	0.0	0.0	0.0	0.0	0.0	0.0	
Townsend's Warbler	0.0	0.0	0.0	0.0	0.0	0.0	0.0	0.0	0.0	0.0	0.0	0.0	0.0	0.0	0.0	0.0	0.0	0.0	0.0	0.0	0.0	0.0	0.0	0.0	0.0	0.0015	0.2	0.12121212121212122	0.09090909090909091	0.0	0.2	0.0	0.0	0.0	0.0	0.0	0.14285714285714285	0.0	0.0	0.0	0.0	0.0	0.0	0.0	0.0	0.0	0.0	0.0	
Black-throated Gray/Townsend's Warbler	0.0	0.0	0.0	0.0	0.0	0.0	0.0	0.0	0.0	0.0	0.0	0.0	0.0	0.0	0.0	0.0	0.0	0.0	0.0	0.0	0.0	0.0	0.0	0.0	0.0	0.0	0.0	0.0	0.0	0.0	0.0	0.0	0.0	0.0015	0.0	0.0	0.0	0.0	0.0	0.0	0.0	0.0	0.0	0.0	0.0	0.0	0.0	0.0	
Wilson's Warbler	0.0	0.0	0.0	0.0	0.0	0.0	0.0	0.0	0.0	0.0	0.0	0.0	0.0	0.0	0.0	0.07142857142857142	0.25	0.125	0.25	0.1111111111111111	0.0	0.0	0.0	0.0	0.0	0.0	0.0	0.12121212121212122	0.09090909090909091	0.0	0.2	0.0	0.0	0.2857142857142857	0.0	0.0	0.0	0.0	0.0	0.0	0.0	0.0	0.0	0.0	0.0	0.0	0.0	0.0	
warbler sp. (Parulidae sp.)	0.0	0.0	0.0	0.0	0.0	0.0	0.0	0.0	0.0	0.0	0.0	0.0	0.0	0.0	0.0	0.0	0.0	0.0	0.0	0.0	0.0	0.0	0.0	0.0	0.0	0.0	0.2	0.0	0.0	0.0	0.0	0.0	0.0	0.0015	0.0	0.0	0.0	0.0	0.0	0.0	0.0	0.0	0.0	0.0	0.0	0.0	0.0	0.0	
Western Tanager	0.0	0.0	0.0	0.0	0.0	0.0	0.0	0.0	0.0	0.0	0.0	0.0	0.0	0.0	0.0	0.0	0.0	0.0	0.0	0.1111111111111111	0.3333333333333333	0.2	0.0	0.0	0.2857142857142857	0.1	0.0	0.030303030303030304	0.0	0.0	0.0	0.14285714285714285	0.0	0.0	0.0	0.0	0.0	0.0	0.0	0.0	0.0	0.0	0.0	0.0	0.0	0.0	0.0	0.0	
Black-headed Grosbeak	0.0	0.0	0.0	0.0	0.0	0.0	0.0	0.0	0.0	0.0	0.0	0.0	0.0	0.0	0.0	0.0	0.0	0.0	0.0	0.1111111111111111	0.6666666666666666	0.0	0.14285714285714285	0.0	0.0	0.0	0.0	0.09090909090909091	0.09090909090909091	0.0	0.0	0.0	0.0	0.0	0.0	0.0	0.0	0.0	0.0	0.0	0.0	0.0	0.0	0.0	0.0	0.0	0.0	0.0	
House Sparrow	0.0	0.0	0.0	0.14285714285714285	0.0	0.0	0.0	0.0	0.0	0.2	0.0	0.0	0.0	0.0	0.0	0.07142857142857142	0.25	0.125	0.0015	0.3333333333333333	0.0	0.2	0.14285714285714285	0.0	0.14285714285714285	0.1	0.0	0.030303030303030304	0.0	0.14285714285714285	0.2	0.14285714285714285	0.125	0.0	0.0	0.0	0.0	0.0	0.0	0.0	0.0	0.0	1.0	0.0	0.0	0.0	0.0	0.0	
passerine sp.	0.0	0.0	0.0	0.0	0.0	0.0	0.0	0.0	0.0	0.0	0.0	0.0	0.0	0.0	0.0	0.0	0.0	0.0	0.0	0.0	0.0	0.0	0.0	0.0	0.0	0.0	0.0	0.030303030303030304	0.0	0.0	0.0	0.0	0.0	0.0	0.0	0.0	0.0	0.0	0.0	0.14285714285714285	0.0	0.0	0.0	0.0	0.0	0.0	0.0	0.0	

