









Frequency of observations in the selected location(s).:
Number of taxa: 	190

	Jan				Feb				Mar				Apr				May				Jun				Jul				Aug				Sep				Oct				Nov				Dec				
Sample Size:	14.0	9.0	11.0	14.0	8.0	8.0	9.0	1.0	8.0	11.0	2.0	6.0	2.0	3.0	5.0	9.0	4.0	0.0	4.0	5.0	2.0	4.0	5.0	6.0	6.0	5.0	2.0	3.0	3.0	8.0	3.0	7.0	5.0	5.0	7.0	9.0	4.0	8.0	5.0	11.0	3.0	7.0	7.0	12.0	8.0	5.0	4.0	8.0	

Snow Goose	0.0	0.0	0.0	0.0	0.0	0.0	0.0	0.0	0.0	0.0	0.0	0.0	0.0	0.0	0.0	0.1111111111111111	0.0	0.0	0.0	0.0	0.0	0.0	0.0	0.0	0.0	0.0	0.0	0.0	0.0	0.0	0.0	0.0	0.0	0.0	0.0	0.0	0.0	0.0	0.0	0.0	0.3333333333333333	0.0	0.0	0.0	0.0	0.0	0.0	0.0	
Greater White-fronted Goose	0.0	0.0	0.0	0.0	0.0	0.0	0.0	0.0	0.0	0.09090909090909091	0.0	0.0	0.0	0.0	0.0	0.0	0.0	0.0	0.0	0.0	0.0	0.0	0.0	0.0	0.0	0.0	0.0	0.0	0.0	0.0	0.0	0.0	0.0	0.0	0.0	0.0	0.0	0.0	0.0	0.0	0.0	0.0	0.0	0.0	0.0	0.0	0.0	0.0	
Brant	0.0	0.0015	0.09090909090909091	0.0	0.0	0.0	0.0	0.0	0.0	0.18181818181818182	0.0	0.0	0.0	0.0	0.0	0.0	0.0	0.0	0.0	0.0	0.0	0.0	0.0	0.0	0.0	0.0	0.0	0.0	0.0	0.0	0.0	0.0	0.0	0.0	0.0	0.0	0.0	0.0	0.0	0.0	0.0	0.0	0.14285714285714285	0.0	0.0	0.0	0.0	0.25	
Cackling Goose	0.0	0.0	0.0	0.0	0.0	0.0	0.0	0.0	0.0	0.0	0.0	0.0	0.0	0.0	0.0	0.0	0.0	0.0	0.0	0.0	0.0	0.0	0.0	0.0	0.0	0.0	0.0	0.0	0.0	0.0	0.0	0.0	0.0	0.0	0.0	0.0	0.0	0.0	0.0	0.0	0.0	0.0	0.0	0.0	0.0	0.2	0.0	0.125	
Canada Goose	0.14285714285714285	0.1111111111111111	0.2727272727272727	0.2857142857142857	0.125	0.25	0.2222222222222222	0.0	0.0	0.45454545454545453	0.5	0.5	0.5	0.6666666666666666	0.6	0.5555555555555556	0.0	0.0015	0.0	0.4	0.0	0.25	0.6	0.16666666666666666	0.16666666666666666	0.2	0.0	0.6666666666666666	0.0	0.0	0.3333333333333333	0.0	0.0	0.2	0.42857142857142855	0.0	0.0	0.0	0.4	0.18181818181818182	0.0	0.14285714285714285	0.14285714285714285	0.16666666666666666	0.375	0.0	0.25	0.125	
goose sp.	0.0	0.0	0.0	0.0	0.0	0.0	0.0	0.0	0.0	0.0	0.0	0.0	0.0	0.0	0.0	0.0	0.0	0.0	0.0	0.0	0.0	0.0	0.0	0.0	0.0	0.0	0.0	0.0	0.0	0.0	0.0	0.0	0.0	0.0	0.0	0.0	0.0	0.0	0.0	0.0	0.0	0.0	0.0	0.0	0.0	0.0	0.0	0.0015	
Trumpeter Swan	0.0	0.0	0.0	0.0	0.0	0.0	0.0	0.0	0.0	0.0	0.0	0.0	0.0	0.0	0.0	0.0	0.0	0.0	0.0	0.0	0.0	0.0	0.0	0.0	0.0	0.0	0.0	0.0	0.0	0.0	0.0	0.0	0.0	0.0	0.0	0.0	0.0	0.0	0.0	0.0	0.0	0.0	0.14285714285714285	0.0	0.125	0.2	0.0	0.0015	
Tundra Swan	0.0	0.0	0.0	0.0	0.0	0.0	0.0	0.0	0.0015	0.0	0.0	0.0	0.0	0.0	0.0	0.0	0.0	0.0	0.0	0.0	0.0	0.0	0.0	0.0	0.0	0.0	0.0	0.0	0.0	0.0	0.0	0.0	0.0	0.0	0.0	0.0	0.0	0.0	0.0	0.0	0.0	0.0	0.0	0.0	0.0	0.0	0.0	0.0	
Trumpeter/Tundra Swan	0.0	0.0	0.0	0.0	0.0	0.0	0.0	0.0	0.0	0.0	0.0	0.0	0.0	0.0	0.0	0.0	0.0	0.0	0.0	0.0	0.0	0.0	0.0	0.0	0.0	0.0	0.0	0.0	0.0	0.0	0.0	0.0	0.0	0.0	0.0	0.0	0.0	0.0	0.0	0.0	0.0	0.0	0.0	0.0	0.125	0.0	0.0	0.0	
Wood Duck	0.0	0.0	0.0	0.0	0.0	0.0	0.0	0.0	0.0	0.0	0.0	0.0	0.0	0.0	0.0	0.1111111111111111	0.0	0.0	0.0	0.0	0.0	0.0	0.0	0.0	0.0	0.0	0.0	0.0	0.0	0.125	0.0	0.0	0.0	0.0	0.0	0.0	0.0	0.0	0.0	0.0	0.0	0.0	0.0	0.0	0.0	0.0	0.0	0.0	
Northern Shoveler	0.0	0.0	0.0	0.0	0.0	0.0	0.0	0.0	0.0	0.0	0.0	0.0	0.0	0.0	0.0	0.0	0.0	0.0	0.0	0.0	0.0	0.0	0.0	0.0	0.0	0.0	0.0	0.0	0.0	0.0	0.0	0.0	0.0	0.0	0.14285714285714285	0.0	0.0	0.0	0.0	0.0	0.0	0.0	0.14285714285714285	0.08333333333333333	0.125	0.0	0.0	0.125	
Gadwall	0.0	0.0	0.0	0.0	0.0	0.125	0.0	0.0	0.0	0.0	0.0	0.0	0.0	0.0	0.0	0.0	0.0	0.0	0.0	0.0	0.0	0.0	0.0	0.0	0.0	0.0	0.0	0.0	0.0	0.0	0.0	0.0	0.0	0.0	0.0	0.0	0.0	0.0	0.0	0.0	0.0	0.0	0.0	0.08333333333333333	0.0	0.0	0.0	0.0	
American Wigeon	0.0	0.0	0.0	0.0	0.0	0.0	0.0	0.0	0.0	0.0	0.0	0.0	0.5	0.0	0.0	0.0	0.0	0.0	0.0	0.0	0.0	0.0	0.0	0.0	0.0	0.0	0.0	0.0	0.0	0.0	0.0	0.0	0.0	0.0	0.0	0.0	0.0	0.25	0.2	0.18181818181818182	0.0	0.0	0.0	0.0	0.125	0.0	0.0	0.125	
Mallard	0.0	0.0	0.0	0.0	0.0	0.125	0.0	0.0	0.0	0.18181818181818182	0.0	0.0	0.5	0.0	0.0	0.2222222222222222	0.0	0.0	0.0	0.2	0.0	0.0	0.0	0.0	0.0	0.0	0.0	0.0	0.0	0.0	0.0	0.0	0.0	0.0	0.14285714285714285	0.0	0.0	0.0	0.0	0.09090909090909091	0.0	0.0	0.0	0.08333333333333333	0.125	0.2	0.0	0.125	
Northern Pintail	0.0	0.0	0.0	0.0015	0.0	0.0	0.0	0.0	0.0	0.09090909090909091	0.0	0.0	0.0	0.0	0.0	0.0	0.0	0.0	0.0	0.0	0.0	0.0	0.0	0.0	0.0	0.0	0.0	0.0	0.0	0.0	0.0	0.0	0.0	0.0	0.14285714285714285	0.0	0.0	0.0	0.0	0.0	0.0	0.0	0.0	0.0	0.0	0.0	0.0	0.0	
Green-winged Teal	0.0	0.0	0.0	0.0	0.0	0.0	0.0	0.0	0.0	0.09090909090909091	0.0	0.0	0.0	0.0	0.0	0.2222222222222222	0.0	0.0	0.0	0.0	0.0	0.0	0.0	0.0	0.0	0.0	0.0	0.0	0.0	0.0	0.0	0.0	0.0	0.0	0.14285714285714285	0.0	0.0	0.25	0.0	0.09090909090909091	0.0	0.0	0.0	0.0	0.0	0.2	0.0	0.0	
dabbling duck sp.	0.0	0.0	0.0	0.0	0.0	0.0	0.0	0.0	0.0	0.0	0.0	0.0	0.0	0.0	0.0	0.0	0.0	0.0	0.0	0.0	0.0	0.0	0.0	0.0	0.0	0.0	0.0	0.0	0.0	0.0	0.0	0.0	0.0	0.0	0.0	0.0	0.0	0.0	0.0	0.09090909090909091	0.0	0.0	0.0	0.0	0.0	0.0	0.0	0.0	
Redhead	0.0	0.0	0.0	0.0	0.125	0.0	0.0	0.0	0.0	0.0	0.0	0.0	0.0	0.0	0.0	0.0	0.0	0.0	0.0	0.0	0.0	0.0	0.0	0.0	0.0	0.0	0.0	0.0	0.0	0.0	0.0	0.0	0.0	0.0	0.0	0.0	0.0	0.0	0.0	0.0	0.0	0.0	0.0	0.0	0.0	0.2	0.0	0.0	
Ring-necked Duck	0.0	0.1111111111111111	0.2727272727272727	0.07142857142857142	0.125	0.0015	0.0	0.0	0.125	0.09090909090909091	0.0	0.0	0.0	0.0	0.0	0.1111111111111111	0.0	0.0	0.0	0.0	0.0	0.0	0.0	0.0	0.0	0.0	0.0	0.0	0.0	0.0	0.0	0.0	0.0	0.0	0.0	0.0	0.0	0.0	0.0	0.0	0.0	0.0	0.14285714285714285	0.16666666666666666	0.125	0.2	0.0	0.0015	
Greater Scaup	0.14285714285714285	0.0	0.0	0.0	0.0	0.0015	0.0	0.0	0.0	0.09090909090909091	0.0	0.0	0.0	0.0	0.0	0.0	0.0	0.0	0.0	0.0	0.0	0.0	0.0	0.0	0.0	0.0	0.0	0.0	0.0	0.0	0.0	0.0	0.0	0.0	0.0	0.0	0.0	0.25	0.0	0.0	0.0	0.0	0.14285714285714285	0.08333333333333333	0.0	0.2	0.0	0.25	
Lesser Scaup	0.0	0.0	0.09090909090909091	0.07142857142857142	0.25	0.125	0.0	0.0	0.0	0.18181818181818182	0.0	0.0	0.5	0.0	0.0	0.0	0.25	0.0	0.0	0.0	0.0	0.0	0.0	0.0	0.0	0.0	0.0	0.0	0.0	0.0	0.0	0.0	0.0	0.0	0.0	0.0	0.0	0.25	0.0	0.0	0.0	0.0	0.0	0.08333333333333333	0.125	0.0	0.25	0.0	
Greater/Lesser Scaup	0.07142857142857142	0.0	0.0	0.0	0.0	0.0	0.0	0.0	0.125	0.18181818181818182	0.0	0.0	0.0	0.0	0.0	0.0	0.0	0.0	0.0	0.0	0.0	0.0	0.0	0.0	0.0	0.0	0.0	0.0	0.0	0.0	0.0	0.0	0.0	0.0	0.0	0.0	0.25	0.0	0.0	0.0	0.0	0.0	0.0	0.0	0.0	0.0	0.0	0.0	
Harlequin Duck	0.42857142857142855	0.4444444444444444	0.5454545454545454	0.35714285714285715	0.5	0.25	0.5555555555555556	1.0	0.25	0.6363636363636364	0.5	0.5	0.0	0.3333333333333333	0.4	0.4444444444444444	0.25	0.0	0.0	0.2	0.5	0.0	0.0	0.0	0.0	0.0	0.0	0.0	0.0	0.0	0.0	0.0	0.0	0.0	0.2857142857142857	0.1111111111111111	0.0	0.375	0.4	0.45454545454545453	1.0	0.5714285714285714	0.8571428571428571	0.5833333333333334	0.875	0.4	0.75	0.25	
Surf Scoter	0.7142857142857143	0.4444444444444444	0.7272727272727273	0.5714285714285714	0.375	0.625	0.5555555555555556	0.0015	0.625	0.9090909090909091	1.0	0.5	1.0	0.3333333333333333	0.6	0.6666666666666666	0.5	0.0	0.0	0.4	0.0	0.25	0.0	0.16666666666666666	0.0	0.2	0.0	0.0	0.0	0.125	0.3333333333333333	0.0	0.0	0.2	0.2857142857142857	0.2222222222222222	0.5	0.75	0.6	0.6363636363636364	1.0	0.7142857142857143	0.8571428571428571	0.9166666666666666	0.875	1.0	1.0	0.625	
White-winged Scoter	0.0	0.0	0.0	0.0	0.0	0.0	0.0	0.0	0.125	0.0	0.0	0.0	0.5	0.0	0.0	0.0015	0.0	0.0	0.0	0.2	0.0	0.0	0.0	0.0	0.0	0.0	0.0	0.0	0.0	0.0	0.0	0.0	0.0	0.0	0.0	0.0	0.0	0.25	0.0	0.18181818181818182	0.6666666666666666	0.2857142857142857	0.0	0.08333333333333333	0.375	0.0015	0.0	0.125	
Black Scoter	0.0	0.0	0.0	0.0	0.0	0.0	0.0	0.0	0.0	0.0	0.0	0.0	0.0	0.0	0.0	0.0	0.0	0.0	0.0	0.0	0.0	0.0	0.0	0.0	0.0	0.0	0.0	0.0	0.0	0.0	0.0	0.0	0.0	0.0	0.0	0.0	0.0	0.0	0.0	0.0	0.0	0.0	0.0	0.08333333333333333	0.125	0.0015	0.0	0.125	
scoter sp.	0.0	0.0	0.0	0.0	0.0	0.0	0.0	0.0	0.0	0.0	0.0	0.0	0.0	0.0	0.0	0.0	0.0	0.0	0.0	0.0	0.0	0.0	0.0	0.0	0.0	0.0	0.0	0.0	0.0	0.0	0.0	0.0	0.0	0.2	0.0	0.0	0.0	0.0	0.0	0.0	0.0	0.0	0.14285714285714285	0.0	0.0	0.0	0.0	0.0	
Long-tailed Duck	0.21428571428571427	0.0015	0.09090909090909091	0.0	0.125	0.125	0.0	0.0	0.125	0.0	0.0	0.0	0.0	0.0	0.0	0.0	0.0	0.0	0.0	0.0	0.0	0.0	0.0	0.0	0.0	0.0	0.0	0.0	0.0	0.0	0.0	0.0	0.0	0.0	0.0	0.0	0.0	0.0	0.0	0.0	0.3333333333333333	0.0	0.14285714285714285	0.0	0.0	0.0	0.0	0.125	
Bufflehead	0.5	0.6666666666666666	0.45454545454545453	0.5	0.625	0.375	0.3333333333333333	0.0	0.25	0.9090909090909091	0.0	0.5	1.0	0.6666666666666666	0.0	0.4444444444444444	0.5	0.0	0.0	0.2	0.0	0.0	0.0	0.0	0.0	0.0	0.0	0.0	0.0	0.0	0.3333333333333333	0.0	0.0	0.0	0.0	0.0	0.0	0.0	0.0	0.2727272727272727	0.3333333333333333	0.42857142857142855	0.14285714285714285	0.75	0.75	0.8	1.0	0.5	
Common Goldeneye	0.35714285714285715	0.6666666666666666	0.6363636363636364	0.5	0.625	0.5	0.5555555555555556	0.0	0.5	0.5454545454545454	0.5	0.8333333333333334	0.5	0.3333333333333333	0.4	0.2222222222222222	0.0	0.0	0.0	0.0	0.0	0.0	0.0	0.0	0.0	0.0	0.0	0.0	0.0	0.0	0.0	0.0	0.0	0.0	0.0	0.0	0.0	0.0	0.0	0.0	0.0	0.14285714285714285	0.2857142857142857	0.5	0.75	0.6	0.5	0.625	
Barrow's Goldeneye	0.07142857142857142	0.0	0.09090909090909091	0.0	0.0	0.0	0.0	0.0	0.0	0.09090909090909091	0.0	0.0	0.0	0.0	0.0	0.2222222222222222	0.0	0.0	0.0	0.0	0.0	0.0	0.0	0.0	0.0	0.0	0.0	0.0	0.0	0.0	0.0	0.0	0.0	0.0	0.0	0.0	0.0	0.0	0.0	0.0	0.0	0.0	0.0	0.08333333333333333	0.0	0.2	0.5	0.125	
Common/Barrow's Goldeneye	0.0	0.0	0.0	0.0	0.0	0.0	0.0	0.0	0.0	0.0	0.0	0.0	0.0	0.0	0.0	0.0015	0.0	0.0	0.0	0.0	0.0	0.0	0.0	0.0	0.0	0.0	0.0	0.0	0.0	0.0	0.0	0.0	0.0	0.0	0.0	0.0	0.0	0.0	0.0	0.0	0.0	0.0	0.0	0.0	0.0	0.0	0.0	0.0	
Hooded Merganser	0.21428571428571427	0.2222222222222222	0.36363636363636365	0.35714285714285715	0.25	0.0	0.0	0.0	0.0	0.18181818181818182	0.0	0.0	0.0	0.0	0.0	0.1111111111111111	0.0	0.0	0.0	0.2	0.0	0.0	0.0	0.0	0.0	0.0	0.0	0.0	0.0	0.125	0.0	0.0	0.0	0.0	0.0	0.0	0.0	0.125	0.4	0.36363636363636365	0.0	0.2857142857142857	0.14285714285714285	0.25	0.125	0.4	0.75	0.25	
Common Merganser	0.2857142857142857	0.1111111111111111	0.18181818181818182	0.2857142857142857	0.375	0.125	0.1111111111111111	0.0	0.0	0.2727272727272727	0.0	0.0	0.0	0.0	0.0	0.0	0.25	0.0	0.0	0.0	0.0	0.0	0.0	0.0	0.0	0.0	0.0	0.0	0.0	0.0	0.0	0.0	0.0	0.0	0.0	0.0	0.0	0.0	0.2	0.18181818181818182	0.0	0.14285714285714285	0.0	0.08333333333333333	0.375	0.4	0.5	0.125	
Red-breasted Merganser	0.6428571428571429	0.6666666666666666	0.7272727272727273	0.42857142857142855	0.375	0.75	0.6666666666666666	0.0	0.5	0.6363636363636364	0.5	0.6666666666666666	1.0	0.6666666666666666	0.6	0.6666666666666666	0.25	0.0	0.0	0.0	0.0	0.0	0.0	0.0	0.0	0.0	0.0	0.0	0.0	0.0	0.0	0.0	0.0	0.0	0.0015	0.0	0.0	0.5	0.0	0.45454545454545453	1.0	0.5714285714285714	0.42857142857142855	0.75	0.75	0.8	0.75	0.625	
Common/Red-breasted Merganser	0.0	0.0	0.0	0.0	0.0	0.0	0.0	0.0	0.0	0.0	0.0	0.0	0.0	0.0	0.0	0.1111111111111111	0.0	0.0	0.0	0.0	0.0	0.0	0.0	0.0	0.0	0.0	0.0	0.0	0.0	0.0	0.0	0.0	0.0	0.0	0.0	0.0	0.0	0.0	0.0	0.0	0.0	0.0	0.0	0.0	0.0	0.0	0.0	0.0	
Ruddy Duck	0.0	0.0	0.0	0.07142857142857142	0.0	0.0	0.0	0.0	0.0	0.0	0.0	0.0	0.0	0.0	0.0	0.0	0.0	0.0	0.0	0.0	0.0	0.0	0.0	0.0	0.0	0.0	0.0	0.0	0.0	0.0	0.0	0.0	0.0	0.0	0.0	0.0	0.0	0.0	0.0	0.09090909090909091	0.0	0.14285714285714285	0.0	0.0	0.0	0.0	0.25	0.0	
duck sp.	0.0	0.0	0.0	0.0	0.0	0.0	0.0	0.0	0.0	0.0	0.0	0.0	0.0	0.0	0.0	0.0	0.0	0.0	0.0	0.0	0.0	0.0	0.0	0.0	0.0	0.0	0.0	0.0	0.0	0.0	0.0	0.0	0.0	0.0	0.0	0.0	0.0	0.0	0.0	0.0	0.0	0.0	0.14285714285714285	0.0	0.0	0.0	0.0	0.0	
waterfowl sp.	0.0	0.0	0.0	0.0	0.0	0.0	0.0	0.0	0.0	0.0	0.0	0.0	0.0	0.0	0.0	0.0	0.0	0.0	0.0	0.0	0.0	0.0	0.0	0.0	0.0	0.0	0.0	0.0	0.0	0.0	0.0	0.0	0.0	0.0	0.0	0.0	0.0	0.0	0.0	0.0	0.0	0.0	0.0	0.0	0.0	0.0	0.25	0.0	
California Quail	0.07142857142857142	0.0	0.0	0.0	0.125	0.0	0.0	0.0	0.0	0.0	0.0	0.0	0.0	0.0	0.0	0.0	0.0	0.0	0.0	0.0	0.0	0.0	0.0	0.0	0.0	0.0	0.0	0.0	0.0	0.0	0.0	0.14285714285714285	0.0	0.0	0.0	0.0	0.0	0.0	0.2	0.0	0.0015	0.0	0.0	0.08333333333333333	0.0	0.0	0.0	0.0	
Pied-billed Grebe	0.0	0.0	0.2727272727272727	0.0	0.0	0.0	0.0	0.0015	0.0	0.0	0.0	0.0	0.0	0.0	0.0	0.0	0.0	0.0	0.0	0.0	0.0	0.0	0.0	0.0	0.0	0.0	0.0	0.0	0.0	0.0	0.0	0.0	0.0	0.0	0.0	0.1111111111111111	0.0	0.0	0.2	0.5454545454545454	0.0	0.0	0.0	0.16666666666666666	0.125	0.2	0.25	0.125	
Horned Grebe	0.5	0.3333333333333333	0.2727272727272727	0.2857142857142857	0.125	0.375	0.4444444444444444	0.0015	0.25	0.2727272727272727	0.5	0.16666666666666666	0.5	0.3333333333333333	0.6	0.4444444444444444	0.0	0.0	0.0	0.0	0.0	0.0	0.0	0.0	0.0	0.0	0.0	0.0	0.0	0.0	0.0	0.0	0.0	0.0	0.2857142857142857	0.0	0.5	0.375	0.6	0.45454545454545453	1.0	0.7142857142857143	0.2857142857142857	0.6666666666666666	0.75	0.6	1.0	0.5	
Red-necked Grebe	0.35714285714285715	0.3333333333333333	0.2727272727272727	0.2857142857142857	0.75	0.625	0.2222222222222222	0.0015	0.5	0.5454545454545454	0.5	0.3333333333333333	0.5	0.3333333333333333	0.2	0.4444444444444444	0.5	0.0	0.0	0.0	0.0	0.0	0.0	0.0	0.0	0.0	0.0	0.0	0.0	0.0	0.0	0.0	0.0	0.0	0.2857142857142857	0.4444444444444444	0.25	0.5	0.6	0.45454545454545453	1.0	0.42857142857142855	0.2857142857142857	0.5	0.5	0.6	0.5	0.5	
Eared Grebe	0.0	0.0	0.0	0.0	0.0	0.0	0.0	0.0	0.125	0.0	0.0	0.0	0.0	0.0	0.0	0.2222222222222222	0.0	0.0	0.0	0.0	0.0	0.0	0.0	0.0	0.0	0.0	0.0	0.0	0.0	0.0	0.0	0.0	0.0	0.0	0.0	0.0	0.0	0.125	0.0	0.18181818181818182	0.3333333333333333	0.0	0.0	0.0	0.0	0.2	0.0	0.0	
Horned/Eared Grebe	0.0	0.0	0.0	0.07142857142857142	0.0	0.0	0.0	0.0	0.0	0.0	0.0	0.0	0.0	0.0	0.0	0.0	0.0	0.0	0.0	0.0	0.0	0.0	0.0	0.0	0.0	0.0	0.0	0.0	0.0	0.0	0.0	0.0	0.0	0.0	0.0	0.0	0.0	0.0	0.0	0.0	0.0	0.0	0.0	0.0	0.0	0.0	0.0	0.0	
Western Grebe	0.21428571428571427	0.2222222222222222	0.18181818181818182	0.14285714285714285	0.125	0.25	0.1111111111111111	1.0	0.0	0.09090909090909091	0.0	0.16666666666666666	0.0	0.3333333333333333	0.4	0.2222222222222222	0.25	0.0	0.25	0.0	0.0	0.0	0.0	0.0	0.0	0.0	0.0	0.0	0.0	0.125	0.0	0.0	0.0	0.2	0.0	0.1111111111111111	0.25	0.625	0.2	0.09090909090909091	1.0	0.14285714285714285	0.42857142857142855	0.25	0.25	0.4	0.5	0.25	
Clark's Grebe	0.0	0.0	0.0	0.0	0.0	0.0	0.0	0.0	0.0	0.0	0.0	0.0	0.0	0.0	0.0	0.0	0.0	0.0	0.0	0.0	0.0	0.0	0.0	0.0	0.0	0.0	0.0	0.0	0.0	0.0	0.0	0.0	0.0	0.0	0.0	0.0	0.0	0.125	0.0	0.0	0.0	0.0	0.0	0.0	0.0	0.0	0.0	0.0	
Western/Clark's Grebe	0.0	0.0	0.0	0.0	0.0	0.0	0.0	0.0	0.0	0.0	0.0	0.0	0.0	0.0	0.0	0.0	0.0	0.0	0.0	0.0	0.0	0.25	0.0	0.0	0.0	0.0	0.0	0.0	0.0	0.0	0.0	0.0	0.0	0.0	0.0	0.0	0.0	0.0	0.0	0.0	0.0	0.0	0.0	0.0	0.0	0.0	0.0	0.0	
grebe sp.	0.0	0.0	0.0	0.07142857142857142	0.0	0.0	0.0	0.0	0.0	0.0	0.0	0.0	0.0	0.0	0.0	0.0	0.0	0.0	0.0	0.0	0.0	0.0	0.0	0.0	0.0	0.0	0.0	0.0	0.0	0.0	0.3333333333333333	0.0	0.0	0.0	0.0	0.0	0.0	0.0	0.0	0.0	0.0	0.0	0.0	0.0	0.0	0.0	0.0	0.125	
Rock Pigeon	0.0	0.0	0.0	0.0	0.0	0.0	0.0	0.0	0.125	0.09090909090909091	0.0	0.0	0.0	0.0	0.0	0.1111111111111111	0.0	0.0	0.0	0.0	0.0	0.0	0.0	0.0	0.0	0.0	0.0	0.0	0.0	0.0	0.0	0.0	0.0	0.0	0.0	0.0	0.0	0.0	0.0	0.0	0.0	0.0	0.0	0.08333333333333333	0.0	0.0	0.0	0.0	
Band-tailed Pigeon	0.0	0.0	0.0	0.0	0.0	0.0	0.0	0.0	0.0	0.09090909090909091	0.0	0.0	0.0	0.0	0.0	0.0	0.0	0.0	0.0	0.0	0.0	0.0	0.0	0.0	0.0	0.0	0.0	0.0	0.0	0.0	0.0	0.0	0.0	0.2	0.0	0.1111111111111111	0.0	0.0	0.0	0.0	0.0	0.0	0.0	0.0	0.0	0.0	0.0	0.125	
Eurasian Collared-Dove	0.0	0.0	0.0	0.0	0.0	0.0	0.0	0.0	0.0	0.0	0.0	0.0	0.0	0.0	0.0	0.1111111111111111	0.0	0.0	0.0	0.0	0.0	0.0	0.0	0.0	0.0	0.0	0.0	0.0	0.0	0.0	0.0	0.14285714285714285	0.0015	0.0	0.0	0.0	0.0	0.0	0.0	0.0	0.0	0.0	0.0	0.08333333333333333	0.0	0.0	0.0	0.0	
Mourning Dove	0.0	0.0	0.0	0.0	0.0	0.0	0.0	0.0	0.0	0.0	0.0	0.0	0.0	0.0	0.0	0.1111111111111111	0.0	0.0	0.0	0.2	0.0	0.0	0.0	0.0	0.16666666666666666	0.0	0.0	0.0	0.0	0.0	0.3333333333333333	0.0	0.0	0.0	0.0	0.0	0.0	0.0	0.0	0.0	0.0	0.0	0.0	0.0	0.0	0.0	0.0	0.0	
Black Swift	0.0	0.0	0.0	0.0	0.0	0.0	0.0	0.0	0.0	0.0	0.0	0.0	0.0	0.0	0.0	0.0	0.0	0.0	0.0	0.2	0.0	0.0	0.0	0.0	0.0	0.0	0.0	0.0	0.0	0.0	0.0	0.0	0.0	0.0	0.0	0.0	0.0	0.0	0.0	0.0	0.0	0.0	0.0	0.0	0.0	0.0	0.0	0.0	
Vaux's Swift	0.0	0.0	0.0	0.0	0.0	0.0	0.0	0.0	0.0	0.0	0.0	0.0	0.0	0.0	0.2	0.0	0.0	0.0	0.0	0.0	0.0	0.0	0.0	0.0	0.0	0.0	0.0	0.0	0.0	0.0	0.0	0.0	0.0	0.0	0.0	0.0	0.0	0.0	0.0	0.0	0.0	0.0	0.0	0.0	0.0	0.0	0.0	0.0	
Anna's Hummingbird	0.0	0.0	0.0	0.0	0.0	0.0	0.0	0.0	0.0	0.0	0.0	0.0	0.0	0.0	0.2	0.0	0.0	0.0015	0.25	0.0	0.0	0.0	0.4	0.0	0.0	0.0	0.0	0.0	0.0	0.0	0.0	0.0	0.2	0.0	0.0	0.0	0.0	0.0	0.0	0.0	0.0	0.0	0.0	0.08333333333333333	0.0	0.0	0.0	0.0	
Rufous Hummingbird	0.0	0.0	0.0	0.0	0.0	0.0	0.0	0.0	0.0	0.0	0.0	0.0	0.0	0.0	0.2	0.4444444444444444	0.0	0.0015	0.0	0.2	0.0	0.0	0.0	0.0	0.3333333333333333	0.0	0.0	0.0	0.0	0.0	0.0	0.0	0.0	0.0	0.0	0.0	0.0	0.0	0.0	0.0	0.0	0.0	0.0	0.0	0.0	0.0	0.0	0.0	
hummingbird sp.	0.0	0.0	0.0	0.0	0.0	0.0	0.0	0.0	0.0	0.0	0.0	0.16666666666666666	0.0	0.0	0.0	0.0	0.0	0.0	0.0	0.0	0.0	0.0	0.0	0.0	0.0	0.0	0.0	0.0	0.0	0.0	0.0	0.0	0.0	0.0	0.0	0.0	0.0	0.0	0.0	0.0	0.0	0.0	0.0	0.0	0.0	0.0	0.0	0.0	
Virginia Rail	0.0	0.0	0.0	0.0	0.0	0.0	0.0	0.0	0.0	0.0	0.0	0.0	0.0	0.0	0.0	0.0	0.0	0.0	0.0	0.0	0.0	0.0	0.0	0.0	0.0	0.0	0.0	0.0	0.0	0.0	0.3333333333333333	0.0	0.0	0.0	0.0	0.0	0.0	0.0	0.0	0.0	0.0	0.0	0.0	0.0	0.0	0.0	0.0	0.0	
American Coot	0.0	0.0	0.0	0.0	0.0	0.0	0.0	0.0	0.0	0.0	0.0	0.0	0.0	0.0	0.0	0.0	0.0	0.0	0.0	0.0	0.0	0.0	0.0	0.0	0.0	0.0	0.0	0.0	0.0	0.0	0.0	0.0	0.0	0.0	0.0	0.0	0.0	0.0	0.0	0.0	0.0	0.0	0.0	0.0	0.0	0.0	0.0	0.125	
Black Oystercatcher	0.6428571428571429	0.7777777777777778	0.6363636363636364	0.6428571428571429	0.875	0.625	0.8888888888888888	0.0	0.125	0.7272727272727273	0.0	0.5	0.0	0.3333333333333333	0.4	0.2222222222222222	0.0	0.0	0.0	0.2	0.0015	0.25	0.2	0.3333333333333333	0.0	0.2	0.0015	0.3333333333333333	0.0	0.375	0.0	0.14285714285714285	0.0015	0.0	0.2857142857142857	0.1111111111111111	0.25	0.25	0.0	0.5454545454545454	0.6666666666666666	0.8571428571428571	0.7142857142857143	0.5	0.625	0.6	0.75	0.75	
Semipalmated Plover	0.0	0.0	0.0	0.0	0.0	0.0	0.0	0.0	0.0	0.0	0.0	0.0	0.0	0.0	0.0	0.0	0.0	0.0	0.0	0.0	0.0	0.0	0.0	0.0	0.0	0.0	0.0	0.0	0.0	0.125	0.0	0.0	0.0	0.0	0.0	0.0	0.0	0.0	0.0	0.0	0.0	0.0	0.0	0.0	0.0	0.0	0.0	0.0	
Killdeer	0.0	0.0	0.0	0.0	0.0	0.0015	0.0015	0.0	0.0	0.09090909090909091	0.0	0.0	0.0	0.3333333333333333	0.6	0.2222222222222222	0.0	0.0	0.0	0.0	0.5	0.0	0.4	0.0	0.0	0.0	0.0	0.3333333333333333	0.0	0.25	0.3333333333333333	0.14285714285714285	0.0	0.0	0.14285714285714285	0.0	0.0	0.25	0.2	0.0	0.0	0.14285714285714285	0.0	0.0	0.0	0.2	0.0	0.125	
Whimbrel	0.0	0.0	0.0	0.0	0.0	0.0	0.0	0.0	0.0	0.0	0.0	0.0	0.0	0.0	0.0	0.1111111111111111	0.0	0.0	0.0	0.0	0.0	0.0	0.0	0.0	0.0	0.0	0.0	0.0	0.0	0.0	0.0	0.0	0.0	0.0	0.0	0.0	0.0	0.0	0.0	0.0	0.0	0.0	0.0	0.0	0.0	0.0	0.0	0.0	
Black Turnstone	0.07142857142857142	0.1111111111111111	0.0	0.14285714285714285	0.0	0.0	0.1111111111111111	0.0	0.0	0.0	0.0	0.0	0.0	0.0	0.0	0.0	0.0	0.0	0.0	0.0	0.0	0.0	0.0	0.0	0.0	0.0	0.0	0.0	0.0	0.0	0.0	0.0	0.0	0.0	0.0	0.0	0.0	0.0	0.0	0.0	0.0	0.0	0.0	0.16666666666666666	0.25	0.2	0.0	0.25	
Surfbird	0.0	0.1111111111111111	0.09090909090909091	0.0	0.0	0.0	0.1111111111111111	0.0	0.0	0.0	0.0	0.0	0.0	0.0	0.0	0.0	0.0	0.0	0.0	0.0	0.0	0.0	0.0	0.0	0.0	0.0	0.0	0.0	0.0	0.0	0.0	0.0	0.0	0.0	0.0	0.0	0.0	0.0	0.0	0.0	0.0015	0.0	0.0	0.0	0.0	0.2	0.0	0.0	
Sanderling	0.07142857142857142	0.1111111111111111	0.0	0.14285714285714285	0.0	0.0	0.0	0.0	0.0	0.0	0.0	0.0	0.0	0.0	0.0	0.0	0.0	0.0	0.0	0.0	0.0	0.0	0.0	0.0	0.0	0.0	0.0	0.0	0.0	0.0	0.0	0.14285714285714285	0.0	0.4	0.0	0.0	0.0	0.0	0.0	0.0	0.0	0.0	0.14285714285714285	0.16666666666666666	0.0	0.2	0.0	0.125	
Dunlin	0.0	0.0	0.0	0.0	0.0	0.0	0.0	0.0	0.0	0.0	0.0	0.0	0.0	0.0	0.0	0.0	0.0	0.0	0.0	0.0	0.0	0.0	0.0	0.0	0.0	0.0	0.0	0.0	0.0	0.0	0.0	0.0	0.0	0.0	0.0	0.0	0.0	0.125	0.0	0.0	0.0	0.0	0.14285714285714285	0.25	0.0	0.0	0.0	0.0	
Western Sandpiper	0.0	0.0	0.0	0.0	0.0	0.0	0.0	0.0	0.0	0.0	0.0	0.0	0.0	0.0	0.0	0.0	0.0	0.0	0.0	0.0	0.0	0.0	0.0	0.0	0.0	0.0	0.0	0.0	0.0	0.0	0.0	0.0	0.0	0.4	0.0	0.0	0.0	0.0	0.0	0.0	0.0	0.0	0.0	0.08333333333333333	0.0	0.0	0.0	0.0	
peep sp.	0.0	0.0	0.0	0.0	0.0	0.0	0.0	0.0	0.0	0.0	0.0	0.0	0.0	0.0	0.0	0.0	0.0	0.0	0.0	0.0	0.0	0.0	0.0	0.0	0.0	0.0	0.0	0.0015	0.0	0.0	0.0	0.0	0.2	0.0	0.0	0.0	0.0	0.0	0.0	0.0	0.0	0.0	0.0	0.0	0.0	0.0	0.0	0.0	
Spotted Sandpiper	0.0	0.0	0.0	0.0	0.0	0.0	0.0	0.0	0.0	0.0	0.0	0.0	0.0	0.0	0.0	0.0	0.0	0.0	0.0	0.2	0.0	0.0	0.0	0.0	0.0	0.0	0.0	0.0	0.0	0.0	0.0	0.0	0.0	0.0	0.0	0.0	0.0	0.0	0.0	0.0	0.0	0.0	0.0	0.08333333333333333	0.0	0.0	0.0	0.0	
Greater Yellowlegs	0.0	0.0	0.0	0.0	0.0	0.0	0.0	0.0	0.0015	0.0	0.0	0.0	0.0	0.0	0.0	0.0	0.0	0.0	0.0	0.0	0.0	0.0	0.0	0.0	0.0	0.0	0.0	0.0	0.0	0.0	0.0	0.0	0.0	0.0	0.0	0.0	0.0	0.25	0.0	0.0	0.0	0.0	0.0	0.0	0.0	0.0	0.0	0.0	
shorebird sp.	0.0	0.0	0.0	0.0	0.0	0.0	0.0	0.0	0.0	0.0	0.0	0.0	0.0	0.0	0.0	0.0	0.0	0.0	0.0	0.0	0.0	0.0	0.0	0.0	0.0	0.0	0.0	0.0	0.0	0.125	0.0	0.0	0.0	0.0	0.0	0.0	0.0	0.0	0.0	0.0	0.0	0.0	0.0	0.0	0.0	0.0	0.0	0.0	
Pomarine Jaeger	0.0	0.0	0.0	0.0	0.0	0.0	0.0	0.0	0.0	0.0	0.0	0.0	0.0	0.0	0.0	0.0	0.0	0.0	0.0	0.0	0.0	0.0	0.0	0.0	0.0	0.0	0.0	0.0	0.0	0.0	0.0	0.0	0.0	0.0	0.0	0.0	0.0	0.25	0.0	0.0	0.0	0.0	0.0	0.0	0.0	0.0	0.0	0.0	
Parasitic Jaeger	0.0	0.0	0.0	0.0	0.0	0.0	0.0	0.0	0.0	0.0	0.0	0.0	0.0	0.0	0.0	0.0	0.0	0.0	0.0	0.0	0.0	0.0	0.0	0.0	0.0	0.0	0.0	0.0	0.0	0.0	0.0	0.0	0.0	0.0	0.0	0.0	0.0	0.25	0.0	0.0	0.0	0.0	0.0015	0.0	0.0	0.0	0.0	0.0	
Common Murre	0.21428571428571427	0.1111111111111111	0.36363636363636365	0.14285714285714285	0.25	0.375	0.2222222222222222	0.0	0.0	0.0	0.0	0.16666666666666666	0.0	0.0	0.2	0.1111111111111111	0.0	0.0	0.0	0.2	0.0	0.0	0.0	0.0	0.16666666666666666	0.4	0.0	0.0	0.3333333333333333	0.25	0.3333333333333333	0.14285714285714285	0.2	0.2	0.0	0.4444444444444444	0.25	0.375	0.6	0.36363636363636365	1.0	0.5714285714285714	0.2857142857142857	0.3333333333333333	0.75	0.2	0.75	0.25	
large alcid sp.	0.0	0.0	0.0	0.0	0.0	0.0	0.0	0.0	0.0	0.0	0.0	0.0	0.0	0.0	0.0	0.0	0.0	0.0	0.0	0.0	0.0	0.25	0.0	0.0	0.0	0.0	0.0	0.0	0.0	0.0	0.0	0.0	0.0	0.0	0.0	0.0	0.0	0.0	0.0	0.0	0.0	0.0	0.0	0.0	0.0	0.0	0.0	0.0	
Pigeon Guillemot	0.5714285714285714	0.7777777777777778	0.5454545454545454	0.7142857142857143	0.875	0.75	0.7777777777777778	1.0	0.625	0.7272727272727273	1.0	0.8333333333333334	1.0	0.3333333333333333	1.0	0.8888888888888888	1.0	0.0	0.5	0.8	1.0	1.0	0.2	0.6666666666666666	0.3333333333333333	1.0	0.5	0.6666666666666666	0.6666666666666666	0.875	1.0	0.42857142857142855	0.2	0.2	0.0	0.4444444444444444	0.5	0.75	0.6	0.45454545454545453	1.0	0.5714285714285714	0.7142857142857143	0.75	1.0	0.6	0.5	0.25	
Marbled Murrelet	0.0	0.0	0.09090909090909091	0.07142857142857142	0.0	0.0	0.0	0.0	0.0	0.0	0.0	0.0	0.5	0.0	0.0	0.0015	0.0	0.0	0.0	0.0	0.0	0.0	0.0	0.0	0.0	0.0	0.0	0.0015	0.0	0.0	0.3333333333333333	0.14285714285714285	0.0	0.2	0.14285714285714285	0.1111111111111111	0.25	0.25	0.4	0.18181818181818182	0.6666666666666666	0.2857142857142857	0.14285714285714285	0.3333333333333333	0.75	0.4	0.0	0.125	
Ancient Murrelet	0.0	0.0	0.0	0.0	0.0	0.0	0.0	0.0	0.0	0.0	0.0	0.0	0.0	0.0	0.0	0.0	0.0	0.0	0.0	0.0	0.0	0.0	0.0	0.0	0.0	0.0	0.0	0.0	0.0	0.0	0.0	0.0	0.0	0.0	0.0	0.0	0.0	0.0	0.0	0.0	0.3333333333333333	0.2857142857142857	0.0	0.0	0.125	0.0	0.0	0.0	
Rhinoceros Auklet	0.0	0.0	0.0	0.0	0.0	0.0	0.1111111111111111	0.0	0.125	0.0	0.5	0.0	0.0	0.6666666666666666	0.2	0.3333333333333333	0.25	0.0	0.75	1.0	0.5	0.5	0.2	0.3333333333333333	0.5	0.8	0.5	0.3333333333333333	0.3333333333333333	0.625	0.6666666666666666	0.14285714285714285	0.2	0.0	0.14285714285714285	0.3333333333333333	0.25	0.5	0.0	0.36363636363636365	0.0	0.0	0.14285714285714285	0.08333333333333333	0.125	0.0	0.0	0.125	
alcid sp.	0.0	0.0	0.0	0.0	0.0	0.0	0.0	0.0	0.0	0.0	0.0	0.0	0.0	0.0	0.0	0.0	0.0	0.0	0.0	0.0	0.0	0.0	0.0	0.0	0.0	0.0	0.0	0.0	0.0	0.0	0.0	0.0	0.0	0.0	0.0	0.0	0.0	0.0	0.0	0.0	0.0	0.0	0.0	0.0	0.0	0.0	0.25	0.0	
Bonaparte's Gull	0.07142857142857142	0.0	0.0	0.0	0.0	0.0	0.0	0.0	0.0	0.0	0.0	0.0	0.0	0.0	0.0	0.0015	0.0	0.0	0.0	0.0	0.0	0.0	0.0	0.0	0.0	0.0	0.0	0.0	0.0	0.0	0.0	0.0	0.0	0.2	0.0	0.1111111111111111	0.0	0.25	0.0	0.0	0.3333333333333333	0.0	0.0	0.08333333333333333	0.125	0.0	0.0	0.125	
Franklin's Gull	0.0	0.0	0.0	0.0	0.0	0.0	0.0	0.0	0.0	0.0	0.0	0.0	0.0	0.0	0.0	0.0	0.0	0.0	0.0	0.0	0.0	0.0	0.0	0.0	0.0	0.0	0.0	0.0	0.0	0.0	0.0	0.14285714285714285	0.0	0.0	0.0	0.0	0.0	0.0	0.0	0.0	0.0	0.0	0.0	0.0	0.0	0.0	0.0	0.0	
Heermann's Gull	0.0	0.0	0.0	0.0	0.0	0.0	0.0	0.0	0.0	0.0	0.0	0.0	0.0	0.0	0.0	0.0	0.0	0.0	0.0	0.0	0.0	0.0	0.0	0.16666666666666666	0.0	0.2	0.5	0.0	0.0	0.375	0.6666666666666666	0.2857142857142857	0.6	0.6	0.7142857142857143	0.6666666666666666	1.0	0.875	1.0	0.9090909090909091	0.6666666666666666	0.2857142857142857	0.0	0.0	0.0	0.0	0.0	0.0	
Mew Gull	0.21428571428571427	0.2222222222222222	0.36363636363636365	0.2857142857142857	0.375	0.5	0.2222222222222222	0.0015	0.25	0.2727272727272727	0.0	0.16666666666666666	0.0	0.0	0.4	0.1111111111111111	0.25	0.0	0.0	0.0	0.0	0.0	0.0	0.0	0.0	0.0	0.0	0.0	0.0	0.125	0.0	0.14285714285714285	0.0	0.0	0.0	0.0	0.25	0.375	0.4	0.36363636363636365	1.0	0.5714285714285714	0.42857142857142855	0.5	0.625	0.4	0.5	0.375	
Ring-billed Gull	0.0	0.0	0.0	0.0	0.0	0.0015	0.0	0.0	0.0	0.0	0.0	0.0	0.0	0.0	0.2	0.1111111111111111	0.0	0.0	0.0	0.2	0.0	0.0	0.2	0.0	0.0	0.2	0.0	0.0	0.0	0.0	0.3333333333333333	0.5714285714285714	0.0	0.2	0.2857142857142857	0.2222222222222222	0.0	0.0	0.2	0.09090909090909091	0.0	0.14285714285714285	0.14285714285714285	0.0	0.0	0.0	0.0	0.125	
Western Gull	0.0	0.1111111111111111	0.0	0.0	0.0	0.0	0.1111111111111111	0.0	0.0	0.09090909090909091	0.0	0.0	0.0	0.0015	0.0	0.0	0.0	0.0	0.0	0.0	0.0	0.0	0.0	0.0	0.0	0.0	0.0	0.0	0.0	0.0	0.0	0.0	0.0	0.0	0.14285714285714285	0.1111111111111111	0.0	0.25	0.0	0.0	0.0	0.0	0.0	0.0	0.0	0.0	0.0	0.0	
California Gull	0.07142857142857142	0.0	0.09090909090909091	0.0	0.125	0.125	0.0	0.0	0.0	0.0	0.0	0.0	0.0	0.0015	0.0	0.2222222222222222	0.0	0.0	0.0	0.0	0.5	0.0	0.0	0.16666666666666666	0.16666666666666666	0.6	0.5	0.0	0.3333333333333333	0.75	1.0	0.5714285714285714	0.8	0.2	0.8571428571428571	0.5555555555555556	0.75	0.625	0.4	0.36363636363636365	0.6666666666666666	0.42857142857142855	0.0	0.0	0.125	0.0	0.0	0.125	
Herring Gull	0.0	0.0	0.09090909090909091	0.07142857142857142	0.125	0.125	0.0	0.0015	0.0	0.0	0.5	0.0	0.0	0.0	0.0	0.0015	0.0	0.0	0.0	0.0	0.0	0.0	0.0	0.0	0.0	0.0	0.0	0.0	0.0	0.0	0.0	0.0	0.0	0.0	0.0	0.1111111111111111	0.0	0.25	0.0	0.0	0.3333333333333333	0.14285714285714285	0.14285714285714285	0.16666666666666666	0.25	0.2	0.0	0.0	
Iceland Gull	0.0	0.0	0.09090909090909091	0.14285714285714285	0.0	0.125	0.1111111111111111	0.0015	0.25	0.0015	0.0	0.0	0.0	0.0	0.0	0.0	0.0	0.0	0.0	0.0	0.0	0.0	0.0	0.0	0.0	0.0	0.0	0.0	0.0	0.0	0.0	0.0	0.0	0.0	0.0	0.0	0.0	0.0	0.2	0.18181818181818182	0.6666666666666666	0.2857142857142857	0.42857142857142855	0.08333333333333333	0.125	0.0	0.25	0.125	
Glaucous-winged Gull	0.5714285714285714	0.4444444444444444	0.5454545454545454	0.42857142857142855	0.875	1.0	0.3333333333333333	0.0015	0.875	0.9090909090909091	0.5	0.6666666666666666	1.0	0.3333333333333333	1.0	0.5555555555555556	1.0	0.0	0.5	0.4	0.0015	0.5	0.6	0.5	0.5	0.6	0.5	0.3333333333333333	0.6666666666666666	0.75	0.6666666666666666	0.8571428571428571	0.6	0.6	0.5714285714285714	0.6666666666666666	0.75	0.375	0.2	0.9090909090909091	0.3333333333333333	0.7142857142857143	0.5714285714285714	0.6666666666666666	0.625	0.8	0.75	0.625	
Western x Glaucous-winged Gull (hybrid)	0.21428571428571427	0.1111111111111111	0.2727272727272727	0.07142857142857142	0.5	0.125	0.2222222222222222	0.0	0.0	0.36363636363636365	0.0	0.16666666666666666	0.0	0.0	0.6	0.0015	0.5	0.0	0.0	0.2	0.0	0.0	0.0	0.16666666666666666	0.0	0.0	0.0	0.0	0.0	0.125	0.6666666666666666	0.0	0.0	0.0	0.0	0.0	0.0	0.25	0.6	0.18181818181818182	1.0	0.42857142857142855	0.14285714285714285	0.3333333333333333	0.625	0.2	0.25	0.125	
Herring x Glaucous-winged Gull (hybrid)	0.0	0.0	0.0	0.07142857142857142	0.0	0.0	0.0	0.0	0.0	0.0	0.0	0.0	0.0	0.0	0.0	0.0	0.0	0.0	0.0	0.0	0.0	0.0	0.0	0.0	0.0	0.0	0.0	0.0	0.0	0.0	0.0	0.0	0.0	0.0	0.0	0.0	0.0	0.0	0.0	0.0	0.0	0.0	0.0	0.0	0.0	0.0	0.0	0.0	
Western/Glaucous-winged Gull	0.14285714285714285	0.0	0.0	0.0	0.0	0.0	0.1111111111111111	0.0	0.0	0.09090909090909091	0.0	0.0	0.0	0.3333333333333333	0.0	0.0015	0.0	0.0	0.0	0.2	1.0	0.0	0.0	0.0	0.0	0.0	0.0	0.0	0.0	0.125	0.0	0.0	0.2	0.0	0.0	0.0	0.0	0.0	0.0	0.18181818181818182	0.0	0.0	0.0	0.0	0.0	0.0	0.25	0.0	
Glaucous Gull	0.0	0.0	0.0	0.0	0.0	0.0	0.0	0.0	0.0	0.0	0.0	0.0	0.0	0.0	0.0	0.0	0.0	0.0	0.0	0.0	0.0	0.0	0.0	0.0	0.0	0.0	0.0	0.0	0.0	0.0	0.0	0.0	0.0	0.0	0.0	0.0	0.0	0.0	0.0	0.0	0.0	0.14285714285714285	0.0	0.0	0.0	0.0	0.0	0.0	
Larus sp.	0.0	0.1111111111111111	0.0	0.0	0.0	0.0	0.0	0.0	0.0	0.0	0.0	0.16666666666666666	0.0	0.0	0.0	0.0	0.0	0.0015	0.0	0.0	0.5	0.25	0.0	0.0	0.0	0.0	0.0	0.0	0.0	0.0	0.0	0.0	0.4	0.0	0.0	0.0	0.0	0.125	0.0	0.18181818181818182	0.0	0.0	0.0	0.16666666666666666	0.125	0.2	0.0	0.0	
gull sp.	0.2857142857142857	0.2222222222222222	0.18181818181818182	0.35714285714285715	0.375	0.0	0.3333333333333333	0.0	0.125	0.09090909090909091	0.0	0.0	0.0	0.0015	0.2	0.2222222222222222	0.0	0.0	0.0	0.0015	0.0	0.0	0.0	0.0	0.0	0.4	0.5	0.0	0.0	0.125	0.3333333333333333	0.0	0.0	0.2	0.2857142857142857	0.1111111111111111	0.0	0.375	0.0	0.18181818181818182	0.0	0.2857142857142857	0.2857142857142857	0.08333333333333333	0.125	0.0	0.25	0.375	
Caspian Tern	0.0	0.0	0.0	0.0	0.0	0.0	0.0	0.0	0.0	0.0	0.0	0.0	0.0	0.0	0.0	0.0	0.0	0.0	0.0	0.2	0.0	0.0	0.2	0.0	0.5	0.4	0.0	0.0	0.0	0.0	0.0	0.14285714285714285	0.0	0.0	0.0	0.0	0.0	0.0	0.0	0.0	0.0	0.0	0.0	0.0	0.0	0.0	0.0	0.0	
Common Tern	0.0	0.0	0.0	0.0	0.0	0.0	0.0	0.0	0.0	0.0	0.0	0.0	0.0	0.0	0.0	0.0	0.0	0.0	0.0	0.0	0.0	0.0	0.0	0.0	0.0	0.0	0.0	0.0	0.0	0.0	0.0	0.0	0.0015	0.2	0.0	0.0	0.0	0.0	0.0	0.0	0.0	0.0	0.0	0.0	0.0	0.0	0.0	0.0	
Red-throated Loon	0.5	1.0	0.8181818181818182	0.6428571428571429	0.625	0.5	0.5555555555555556	0.0	0.25	0.45454545454545453	0.0	0.5	0.5	0.3333333333333333	0.0	0.2222222222222222	0.25	0.0	0.0	0.0	0.0	0.0	0.0	0.0	0.0	0.0	0.0	0.0	0.0	0.0	0.0	0.0	0.0	0.0	0.0	0.0	0.5	0.25	0.2	0.18181818181818182	1.0	0.5714285714285714	0.5714285714285714	0.75	1.0	0.8	0.75	0.375	
Pacific Loon	0.14285714285714285	0.2222222222222222	0.18181818181818182	0.14285714285714285	0.375	0.25	0.1111111111111111	1.0	0.125	0.2727272727272727	0.0	0.0	0.0	0.0	0.0	0.1111111111111111	0.25	0.0	0.25	0.0	0.0	0.0	0.0	0.0	0.0	0.0	0.0	0.0	0.0	0.0	0.0	0.0	0.0	0.0	0.0	0.0	0.0	0.5	0.2	0.18181818181818182	0.6666666666666666	0.2857142857142857	0.14285714285714285	0.5	0.375	0.2	0.25	0.125	
Common Loon	0.6428571428571429	0.3333333333333333	0.5454545454545454	0.6428571428571429	0.625	0.625	0.8888888888888888	0.0015	0.5	0.5454545454545454	1.0	0.6666666666666666	0.5	1.0	0.6	0.6666666666666666	0.5	0.0	0.25	0.2	0.5	0.0	0.0	0.0	0.0	0.2	0.5	0.0	0.0	0.125	0.0	0.0	0.4	0.4	0.0	0.5555555555555556	0.75	0.75	0.8	0.5454545454545454	1.0	0.5714285714285714	0.5714285714285714	0.8333333333333334	0.875	0.6	0.5	0.5	
loon sp.	0.14285714285714285	0.0	0.0	0.07142857142857142	0.0	0.0	0.1111111111111111	0.0	0.0	0.09090909090909091	0.0	0.0	0.0	0.0	0.0	0.0	0.0	0.0	0.0	0.0	0.5	0.0	0.0	0.0	0.0	0.0	0.0	0.0	0.0	0.0	0.0	0.0	0.0	0.0	0.0	0.0	0.0	0.0	0.0	0.0	0.0	0.0	0.0	0.0	0.0	0.0	0.25	0.375	
Northern Fulmar	0.0	0.0	0.0	0.0	0.0	0.0	0.0	0.0	0.0	0.0	0.0	0.0	0.0	0.0	0.0	0.0	0.0	0.0	0.0	0.0	0.0	0.0	0.0	0.0	0.0	0.0	0.0	0.0	0.0	0.0	0.0	0.0	0.0	0.0	0.0	0.0	0.0	0.0	0.0	0.0	0.0	0.0	0.0	0.0	0.0015	0.0	0.0	0.0	
Brandt's Cormorant	0.0	0.1111111111111111	0.09090909090909091	0.07142857142857142	0.125	0.25	0.1111111111111111	0.0	0.125	0.18181818181818182	0.5	0.0	0.0	0.0015	0.0	0.1111111111111111	0.25	0.0	0.0	0.2	0.0	0.0	0.2	0.16666666666666666	0.0	0.0	0.5	0.0	0.0	0.25	0.0	0.14285714285714285	0.0	0.0	0.14285714285714285	0.0	0.0	0.25	0.4	0.2727272727272727	1.0	0.2857142857142857	0.14285714285714285	0.3333333333333333	0.625	0.0	0.0	0.125	
Pelagic Cormorant	0.42857142857142855	0.4444444444444444	0.36363636363636365	0.2857142857142857	0.25	0.625	0.2222222222222222	0.0	0.25	0.2727272727272727	0.5	0.16666666666666666	1.0	0.3333333333333333	0.4	0.5555555555555556	0.5	0.0015	0.75	0.6	1.0	0.5	0.6	0.5	0.5	0.6	0.0	0.6666666666666666	0.0	0.75	0.6666666666666666	0.2857142857142857	0.4	0.2	0.2857142857142857	0.4444444444444444	0.75	0.875	0.4	0.36363636363636365	1.0	0.42857142857142855	0.2857142857142857	0.3333333333333333	0.75	0.4	0.5	0.125	
Double-crested Cormorant	0.35714285714285715	0.4444444444444444	0.36363636363636365	0.35714285714285715	0.625	0.75	0.4444444444444444	0.0	0.5	0.45454545454545453	0.0	0.5	0.5	0.6666666666666666	0.6	0.5555555555555556	0.5	0.0	0.0	0.6	0.5	0.25	0.4	0.3333333333333333	0.0	0.4	0.0	0.0	0.3333333333333333	0.5	0.3333333333333333	0.2857142857142857	0.2	0.0	0.8571428571428571	0.4444444444444444	0.75	0.75	0.6	0.8181818181818182	1.0	0.8571428571428571	0.5714285714285714	0.5833333333333334	0.875	0.2	0.75	0.375	
cormorant sp.	0.07142857142857142	0.2222222222222222	0.09090909090909091	0.07142857142857142	0.125	0.0	0.0	0.0	0.125	0.0	0.0	0.16666666666666666	0.0	0.0	0.0	0.1111111111111111	0.0	0.0	0.0	0.0	0.5	0.25	0.0	0.0	0.0	0.2	0.0	0.0	0.0	0.0	0.0	0.0	0.0	0.0	0.14285714285714285	0.0	0.0	0.125	0.0	0.18181818181818182	0.0	0.14285714285714285	0.14285714285714285	0.08333333333333333	0.125	0.0	0.25	0.0	
Brown Pelican	0.0	0.0	0.0	0.0	0.0	0.0	0.0	0.0	0.0	0.0	0.0	0.0	0.0	0.0	0.0	0.0	0.0	0.0	0.0	0.2	0.0	0.0	0.0	0.0	0.0	0.0	0.0	0.0	0.0	0.0	0.0	0.0	0.0	0.0	0.0	0.0	0.0	0.0	0.0	0.0	0.0	0.0	0.0	0.0	0.0	0.0	0.0	0.0	
Great Blue Heron	0.14285714285714285	0.1111111111111111	0.0	0.0	0.25	0.125	0.0	0.0	0.0	0.18181818181818182	0.0	0.16666666666666666	0.0	0.0	0.0	0.0	0.0	0.0	0.0	0.2	0.0	0.0	0.0	0.0	0.0	0.0	0.0	0.0	0.0	0.0	0.3333333333333333	0.14285714285714285	0.0	0.4	0.5714285714285714	0.3333333333333333	0.75	0.5	0.0	0.5454545454545454	0.6666666666666666	0.14285714285714285	0.0	0.08333333333333333	0.25	0.2	0.5	0.125	
Turkey Vulture	0.0	0.0	0.0	0.0	0.0	0.0	0.0	0.0	0.0	0.0	0.0	0.0	0.0	0.0	0.0	0.1111111111111111	0.0	0.0	0.0	0.0	0.0	0.0	0.0	0.16666666666666666	0.0	0.0	0.0	0.0	0.3333333333333333	0.0	0.0	0.0	0.0	0.2	0.0	0.0	0.0	0.0	0.0	0.0	0.0	0.0	0.0	0.0	0.0	0.0	0.0	0.0	
Osprey	0.0	0.0	0.0	0.0	0.0	0.0	0.0	0.0	0.0	0.0	0.0	0.0	0.0	0.0	0.0	0.1111111111111111	0.0	0.0	0.0	0.2	0.5	0.5	0.0	0.0	0.0	0.0	0.0	0.3333333333333333	0.0	0.25	0.3333333333333333	0.0	0.0	0.0	0.0	0.1111111111111111	0.0	0.0	0.0	0.0	0.0	0.0	0.0	0.0	0.0	0.0	0.0	0.0	
Northern Harrier	0.0	0.0	0.0	0.0	0.0	0.0	0.0	0.0	0.0	0.0	0.0	0.0	0.0	0.0	0.0	0.0	0.0	0.0	0.0	0.0	0.0	0.0	0.0	0.0	0.0	0.0	0.0	0.0	0.0	0.0	0.0	0.0	0.0	0.0	0.0	0.0	0.0	0.0	0.0	0.0	0.0	0.0	0.0	0.08333333333333333	0.0	0.0	0.0	0.0	
Bald Eagle	0.07142857142857142	0.1111111111111111	0.36363636363636365	0.42857142857142855	0.25	0.625	0.3333333333333333	0.0	0.25	0.6363636363636364	0.5	0.16666666666666666	1.0	1.0	0.2	0.2222222222222222	0.25	0.0	0.25	0.2	0.5	0.0	0.4	0.16666666666666666	0.16666666666666666	0.4	0.0	0.6666666666666666	0.6666666666666666	0.125	0.3333333333333333	0.0	0.0	0.0	0.0	0.2222222222222222	0.0	0.25	0.2	0.45454545454545453	0.3333333333333333	0.2857142857142857	0.2857142857142857	0.3333333333333333	0.375	0.4	0.25	0.125	
Red-tailed Hawk	0.0	0.0	0.09090909090909091	0.07142857142857142	0.125	0.0015	0.0	0.0	0.0	0.0	0.0	0.0	0.0	0.0	0.0	0.0	0.0	0.0	0.0	0.0	0.0	0.0	0.0	0.0	0.0	0.0	0.0	0.0	0.0015	0.0	0.0	0.0	0.0	0.0	0.0	0.1111111111111111	0.0	0.0	0.0	0.09090909090909091	0.0	0.0	0.0	0.16666666666666666	0.125	0.0	0.0	0.0	
Barred Owl	0.0	0.0	0.0	0.0	0.0	0.0	0.0	0.0	0.0	0.0	0.0	0.0	0.0	0.0	0.0	0.0	0.0	0.0	0.0	0.0	0.0	0.0	0.0	0.0	0.16666666666666666	0.0	0.0	0.0	0.0	0.0	0.0	0.0	0.0	0.0	0.0	0.0	0.0	0.0	0.0	0.0	0.0	0.0	0.0	0.0	0.0	0.0	0.0	0.0	
Belted Kingfisher	0.21428571428571427	0.1111111111111111	0.2727272727272727	0.21428571428571427	0.0	0.25	0.0	0.0	0.0	0.18181818181818182	0.0	0.0	0.5	0.0015	0.0	0.3333333333333333	0.25	0.0	0.0	0.2	0.0	0.0	0.2	0.0	0.16666666666666666	0.2	0.0	0.3333333333333333	0.0	0.25	0.6666666666666666	0.42857142857142855	0.2	0.2	0.14285714285714285	0.2222222222222222	0.25	0.25	0.4	0.5454545454545454	0.0	0.2857142857142857	0.2857142857142857	0.25	0.375	0.2	0.0	0.125	
Red-breasted Sapsucker	0.0	0.0	0.0	0.0	0.0	0.0	0.0	0.0	0.0	0.0	0.0	0.0	0.0	0.0	0.0	0.0	0.0	0.0	0.0	0.0	0.0	0.0	0.0	0.0	0.0	0.0	0.0	0.0	0.0	0.0	0.0	0.0	0.0	0.0	0.0	0.0	0.0	0.0	0.0	0.0	0.0	0.0	0.0	0.0	0.125	0.0	0.0	0.0	
Downy Woodpecker	0.0	0.0	0.0	0.0	0.0	0.0	0.0	0.0015	0.0	0.0	0.5	0.0	0.0	0.0	0.0	0.0	0.0	0.0	0.0	0.0	0.0	0.0	0.0	0.0	0.0	0.0	0.0	0.0	0.0	0.0	0.0	0.0	0.2	0.0	0.0	0.0	0.0	0.0	0.0	0.0	0.0	0.0	0.0	0.0	0.125	0.0015	0.25	0.125	
Hairy Woodpecker	0.0	0.1111111111111111	0.0	0.07142857142857142	0.0	0.0	0.0	0.0	0.0	0.0	0.0	0.0	0.5	0.0	0.0	0.1111111111111111	0.0	0.0	0.0	0.0	0.0	0.0	0.0	0.0	0.0	0.0	0.0	0.0	0.0	0.0	0.0	0.0	0.0	0.0	0.0	0.0	0.0	0.0	0.0	0.09090909090909091	0.0	0.0	0.0	0.0	0.0	0.0	0.0	0.0	
Downy/Hairy Woodpecker	0.0	0.0	0.0	0.0	0.0	0.0	0.0	0.0	0.0	0.0	0.0	0.0	0.0	0.0	0.0	0.0	0.0	0.0	0.0	0.0	0.0	0.0	0.0	0.16666666666666666	0.0	0.0	0.0	0.0	0.0	0.0	0.0	0.0	0.0	0.0	0.0	0.0	0.0	0.0	0.0	0.0	0.0	0.0	0.0	0.0	0.0	0.0	0.0	0.0	
Pileated Woodpecker	0.0	0.0	0.0	0.0	0.0	0.0	0.0	0.0	0.0	0.0	0.0	0.0	0.0	0.0	0.2	0.0	0.0	0.0	0.0	0.0	0.0	0.0	0.0	0.0	0.16666666666666666	0.0	0.0	0.0	0.0	0.0	0.0	0.14285714285714285	0.0	0.0	0.0	0.0	0.0	0.0	0.0	0.0	0.0	0.0	0.0	0.0	0.0	0.2	0.0	0.0	
Northern Flicker	0.0	0.1111111111111111	0.0	0.0	0.0	0.125	0.0	0.0015	0.0	0.36363636363636365	0.5	0.16666666666666666	0.5	0.0	0.6	0.5555555555555556	0.25	0.0	0.0	0.2	0.0	0.5	0.6	0.16666666666666666	0.0	0.2	0.5	0.3333333333333333	0.0	0.125	0.0	0.2857142857142857	0.0	0.2	0.14285714285714285	0.1111111111111111	0.0	0.25	0.4	0.09090909090909091	0.0	0.14285714285714285	0.0	0.0	0.125	0.0	0.0	0.125	
Merlin	0.0	0.0	0.0	0.0	0.0	0.0	0.0	0.0	0.0	0.0	0.0	0.0	0.0	0.0	0.0	0.0	0.0	0.0	0.0	0.0	0.0	0.0	0.0	0.0	0.0	0.0	0.0	0.0	0.0	0.0	0.0	0.0	0.0	0.0	0.0	0.1111111111111111	0.0	0.0	0.0	0.0	0.0	0.0	0.0	0.0	0.0	0.0	0.0	0.0	
Peregrine Falcon	0.0	0.0	0.0	0.0	0.0	0.0	0.0	0.0	0.0	0.0	0.0	0.0	0.0	0.0	0.0	0.0	0.0	0.0	0.0	0.0	0.0	0.0	0.0	0.0	0.0	0.0	0.0	0.0	0.0	0.0	0.0	0.0	0.0	0.0	0.0	0.1111111111111111	0.0	0.25	0.0	0.0	0.0	0.0	0.0	0.0	0.0	0.0	0.0	0.0	
falcon sp.	0.0	0.0	0.0	0.0	0.0	0.0	0.0	0.0	0.0	0.0	0.0	0.0	0.0	0.0	0.0	0.0	0.0	0.0	0.0	0.0	0.0	0.0	0.0	0.0	0.0	0.0	0.0	0.0	0.0	0.0	0.0	0.0	0.0	0.0	0.0	0.0	0.0	0.0	0.0	0.0	0.0	0.0	0.0	0.0	0.125	0.0	0.0	0.0	
Olive-sided Flycatcher	0.0	0.0	0.0	0.0	0.0	0.0	0.0	0.0	0.0	0.0	0.0	0.0	0.0	0.0	0.0	0.0	0.0	0.0	0.0	0.2	1.0	0.0	0.0	0.0	0.0	0.4	1.0	0.0015	0.0	0.0	0.0	0.0	0.0	0.0	0.0	0.0	0.0	0.0	0.0	0.0	0.0	0.0	0.0	0.0	0.0	0.0	0.0	0.0	
Western Wood-Pewee	0.0	0.0	0.0	0.0	0.0	0.0	0.0	0.0	0.0	0.0	0.0	0.0	0.0	0.0	0.0	0.0	0.0	0.0	0.0	0.0	0.0	0.0	0.0	0.0	0.0	0.0	0.0	0.0	0.0	0.0	0.3333333333333333	0.0	0.0	0.0	0.0	0.0	0.0	0.0	0.0	0.0	0.0	0.0	0.0	0.0	0.0	0.0	0.0	0.0	
Willow Flycatcher	0.0	0.0	0.0	0.0	0.0	0.0	0.0	0.0	0.0	0.0	0.0	0.0	0.0	0.0	0.0	0.0	0.0	0.0	0.0	0.0	0.0	0.0	0.0	0.0	0.0	0.0	0.0	0.0	0.0	0.0	0.3333333333333333	0.0	0.0	0.0	0.0	0.0	0.0	0.0	0.0	0.0	0.0	0.0	0.0	0.0	0.0	0.0	0.0	0.0	
Pacific-slope Flycatcher	0.0	0.0	0.0	0.0	0.0	0.0	0.0	0.0	0.0	0.0	0.0	0.0	0.0	0.0	0.0	0.0015	0.0	0.0	0.0	0.0	0.5	0.0	0.4	0.0	0.0	0.0	0.5	0.0	0.0	0.0	0.3333333333333333	0.0	0.0	0.0	0.0	0.0	0.0	0.0	0.0	0.0	0.0	0.0	0.0	0.0	0.0	0.0	0.0	0.0	
Empidonax sp.	0.0	0.0	0.0	0.0	0.0	0.0	0.0	0.0	0.0	0.0	0.0	0.0	0.0	0.0	0.0	0.0	0.0	0.0	0.0	0.0	0.0	0.0	0.0	0.0	0.0	0.0	0.0	0.0	0.3333333333333333	0.0	0.0	0.0	0.0	0.0	0.0	0.0	0.0	0.0	0.0	0.0	0.0	0.0	0.0	0.0	0.0	0.0	0.0	0.0	
Northern Shrike	0.0	0.0	0.0	0.0	0.0	0.0	0.0	0.0	0.0	0.09090909090909091	0.0	0.0	0.0	0.0	0.0	0.0	0.0	0.0	0.0	0.0	0.0	0.0	0.0	0.0	0.0	0.0	0.0	0.0	0.0	0.0	0.0	0.0	0.0	0.0	0.0	0.0	0.0	0.0	0.0	0.0	0.0	0.0	0.0	0.0	0.0	0.0	0.0	0.0	
Hutton's Vireo	0.0	0.0	0.0	0.0	0.0	0.0	0.0	0.0	0.0	0.0	0.5	0.16666666666666666	0.0	0.0	0.0	0.0	0.0	0.0	0.0	0.0	0.0	0.0	0.0	0.0	0.0	0.0	0.0	0.0	0.0	0.0	0.0	0.0	0.2	0.0	0.0	0.0	0.0	0.0	0.0	0.0	0.0	0.0	0.0	0.0	0.0	0.0	0.0	0.0	
Steller's Jay	0.0	0.0	0.0	0.0	0.0	0.0	0.1111111111111111	0.0	0.125	0.0	0.0	0.0	0.5	0.0	0.0	0.0	0.0	0.0	0.0	0.0	0.5	0.0	0.0	0.0	0.0	0.0	0.0	0.0	0.0	0.0	0.0	0.0	0.0	0.0	0.0	0.0	0.0	0.0	0.0	0.0	0.0	0.0	0.0	0.0	0.0	0.0	0.25	0.0	
American Crow	0.21428571428571427	0.0	0.5454545454545454	0.35714285714285715	0.5	0.375	0.1111111111111111	0.0015	0.0	0.45454545454545453	0.5	0.6666666666666666	0.5	0.0015	0.8	0.6666666666666666	0.5	0.0	0.0	0.2	0.5	0.0	1.0	0.5	0.0	0.4	0.5	0.6666666666666666	0.0	0.375	0.3333333333333333	0.14285714285714285	0.0	0.2	0.14285714285714285	0.1111111111111111	0.25	0.5	0.4	0.45454545454545453	0.3333333333333333	0.14285714285714285	0.14285714285714285	0.3333333333333333	0.375	0.6	0.5	0.375	
Northwestern Crow	0.0	0.0	0.0	0.07142857142857142	0.125	0.25	0.0	0.0	0.25	0.18181818181818182	0.0	0.0	0.0	0.3333333333333333	0.0	0.1111111111111111	0.25	0.0	0.0	0.4	0.0	0.25	0.2	0.0	0.3333333333333333	0.2	0.0	0.0	0.0	0.0	0.3333333333333333	0.2857142857142857	0.2	0.2	0.0	0.4444444444444444	0.25	0.0	0.2	0.0	0.3333333333333333	0.0	0.0	0.0015	0.0	0.0	0.0	0.125	
American/Northwestern Crow	0.07142857142857142	0.0	0.0	0.07142857142857142	0.0	0.0015	0.0	0.0	0.0	0.09090909090909091	0.0	0.16666666666666666	1.0	0.0	0.0	0.0	0.0	0.0015	0.0	0.0	0.5	0.25	0.0	0.0	0.0	0.2	0.5	0.0	0.0	0.0	0.0	0.14285714285714285	0.2	0.2	0.2857142857142857	0.1111111111111111	0.25	0.375	0.0	0.09090909090909091	0.0	0.2857142857142857	0.0	0.16666666666666666	0.125	0.0015	0.25	0.0	
Common Raven	0.0	0.0	0.0	0.0	0.125	0.125	0.0	0.0	0.125	0.0	0.0	0.0	0.0	0.0	0.2	0.0	0.0	0.0	0.0	0.2	0.5	0.0	0.0	0.0	0.16666666666666666	0.0	0.0	0.0	0.0	0.0	0.0	0.0	0.0	0.0	0.14285714285714285	0.1111111111111111	0.0	0.25	0.0	0.0	0.0	0.0	0.0	0.08333333333333333	0.0	0.0	0.25	0.0	
Northern Rough-winged Swallow	0.0	0.0	0.0	0.0	0.0	0.0	0.0	0.0	0.0	0.0	0.0	0.0	0.0	0.0	0.4	0.0015	0.0	0.0	0.75	0.6	0.5	0.0	0.2	0.0	0.0	0.0	0.0	0.0	0.0	0.0	0.0	0.0	0.0	0.0	0.0	0.0	0.0	0.0	0.0	0.0	0.0	0.0	0.0	0.0	0.0	0.0	0.0	0.0	
Tree Swallow	0.0	0.0	0.0	0.0	0.0	0.0	0.0	0.0	0.0	0.0	0.0	0.0	0.0	0.0	0.2	0.2222222222222222	0.0	0.0	0.25	0.2	0.5	0.0	0.6	0.0	0.0	0.0	0.0	0.0	0.0	0.0	0.0	0.0	0.0	0.0	0.0	0.0	0.0	0.0	0.0	0.0	0.0	0.0	0.0	0.0	0.0	0.0	0.0	0.0	
Violet-green Swallow	0.0	0.0	0.0	0.0	0.0	0.0	0.0	0.0	0.0	0.18181818181818182	0.0	0.0	0.5	0.0015	0.0	0.0	0.0	0.0	0.25	0.2	0.0	0.5	0.4	0.0	0.16666666666666666	0.0	0.0	0.0	0.0	0.0	0.0	0.0	0.0	0.0	0.0	0.1111111111111111	0.0	0.0	0.0	0.0	0.0	0.0	0.0	0.0	0.0	0.0	0.0	0.0	
Barn Swallow	0.0	0.0	0.0	0.0	0.0	0.0	0.0	0.0	0.0	0.09090909090909091	0.0	0.0	0.0	0.0	0.2	0.0015	0.0	0.0015	0.5	0.4	0.5	0.25	0.4	0.16666666666666666	0.16666666666666666	0.2	0.0	0.3333333333333333	0.0	0.125	0.3333333333333333	0.0	0.0	0.2	0.0	0.2222222222222222	0.0	0.0	0.0	0.0	0.0	0.0	0.0	0.0	0.0	0.0	0.0	0.0	
Cliff Swallow	0.0	0.0	0.0	0.0	0.0	0.0	0.0	0.0	0.0	0.0	0.0	0.0	0.0	0.0	0.0	0.0	0.0	0.0	0.5	0.2	0.0	0.0	0.0	0.0	0.0	0.0	0.0	0.0	0.0	0.0	0.0	0.0	0.0	0.0	0.0	0.0	0.0	0.0	0.0	0.0	0.0	0.0	0.0	0.0	0.0	0.0	0.0	0.0	
swallow sp.	0.0	0.0	0.0	0.0	0.0	0.0	0.0	0.0	0.0	0.0	0.0	0.0	0.0	0.0	0.0	0.1111111111111111	0.0	0.0	0.25	0.0	0.0	0.0	0.0	0.0	0.0	0.0	0.0	0.0	0.0	0.0	0.0	0.0	0.0	0.0	0.0	0.0	0.25	0.0	0.0	0.0	0.0	0.0	0.0	0.0	0.0	0.0	0.0	0.0	
Black-capped Chickadee	0.0	0.0	0.0	0.07142857142857142	0.0	0.0	0.0	0.0	0.0	0.09090909090909091	0.0	0.16666666666666666	0.5	0.0015	0.2	0.0	0.25	0.0	0.0	0.0	0.0	0.0	0.2	0.16666666666666666	0.0	0.4	0.5	0.3333333333333333	0.0	0.125	0.3333333333333333	0.0	0.0	0.0	0.2857142857142857	0.0	0.0	0.375	0.2	0.09090909090909091	0.0	0.14285714285714285	0.0	0.16666666666666666	0.0	0.0015	0.5	0.0	
Chestnut-backed Chickadee	0.0	0.1111111111111111	0.18181818181818182	0.07142857142857142	0.0	0.0	0.1111111111111111	0.0	0.125	0.18181818181818182	0.5	0.16666666666666666	0.5	0.0015	0.4	0.2222222222222222	0.25	0.0	0.25	0.4	0.5	0.0	0.6	0.0	0.3333333333333333	0.0	0.0	0.3333333333333333	0.0	0.125	0.3333333333333333	0.42857142857142855	0.4	0.6	0.7142857142857143	0.3333333333333333	0.0	0.625	0.2	0.18181818181818182	0.3333333333333333	0.14285714285714285	0.0	0.16666666666666666	0.125	0.2	0.0	0.125	
Bushtit	0.0	0.0	0.0	0.0	0.0	0.0	0.0	0.0	0.0	0.0	0.0	0.0	0.5	0.0	0.2	0.0	0.0	0.0	0.0	0.0	0.0	0.0	0.2	0.0	0.0	0.0	0.0	0.3333333333333333	0.0	0.0	0.0	0.0	0.0	0.0	0.0	0.1111111111111111	0.0	0.0	0.0	0.0	0.0	0.0	0.0	0.08333333333333333	0.125	0.0	0.0	0.0	
Red-breasted Nuthatch	0.0	0.1111111111111111	0.09090909090909091	0.07142857142857142	0.0	0.0	0.0	0.0	0.125	0.0	0.0	0.0	0.5	0.0	0.0015	0.2222222222222222	0.0	0.0	0.0	0.0	0.0	0.0	0.2	0.0	0.16666666666666666	0.0	0.0	0.0	0.0	0.125	0.3333333333333333	0.14285714285714285	0.0	0.4	0.14285714285714285	0.0	0.0	0.25	0.0	0.09090909090909091	0.3333333333333333	0.0	0.0015	0.16666666666666666	0.125	0.2	0.0	0.0	
Brown Creeper	0.0	0.0	0.0	0.07142857142857142	0.0	0.375	0.1111111111111111	0.0	0.125	0.0	0.5	0.0	0.0	0.0	0.0	0.1111111111111111	0.25	0.0015	0.0	0.0	0.0	0.0	0.2	0.0	0.16666666666666666	0.0	0.0	0.0	0.0	0.0	0.3333333333333333	0.14285714285714285	0.2	0.4	0.42857142857142855	0.1111111111111111	0.0	0.25	0.2	0.0	0.3333333333333333	0.0	0.0	0.08333333333333333	0.125	0.0	0.0	0.0	
Rock Wren	0.07142857142857142	0.0	0.0	0.0	0.0	0.0	0.0	0.0	0.0	0.0	0.0	0.0	0.0	0.0	0.0	0.0	0.0	0.0	0.0	0.0	0.0	0.0	0.0	0.0	0.0	0.0	0.0	0.0	0.0	0.0	0.0	0.0	0.0	0.0	0.0	0.0	0.0	0.0	0.0	0.0	0.0	0.0	0.0	0.0	0.0	0.0	0.0	0.0	
House Wren	0.0	0.0	0.0	0.0	0.0	0.0	0.0	0.0	0.0	0.0	0.0	0.0	0.0	0.0	0.0	0.0	0.0	0.0	0.0	0.0015	0.5	0.0	0.0	0.16666666666666666	0.0	0.0	0.0	0.0	0.0	0.0	0.0	0.0	0.0	0.0	0.0	0.0	0.0	0.0	0.0	0.0	0.0	0.0	0.0	0.0	0.0	0.0	0.0	0.0	
Pacific Wren	0.14285714285714285	0.2222222222222222	0.09090909090909091	0.21428571428571427	0.125	0.125	0.4444444444444444	0.0	0.0	0.36363636363636365	0.0	0.16666666666666666	1.0	0.0015	0.2	0.2222222222222222	0.0	0.0	0.0	0.2	0.0	0.0	0.4	0.0	0.0	0.0	0.0	0.0	0.0	0.0	0.0	0.0	0.0	0.2	0.14285714285714285	0.1111111111111111	0.25	0.25	0.6	0.45454545454545453	0.6666666666666666	0.5714285714285714	0.2857142857142857	0.5	0.75	0.6	0.75	0.25	
Marsh Wren	0.0	0.0	0.0	0.0	0.0	0.0	0.0	0.0	0.0	0.09090909090909091	0.0	0.0	0.5	0.0015	0.2	0.1111111111111111	0.0	0.0	0.0	0.0	0.0	0.0	0.2	0.0	0.16666666666666666	0.0	0.0	0.0	0.0	0.0	0.3333333333333333	0.0	0.0	0.0	0.0	0.0	0.0	0.0	0.0	0.0	0.0	0.0	0.0	0.16666666666666666	0.0	0.0	0.0	0.0	
Bewick's Wren	0.0	0.0	0.0	0.14285714285714285	0.0	0.125	0.0	0.0	0.0	0.0	0.0	0.0	0.0	0.3333333333333333	0.2	0.0	0.25	0.0	0.5	0.0	0.0	0.0	0.0	0.0	0.16666666666666666	0.2	0.0	0.0	0.0	0.125	0.0	0.14285714285714285	0.0	0.2	0.2857142857142857	0.0	0.25	0.25	0.2	0.0	0.6666666666666666	0.0	0.0	0.16666666666666666	0.0	0.0	0.0	0.0	
Golden-crowned Kinglet	0.07142857142857142	0.1111111111111111	0.2727272727272727	0.07142857142857142	0.0	0.0015	0.2222222222222222	0.0	0.25	0.09090909090909091	0.0	0.0	0.5	0.0015	0.0	0.2222222222222222	0.25	0.0	0.0	0.0	0.0	0.0	0.2	0.0	0.0	0.0	0.0	0.0	0.0	0.0	0.0	0.14285714285714285	0.2	0.4	0.14285714285714285	0.3333333333333333	0.25	0.25	0.4	0.36363636363636365	0.6666666666666666	0.42857142857142855	0.14285714285714285	0.25	0.375	0.2	0.5	0.125	
Ruby-crowned Kinglet	0.0	0.0	0.0	0.07142857142857142	0.0	0.0	0.0	0.0	0.125	0.09090909090909091	0.0	0.0	0.0	0.0	0.0015	0.1111111111111111	0.0	0.0	0.0	0.0	0.0	0.0	0.0	0.0	0.0	0.0	0.0	0.0	0.0	0.0	0.0	0.0	0.0	0.0	0.0	0.1111111111111111	0.0	0.0	0.2	0.18181818181818182	0.0015	0.2857142857142857	0.0	0.16666666666666666	0.0	0.2	0.25	0.0	
Varied Thrush	0.0	0.1111111111111111	0.0	0.0	0.0	0.0	0.0	0.0	0.0	0.09090909090909091	0.0	0.0	0.0	0.0015	0.0	0.1111111111111111	0.0	0.0	0.0	0.0	0.0	0.0	0.2	0.0	0.0	0.0	0.0	0.0	0.0	0.0	0.0	0.0	0.0	0.0	0.0	0.0	0.0	0.0	0.0	0.0	0.0	0.0	0.0	0.0	0.125	0.2	0.25	0.0	
Swainson's Thrush	0.0	0.0	0.0	0.0	0.0	0.0	0.0	0.0	0.0	0.0	0.0	0.0	0.0	0.0	0.0	0.0	0.0	0.0	0.0	0.6	0.5	0.0	0.4	0.16666666666666666	0.3333333333333333	0.0015	0.0	0.3333333333333333	0.0	0.0	0.0	0.0	0.0	0.0	0.0	0.0	0.0	0.0	0.0	0.0	0.0	0.0	0.0	0.0	0.0	0.0	0.0	0.0	
Hermit Thrush	0.0	0.0	0.0	0.0	0.0	0.0	0.0	0.0	0.0	0.0	0.0	0.0	0.5	0.0	0.0	0.1111111111111111	0.0	0.0	0.0	0.0	0.0	0.0	0.0	0.0	0.0	0.0	0.0	0.0	0.0	0.0	0.0	0.0	0.0	0.0	0.0	0.0	0.0	0.0	0.0	0.0	0.0	0.0	0.0	0.0	0.0	0.2	0.0	0.0	
American Robin	0.07142857142857142	0.1111111111111111	0.09090909090909091	0.0	0.0	0.125	0.1111111111111111	0.0015	0.125	0.6363636363636364	0.0	0.3333333333333333	1.0	0.3333333333333333	0.2	0.5555555555555556	0.5	0.0015	0.25	0.2	1.0	0.5	0.8	0.5	0.3333333333333333	0.2	1.0	0.3333333333333333	0.0	0.0	0.3333333333333333	0.14285714285714285	0.0	0.2	0.2857142857142857	0.1111111111111111	0.0	0.25	0.2	0.09090909090909091	0.6666666666666666	0.0	0.0	0.16666666666666666	0.375	0.0	0.0	0.125	
European Starling	0.0	0.0	0.09090909090909091	0.0	0.0	0.0	0.0	0.0	0.0	0.2727272727272727	0.0	0.0	0.5	0.3333333333333333	0.4	0.4444444444444444	0.0	0.0	0.5	0.2	0.0	0.5	0.2	0.16666666666666666	0.0	0.0	0.0	0.0	0.0	0.0	0.0	0.14285714285714285	0.0	0.0	0.0	0.1111111111111111	0.0	0.125	0.0	0.0	0.0	0.0	0.0	0.08333333333333333	0.0	0.0	0.0	0.25	
American Pipit	0.0	0.0	0.0	0.0	0.0	0.0	0.0	0.0	0.0	0.0	0.0	0.0	0.0	0.0	0.0	0.0	0.0	0.0	0.0	0.0	0.0	0.0	0.0	0.0	0.0	0.0	0.0	0.0	0.0	0.0	0.0	0.0	0.0	0.0	0.0	0.0	0.0	0.25	0.0	0.0	0.0	0.0	0.0	0.0	0.0	0.0	0.0	0.0	
Cedar Waxwing	0.0	0.0	0.0	0.0	0.0	0.0	0.0	0.0	0.0	0.0	0.0	0.0	0.0	0.0	0.0	0.0	0.0	0.0	0.0	0.2	0.5	0.25	0.4	0.0	0.16666666666666666	0.0	0.0	0.0	0.0	0.0	0.3333333333333333	0.0	0.0	0.0	0.0	0.0	0.0	0.0	0.0	0.0	0.0	0.0	0.0	0.0	0.0	0.0015	0.0	0.0	
House Finch	0.0	0.0	0.0	0.0	0.0	0.0	0.0	0.0	0.125	0.09090909090909091	0.0	0.0	0.0	0.0	0.0	0.0	0.0	0.0	0.0	0.4	0.0	0.0	0.0	0.0	0.0	0.0	0.0	0.6666666666666666	0.0	0.0	0.3333333333333333	0.0	0.0	0.0	0.0	0.1111111111111111	0.25	0.125	0.0	0.0	0.3333333333333333	0.14285714285714285	0.0	0.0	0.0	0.0	0.0	0.0	
Purple Finch	0.0	0.0	0.0	0.0	0.0	0.0	0.0	0.0	0.0	0.0	0.0	0.0	0.0	0.0	0.0	0.1111111111111111	0.0	0.0	0.0	0.0	0.0	0.0	0.0	0.0	0.0	0.0	0.0	0.0	0.0	0.125	0.0	0.0	0.0	0.0	0.0	0.0	0.0	0.0	0.0	0.0	0.0	0.0	0.0	0.0	0.0	0.0	0.0	0.0	
Red Crossbill	0.0	0.0	0.09090909090909091	0.0	0.0	0.0	0.1111111111111111	0.0	0.0	0.0	0.0	0.0	0.5	0.0	0.0	0.0	0.0	0.0	0.0	0.0	0.0	0.0	0.0	0.0	0.0	0.2	0.0	0.0	0.0	0.0	0.0	0.14285714285714285	0.0	0.0	0.0	0.0	0.0	0.25	0.2	0.18181818181818182	0.0	0.0	0.0	0.0	0.125	0.0	0.0	0.0	
Pine Siskin	0.0	0.1111111111111111	0.0	0.0	0.0	0.0	0.0	0.0	0.0	0.0	0.0	0.0	0.0	0.0015	0.0	0.1111111111111111	0.0	0.0	0.0	0.2	0.0	0.0	0.0	0.0	0.16666666666666666	0.0	0.0	0.3333333333333333	0.0	0.0	0.3333333333333333	0.0	0.0	0.0	0.14285714285714285	0.0	0.0	0.0	0.0	0.0	0.0	0.0	0.0	0.0	0.125	0.2	0.0	0.0	
American Goldfinch	0.0	0.0	0.0	0.0	0.0	0.0	0.0	0.0	0.0	0.0	0.0	0.0	0.0	0.0	0.0	0.0	0.25	0.0	0.0	0.2	0.5	0.25	0.4	0.3333333333333333	0.0	0.0	0.0	0.3333333333333333	0.0	0.0	0.0	0.0	0.0	0.0	0.0	0.1111111111111111	0.0	0.0	0.0	0.0	0.0	0.0	0.0	0.0	0.0	0.0	0.0	0.0	
finch sp.	0.0	0.0	0.0	0.0	0.0	0.0	0.0	0.0	0.0	0.0	0.0	0.0	0.0	0.0	0.0	0.0	0.0	0.0	0.0	0.0	0.0	0.0	0.0	0.0	0.0	0.0	0.0	0.0	0.0	0.0	0.0	0.0	0.0	0.0	0.0	0.0	0.0	0.0	0.0	0.0	0.0	0.0	0.0	0.0	0.0	0.0	0.25	0.0	
Fox Sparrow	0.0	0.0	0.0	0.0	0.0	0.0	0.0	0.0	0.0	0.0	0.0	0.0	0.0	0.0	0.0	0.1111111111111111	0.0	0.0	0.0	0.0	0.0	0.0	0.0	0.0	0.0	0.0	0.0	0.0	0.0	0.0	0.0	0.0	0.0	0.2	0.0	0.0	0.0	0.25	0.0	0.09090909090909091	0.0	0.14285714285714285	0.0	0.16666666666666666	0.125	0.2	0.25	0.0	
Dark-eyed Junco	0.07142857142857142	0.1111111111111111	0.09090909090909091	0.0	0.125	0.125	0.0	0.0	0.0	0.2727272727272727	0.0	0.16666666666666666	1.0	0.3333333333333333	0.2	0.4444444444444444	0.0	0.0015	0.0	0.2	0.5	0.25	0.4	0.3333333333333333	0.16666666666666666	0.0	0.0	0.3333333333333333	0.3333333333333333	0.125	0.0	0.14285714285714285	0.0	0.0	0.2857142857142857	0.0	0.0	0.375	0.2	0.09090909090909091	0.0	0.2857142857142857	0.14285714285714285	0.3333333333333333	0.125	0.0015	0.5	0.125	
White-crowned Sparrow	0.0	0.0	0.0	0.0	0.0	0.0	0.0	0.0	0.0	0.18181818181818182	0.0	0.3333333333333333	0.5	0.3333333333333333	0.8	0.5555555555555556	0.25	0.0015	0.5	0.8	1.0	1.0	0.8	0.6666666666666666	0.0	0.2	0.0	0.3333333333333333	0.3333333333333333	0.5	0.6666666666666666	0.5714285714285714	0.6	0.4	0.5714285714285714	0.1111111111111111	0.25	0.0	0.0	0.18181818181818182	0.0	0.14285714285714285	0.0	0.0	0.125	0.0	0.0	0.0	
Golden-crowned Sparrow	0.0	0.0	0.0	0.0	0.0	0.0	0.0	0.0	0.0	0.0	0.0	0.0	0.0	0.0	0.2	0.0	0.0	0.0	0.0	0.0	0.0	0.0	0.0	0.0	0.0	0.0	0.0	0.0	0.0	0.0	0.0	0.0	0.0	0.0	0.0	0.1111111111111111	0.0	0.25	0.0	0.0	0.0	0.0	0.0	0.0	0.0	0.0	0.0	0.0	
Savannah Sparrow	0.0	0.0	0.0	0.0	0.0	0.0	0.0	0.0	0.0	0.0	0.0	0.0	0.0	0.0	0.2	0.1111111111111111	0.0	0.0	0.0	0.0	0.0	0.0	0.0	0.0	0.0	0.0	0.0	0.0	0.0	0.0	0.0	0.0	0.0	0.0	0.2857142857142857	0.1111111111111111	0.0	0.0	0.0	0.0	0.0	0.0	0.0	0.0	0.0	0.0	0.0	0.0	
Song Sparrow	0.2857142857142857	0.0	0.18181818181818182	0.2857142857142857	0.25	0.25	0.2222222222222222	0.0015	0.125	0.45454545454545453	1.0	0.5	1.0	0.6666666666666666	0.2	0.5555555555555556	0.5	0.0	0.25	0.6	0.5	0.25	0.8	0.6666666666666666	0.0	0.4	0.0	0.3333333333333333	0.0	0.125	0.3333333333333333	0.42857142857142855	0.0	0.6	0.2857142857142857	0.3333333333333333	0.5	0.625	0.2	0.36363636363636365	0.3333333333333333	0.2857142857142857	0.14285714285714285	0.5833333333333334	0.625	0.4	0.75	0.625	
Spotted Towhee	0.21428571428571427	0.2222222222222222	0.0	0.21428571428571427	0.125	0.125	0.0	0.0	0.0	0.18181818181818182	0.0	0.3333333333333333	0.0	0.0	0.4	0.4444444444444444	0.25	0.0015	0.25	0.4	0.5	0.25	0.6	0.16666666666666666	0.3333333333333333	0.6	0.0	0.3333333333333333	0.0	0.125	0.3333333333333333	0.14285714285714285	0.0	0.2	0.5714285714285714	0.1111111111111111	0.0	0.0	0.0	0.18181818181818182	0.0	0.2857142857142857	0.0	0.16666666666666666	0.25	0.4	0.25	0.125	
Red-winged Blackbird	0.0	0.0	0.0	0.0	0.0	0.0	0.0	0.0	0.0	0.2727272727272727	0.0	0.0	0.5	0.0015	0.4	0.3333333333333333	0.0	0.0	0.0	0.2	0.0	0.0	0.4	0.0	0.0	0.0	0.0	0.0	0.0	0.0	0.0	0.0	0.0	0.0	0.0	0.0	0.0	0.0	0.0	0.0	0.0	0.0	0.0	0.0	0.0	0.0	0.0	0.0	
Brown-headed Cowbird	0.0	0.0	0.0	0.0	0.0	0.0	0.0	0.0	0.0	0.0	0.0	0.0	0.0	0.0	0.0	0.0	0.0	0.0	0.0	0.2	0.5	0.25	0.2	0.0	0.16666666666666666	0.0	0.0	0.0	0.0	0.0	0.0	0.0	0.0	0.0	0.0	0.0	0.0	0.0	0.0	0.0	0.0	0.0	0.0	0.0	0.0	0.0	0.0	0.0	
Brewer's Blackbird	0.0	0.0	0.0	0.0	0.0	0.0	0.0	0.0	0.0	0.0	0.0	0.0	0.0	0.0	0.0	0.1111111111111111	0.0	0.0	0.0	0.0	0.0	0.0	0.2	0.0	0.0	0.0	0.0	0.0	0.0	0.0	0.0	0.0	0.0	0.0	0.0	0.0	0.0	0.0	0.0	0.0	0.0	0.14285714285714285	0.0	0.0	0.0	0.0	0.0	0.0	
Orange-crowned Warbler	0.0	0.0	0.0	0.0	0.0	0.0	0.0	0.0	0.0	0.0	0.0	0.0	0.0	0.0	0.4	0.1111111111111111	0.25	0.0	0.0	0.4	0.5	0.0	0.2	0.16666666666666666	0.3333333333333333	0.0	0.0	0.3333333333333333	0.0	0.0	0.0	0.0	0.0	0.0	0.0	0.0	0.0	0.0	0.0	0.0	0.0	0.0	0.0	0.0	0.0	0.0	0.0	0.0	
Common Yellowthroat	0.0	0.0	0.0	0.0	0.0	0.0	0.0	0.0	0.0	0.0	0.0	0.0	0.0	0.0	0.0	0.0	0.0	0.0	0.0	0.0	0.0	0.0	0.2	0.0	0.16666666666666666	0.0	0.0	0.0	0.0	0.0	0.0	0.0	0.0	0.0	0.0	0.0	0.0	0.0	0.0	0.0	0.0	0.0	0.0	0.0	0.0	0.0	0.0	0.0	
Yellow Warbler	0.0	0.0	0.0	0.0	0.0	0.0	0.0	0.0	0.0	0.0	0.0	0.0	0.0	0.0	0.0	0.0	0.25	0.0	0.0	0.4	0.0	0.0	0.0	0.0	0.0	0.0	0.0	0.0	0.0	0.0	0.0	0.0	0.0	0.2	0.0	0.0	0.0	0.0	0.0	0.0	0.0	0.0	0.0	0.0	0.0	0.0	0.0	0.0	
Yellow-rumped Warbler	0.0	0.0	0.0	0.0	0.0	0.0	0.0	0.0	0.0	0.0	0.0	0.0	0.5	0.0	0.2	0.2222222222222222	0.0	0.0	0.0	0.0	0.0	0.0	0.0	0.0	0.0	0.0	0.0	0.3333333333333333	0.3333333333333333	0.0	0.0	0.14285714285714285	0.0	0.0	0.14285714285714285	0.0	0.0	0.0	0.0	0.0	0.0	0.0	0.0	0.0	0.0	0.0	0.0	0.0	
Townsend's Warbler	0.0	0.0	0.0	0.0	0.0	0.0	0.0	0.0	0.0	0.0	0.0	0.0	0.5	0.0	0.0	0.1111111111111111	0.0	0.0	0.0	0.0	0.0	0.0	0.0	0.0	0.0	0.0	0.0	0.0	0.0	0.0	0.0	0.0	0.0	0.0	0.0	0.0	0.0	0.0	0.0	0.09090909090909091	0.0	0.0	0.0	0.0	0.0	0.0	0.0	0.0	
Wilson's Warbler	0.0	0.0	0.0	0.0	0.0	0.0	0.0	0.0	0.0	0.0	0.0	0.0	0.0	0.0	0.0	0.0	0.0	0.0	0.0	0.2	0.0	0.0	0.2	0.0	0.3333333333333333	0.0	0.0	0.0	0.0	0.0	0.0	0.0	0.0	0.0	0.0	0.0	0.0	0.0	0.0	0.0	0.0	0.0	0.0	0.0	0.0	0.0	0.0	0.0	
Western Tanager	0.0	0.0	0.0	0.0	0.0	0.0	0.0	0.0	0.0	0.0	0.0	0.0	0.0	0.0	0.0	0.0	0.0	0.0	0.0	0.0	0.0	0.0	0.4	0.0	0.0	0.0	0.0	0.0	0.0	0.0	0.0	0.0	0.0	0.0	0.0	0.0	0.0	0.0	0.0	0.0	0.0	0.0	0.0	0.0	0.0	0.0	0.0	0.0	
Black-headed Grosbeak	0.0	0.0	0.0	0.0	0.0	0.0	0.0	0.0	0.0	0.0	0.0	0.0	0.0	0.0	0.0	0.0	0.0	0.0	0.0	0.0	0.5	0.0	0.2	0.0	0.0	0.0	0.0	0.0	0.0	0.0	0.0	0.0	0.0	0.0	0.0	0.0	0.0	0.0	0.0	0.0	0.0	0.0	0.0	0.0	0.0	0.0	0.0	0.0	
House Sparrow	0.0	0.0	0.0	0.0	0.0	0.0	0.0	0.0	0.0	0.0	0.0	0.0	0.0	0.0	0.0	0.1111111111111111	0.0	0.0	0.0	0.0	0.0	0.0	0.0	0.0	0.0	0.0	0.0	0.0	0.0	0.0	0.0	0.0	0.0	0.0	0.0	0.1111111111111111	0.0	0.0	0.0	0.0	0.0	0.0	0.0	0.0	0.0	0.0	0.0	0.125	
passerine sp.	0.0	0.0	0.0	0.0	0.0	0.0	0.0	0.0	0.0	0.0	0.0	0.0	0.0	0.0	0.0	0.0	0.0	0.0	0.0	0.0	0.0	0.0	0.0	0.0	0.0	0.0	0.0	0.0	0.0	0.0	0.0	0.0	0.0	0.0	0.0	0.0	0.0	0.0	0.0	0.18181818181818182	0.0	0.0	0.0	0.0	0.0	0.0	0.0	0.0	

