









Frequency of observations in the selected location(s).:
Number of taxa: 	192

	Jan				Feb				Mar				Apr				May				Jun				Jul				Aug				Sep				Oct				Nov				Dec				
Sample Size:	6.0	1.0	3.0	6.0	5.0	4.0	5.0	4.0	1.0	3.0	2.0	6.0	2.0	2.0	1.0	6.0	1.0	4.0	1.0	3.0	2.0	0.0	2.0	7.0	15.0	13.0	4.0	14.0	9.0	9.0	9.0	11.0	7.0	8.0	20.0	11.0	11.0	14.0	7.0	6.0	6.0	4.0	3.0	0.0	2.0	2.0	0.0	4.0	

Greater White-fronted Goose	0.0	0.0	0.0	0.0	0.0	0.0	0.0	0.0	0.0	0.0	0.0	0.0	0.0	0.0	0.0	0.0	0.0	0.0	0.0	0.0	0.0	0.0	0.0	0.0	0.0	0.0	0.0	0.0	0.0	0.0	0.0	0.0	0.14285714285714285	0.0	0.0	0.0	0.09090909090909091	0.0	0.42857142857142855	0.0	0.0	0.0	0.0	0.0	0.0	0.0	0.0	0.0	
Brant	0.0	0.0	0.0	0.0	0.2	0.0	0.2	0.5	0.0	0.0	0.0	0.0	0.5	0.5	0.0	0.16666666666666666	0.0	0.0	0.0	0.0	0.0	0.0	0.0	0.0	0.0	0.0	0.0	0.0	0.0	0.0	0.0	0.0	0.0	0.0	0.0	0.0	0.0	0.0	0.0	0.0	0.0	0.0	0.0	0.0	0.0	0.0	0.0	0.0	
Canada Goose	0.0	0.0	0.0	0.0	0.0	0.0	0.2	0.25	1.0	0.3333333333333333	0.0	0.16666666666666666	0.0	0.0	1.0	0.0015	1.0	0.75	0.0	0.0	0.5	0.0	0.0	0.0	0.0	0.07692307692307693	0.0	0.07142857142857142	0.0	0.1111111111111111	0.0	0.0	0.0	0.0	0.0	0.0	0.0	0.0	0.0	0.0	0.0	0.0	0.0	0.0	0.0	0.0	0.0	0.0	
Wood Duck	0.0	0.0	0.0	0.0	0.0	0.0	0.0	0.0	0.0	0.0	0.0	0.0	0.0	0.0	0.0	0.0	0.0	0.0	0.0	0.0	0.0	0.0	0.0	0.0	0.0	0.0	0.0	0.0	0.0	0.0	0.0	0.0	0.0	0.0	0.0	0.0	0.0	0.07142857142857142	0.0	0.0	0.0	0.0	0.0	0.0	0.0	0.0	0.0	0.0	
Blue-winged Teal	0.0	0.0	0.0	0.0	0.0	0.0	0.0	0.0	0.0	0.0	0.0	0.0	0.0	0.0	0.0	0.0	0.0	0.25	0.0	0.0	0.0	0.0	0.0	0.0	0.0	0.0	0.0	0.0	0.0	0.0	0.0	0.0	0.0	0.0	0.0	0.0	0.0	0.0	0.0	0.0	0.0	0.0	0.0	0.0	0.0	0.0	0.0	0.0	
Cinnamon Teal	0.0	0.0	0.0	0.0	0.0	0.0	0.0	0.0	0.0	0.0	0.0	0.0	0.0	0.0	0.0	0.0	0.0	0.0	0.0	0.0	0.0	0.0	0.0	0.0	0.0	0.0	0.0	0.0	0.0	0.0	0.0	0.0	0.0	0.0	0.05	0.0	0.0	0.0	0.0	0.0	0.0	0.0	0.0	0.0	0.0	0.0	0.0	0.0	
Northern Shoveler	0.0	0.0	0.0	0.0	0.0	0.0	0.0	0.0	0.0	0.0	0.0	0.0	0.0	0.0	0.0	0.0	0.0	0.0	0.0	0.0	0.0	0.0	0.0	0.0	0.0	0.0	0.0	0.0	0.0	0.0	0.0	0.18181818181818182	0.0	0.125	0.05	0.0	0.0	0.0	0.0	0.0	0.3333333333333333	0.25	0.0	0.0	0.0	0.0	0.0	0.0	
Gadwall	0.0	0.0	0.0	0.0	0.0	0.0	0.0	0.0	0.0	0.0	0.0	0.16666666666666666	0.0	0.0	0.0	0.0	0.0	0.0	0.0	0.3333333333333333	0.0	0.0	0.0	0.0	0.0	0.0	0.0	0.0	0.0	0.0	0.0	0.0	0.0	0.0	0.0	0.0	0.0	0.0	0.0	0.0	0.0	0.0	0.0	0.0	0.0	0.0	0.0	0.0	
American Wigeon	0.6666666666666666	1.0	1.0	0.3333333333333333	0.4	0.5	0.4	0.5	1.0	0.0	1.0	0.3333333333333333	0.5	0.0	0.0	0.0	0.0	0.0	0.0	0.0	0.0	0.0	0.0	0.0	0.0	0.0	0.0	0.0	0.0	0.0	0.0	0.09090909090909091	0.14285714285714285	0.5	0.15	0.09090909090909091	0.2727272727272727	0.21428571428571427	0.2857142857142857	0.6666666666666666	0.6666666666666666	0.75	0.6666666666666666	0.0	1.0	0.5	0.0	0.0	
Mallard	0.3333333333333333	1.0	1.0	0.5	0.8	1.0	0.6	0.75	1.0	0.6666666666666666	0.5	0.6666666666666666	0.5	0.0	1.0	0.5	0.0	1.0	0.0	0.6666666666666666	0.0	0.0	0.0	0.0	0.13333333333333333	0.15384615384615385	0.25	0.21428571428571427	0.0	0.5555555555555556	0.4444444444444444	0.36363636363636365	0.2857142857142857	0.5	0.75	0.7272727272727273	0.6363636363636364	0.42857142857142855	0.42857142857142855	0.8333333333333334	0.8333333333333334	0.75	0.6666666666666666	0.0	1.0	0.5	0.0	0.25	
Mallard (Domestic type)	0.0	0.0	0.0	0.0	0.0	0.25	0.0	0.0	0.0	0.0	0.0	0.0	0.0	0.0	0.0	0.0	0.0	0.0	0.0	0.0	0.0	0.0	0.0	0.0	0.0	0.0	0.0	0.0	0.0	0.0	0.1111111111111111	0.0	0.0	0.0	0.0	0.09090909090909091	0.0	0.07142857142857142	0.0	0.0	0.0	0.0	0.0	0.0	0.0	0.0	0.0	0.0	
Northern Pintail	0.6666666666666666	1.0	0.6666666666666666	0.16666666666666666	0.4	0.75	0.6	0.5	0.0	0.3333333333333333	0.0	0.16666666666666666	0.0	0.0	0.0	0.0	0.0	0.0	0.0	0.0	0.0	0.0	0.0	0.0	0.0	0.0	0.0	0.0	0.0	0.0	0.0	0.0	0.0	0.125	0.2	0.2727272727272727	0.2727272727272727	0.21428571428571427	0.42857142857142855	0.3333333333333333	0.6666666666666666	0.5	0.6666666666666666	0.0	0.5	0.5	0.0	0.0	
Green-winged Teal	0.16666666666666666	0.0	0.0	0.16666666666666666	0.6	0.5	0.6	0.0	0.0	0.6666666666666666	0.0	0.16666666666666666	0.5	0.5	1.0	0.6666666666666666	0.0	0.25	0.0	0.0	0.0	0.0	0.0	0.0	0.0	0.0	0.0	0.0	0.0	0.1111111111111111	0.0	0.09090909090909091	0.0	0.25	0.15	0.18181818181818182	0.36363636363636365	0.42857142857142855	0.2857142857142857	0.5	0.8333333333333334	0.5	0.0	0.0	0.5	0.0	0.0	0.0	
dabbling duck sp.	0.0	0.0	0.0	0.0	0.0	0.0	0.0	0.0	0.0	0.0	0.0	0.0	0.0	0.0	0.0	0.0	0.0	0.0	0.0	0.0	0.0	0.0	0.0	0.0	0.0	0.0	0.0	0.0	0.0	0.0	0.0	0.0	0.0	0.0	0.0	0.0	0.0	0.07142857142857142	0.0	0.0	0.0	0.0	0.0	0.0	0.0	0.0	0.0	0.0	
Ring-necked Duck	0.0	1.0	0.0	0.0	0.0	0.0	0.0	0.0	0.0	0.0	0.0	0.0	0.0	0.0	0.0	0.0	0.0	0.0	0.0	0.0	0.0	0.0	0.0	0.0	0.0	0.0	0.0	0.0	0.0	0.0	0.0	0.0	0.0	0.0	0.0	0.0	0.0	0.0	0.0	0.0	0.0	0.0	0.0	0.0	0.0	0.0	0.0	0.0	
Greater Scaup	0.0	0.0	0.0	0.0	0.0	0.0	0.0	0.25	1.0	0.0	0.0	0.0	0.0	0.0	0.0	0.0	0.0	0.0	0.0	0.0	0.0	0.0	0.0	0.0	0.0	0.0	0.0	0.0	0.0	0.0	0.0	0.0	0.0	0.0	0.0	0.0	0.0	0.0	0.0	0.0	0.0	0.25	0.0	0.0	0.5	0.0	0.0	0.0	
Harlequin Duck	0.0	0.0	0.0	0.0	0.0	0.0	0.0	0.0	0.0	0.0	0.0	0.0	0.0	0.0	0.0	0.0	0.0	0.0	0.0	0.0	0.0	0.0	0.0	0.0	0.0	0.0	0.0	0.0	0.0	0.1111111111111111	0.0	0.09090909090909091	0.0	0.0	0.0	0.0	0.0	0.07142857142857142	0.0	0.0	0.0	0.25	0.0	0.0	0.0	0.0	0.0	0.0	
Surf Scoter	0.3333333333333333	1.0	0.6666666666666666	0.3333333333333333	0.8	0.75	0.6	0.75	1.0	0.6666666666666666	1.0	0.5	0.5	1.0	1.0	0.5	0.0	0.25	1.0	0.0	0.0	0.0	0.0	0.5714285714285714	0.3333333333333333	0.38461538461538464	0.0	0.21428571428571427	0.2222222222222222	0.1111111111111111	0.3333333333333333	0.18181818181818182	0.42857142857142855	0.625	0.6	0.7272727272727273	0.8181818181818182	0.9285714285714286	0.7142857142857143	0.6666666666666666	1.0	1.0	0.6666666666666666	0.0	0.5	0.5	0.0	0.75	
White-winged Scoter	0.0	0.0	0.6666666666666666	0.16666666666666666	0.0	0.5	0.2	0.5	1.0	0.0	0.5	0.16666666666666666	0.0	0.5	0.0	0.3333333333333333	0.0	0.25	0.0	0.0	0.0	0.0	0.0	0.0	0.0	0.0	0.0	0.07142857142857142	0.0	0.0	0.0	0.0	0.0	0.0	0.15	0.18181818181818182	0.45454545454545453	0.21428571428571427	0.14285714285714285	0.0	0.5	1.0	0.0	0.0	0.5	0.5	0.0	0.0	
Black Scoter	0.0	0.0	0.0	0.16666666666666666	0.0	0.25	0.2	0.25	1.0	0.0	0.0	0.16666666666666666	0.0	0.0	0.0	0.16666666666666666	0.0	0.25	0.0	0.0	0.0	0.0	0.0	0.0	0.0	0.0	0.0	0.0	0.0	0.0	0.0	0.0	0.0	0.0	0.0	0.0	0.18181818181818182	0.14285714285714285	0.42857142857142855	0.0	0.3333333333333333	0.25	0.0	0.0	0.0	0.0	0.0	0.0	
scoter sp.	0.0	0.0	0.0	0.0	0.0	0.0	0.0	0.0	0.0	0.0	0.0	0.0	0.0	0.0	0.0	0.0	0.0	0.0	0.0	0.0	0.0	0.0	0.0	0.0	0.0	0.0	0.0	0.0	0.0	0.0	0.0	0.0	0.0	0.0	0.0	0.0	0.0	0.0	0.14285714285714285	0.0	0.0	0.0	0.0	0.0	0.0	0.0	0.0	0.0	
Long-tailed Duck	0.0	0.0	0.0	0.0	0.0	0.0	0.0	0.0	1.0	0.0	0.0	0.0	0.5	0.0	0.0	0.0	0.0	0.0	0.0	0.0	0.0	0.0	0.0	0.0	0.0	0.0	0.0	0.0	0.0	0.0	0.0	0.0	0.0	0.0	0.0	0.0	0.0	0.0	0.0	0.0	0.0	0.0	0.0	0.0	0.0	0.0	0.0	0.0	
Bufflehead	0.3333333333333333	1.0	1.0	0.5	0.8	0.75	1.0	0.75	1.0	1.0	1.0	0.8333333333333334	1.0	1.0	1.0	0.5	0.0	0.75	0.0	0.0	0.0	0.0	0.0	0.0	0.0	0.0	0.0	0.0	0.0	0.0	0.0	0.0	0.0	0.0	0.0	0.0	0.0	0.0	0.0	0.3333333333333333	0.6666666666666666	1.0	0.3333333333333333	0.0	1.0	1.0	0.0	0.75	
Common Goldeneye	0.5	1.0	0.6666666666666666	0.16666666666666666	0.8	0.5	0.2	0.25	1.0	0.6666666666666666	0.0	0.3333333333333333	0.0	0.5	0.0	0.16666666666666666	0.0	0.25	0.0	0.0	0.0	0.0	0.0	0.0	0.0	0.0	0.0	0.0	0.0	0.0	0.0	0.0	0.0	0.0	0.0	0.0	0.0	0.0	0.0	0.0	0.0	0.0	0.0	0.0	0.5	0.0	0.0	0.25	
Barrow's Goldeneye	0.0	0.0	0.0	0.0	0.2	0.25	0.0	0.0	1.0	0.6666666666666666	0.5	0.0	0.5	0.0	0.0	0.0015	0.0	0.0	0.0	0.0	0.0	0.0	0.0	0.0	0.0	0.0	0.0	0.0	0.0	0.0	0.0	0.0	0.0	0.0	0.0	0.0	0.0	0.0	0.0	0.0	0.0	0.0	0.0	0.0	0.0	0.0	0.0	0.0	
Hooded Merganser	0.3333333333333333	1.0	0.3333333333333333	0.16666666666666666	0.4	0.25	0.4	0.5	1.0	0.0	0.0	0.0	0.0	0.0	0.0	0.0	0.0	0.0	0.0	0.0	0.0	0.0	0.0	0.0	0.0	0.0	0.0	0.0	0.1111111111111111	0.0	0.0	0.0	0.0	0.125	0.1	0.0	0.2727272727272727	0.07142857142857142	0.14285714285714285	0.16666666666666666	0.3333333333333333	0.25	0.0	0.0	0.0	0.5	0.0	0.0	
Common Merganser	0.0	0.0	0.0	0.0	0.4	0.0	0.0	0.0	0.0	0.0	0.0	0.0	0.0	0.0	0.0	0.0	0.0	0.0	0.0	0.0	0.0	0.0	0.0	0.0	0.06666666666666667	0.0	0.0	0.0	0.0	0.0	0.0	0.0	0.0	0.125	0.1	0.0	0.18181818181818182	0.07142857142857142	0.2857142857142857	0.0	0.16666666666666666	0.0	0.0	0.0	0.0	0.0	0.0	0.0	
Red-breasted Merganser	0.5	0.0	0.3333333333333333	0.3333333333333333	0.6	0.5	1.0	0.5	1.0	1.0	1.0	1.0	1.0	0.5	1.0	0.8333333333333334	1.0	0.25	0.0	0.0	0.0	0.0	0.0	0.0	0.0	0.0	0.0	0.0	0.0	0.0	0.0	0.0	0.0	0.0	0.0	0.0	0.18181818181818182	0.07142857142857142	0.2857142857142857	0.5	0.6666666666666666	0.75	0.3333333333333333	0.0	0.0	0.5	0.0	0.5	
Common/Red-breasted Merganser	0.0	0.0	0.0	0.0	0.0	0.0	0.0	0.0	0.0	0.0	0.0	0.0	0.0	0.0	0.0	0.0	0.0	0.0	0.0	0.0	0.0	0.0	0.0	0.0	0.0	0.0	0.0	0.0	0.0	0.0	0.0	0.0	0.0	0.0	0.0	0.0	0.09090909090909091	0.0	0.0	0.0	0.0	0.0	0.0	0.0	0.0	0.0	0.0	0.0	
duck sp.	0.0	0.0	0.0	0.0	0.0	0.0	0.0	0.0	0.0	0.0	0.0	0.0	0.0	0.0	0.0	0.0	0.0	0.0	0.0	0.0	0.0	0.0	0.0	0.0	0.0	0.0	0.0	0.07142857142857142	0.0	0.0	0.0	0.0	0.0	0.0	0.0	0.0	0.09090909090909091	0.0	0.0	0.0	0.0	0.0	0.0	0.0	0.0	0.0	0.0	0.0	
California Quail	0.0	0.0	0.0	0.0	0.0	0.0	0.0	0.0	0.0	0.0	0.0	0.0	0.0	0.0	0.0	0.0	0.0	0.0	0.0	0.0	0.0	0.0	0.0	0.0	0.0	0.0	0.0	0.0	0.0	0.1111111111111111	0.0	0.0	0.0	0.0	0.05	0.0	0.0	0.0	0.0	0.0	0.0	0.0	0.0	0.0	0.0	0.0	0.0	0.0	
Ring-necked Pheasant	0.0	0.0	0.0	0.0	0.0	0.0	0.0	0.0	0.0	0.0	0.0	0.0	0.0	0.0	0.0	0.0	0.0	0.0	0.0	0.0	0.0	0.0	0.0	0.0	0.0	0.07692307692307693	0.0	0.0	0.0	0.0	0.0	0.0	0.0	0.0	0.05	0.0	0.0	0.0	0.0	0.0	0.0	0.0	0.0	0.0	0.0	0.0	0.0	0.0	
Pied-billed Grebe	0.0	0.0	0.0	0.0	0.0	0.0	0.2	0.0	0.0	0.0	0.0	0.0	0.0	0.0	0.0	0.0	0.0	0.0	0.0	0.0	0.0	0.0	0.0	0.0	0.0	0.0	0.0	0.0	0.0	0.0	0.0	0.0	0.0	0.125	0.0	0.0	0.0	0.0	0.0	0.0	0.16666666666666666	0.0	0.0	0.0	0.0	0.0	0.0	0.0	
Horned Grebe	0.3333333333333333	0.0	1.0	0.3333333333333333	0.8	0.75	1.0	0.5	1.0	0.3333333333333333	0.5	0.5	0.0	0.5	1.0	0.16666666666666666	1.0	0.0	0.0	0.0	0.0	0.0	0.0	0.0	0.0	0.0	0.0	0.0	0.0	0.0	0.2222222222222222	0.18181818181818182	0.42857142857142855	0.25	0.6	0.7272727272727273	0.8181818181818182	0.9285714285714286	1.0	0.5	0.8333333333333334	1.0	0.6666666666666666	0.0	1.0	0.0	0.0	0.5	
Red-necked Grebe	0.3333333333333333	0.0	0.3333333333333333	0.16666666666666666	0.4	1.0	0.6	0.75	1.0	0.0	1.0	0.8333333333333334	1.0	1.0	1.0	0.6666666666666666	1.0	0.5	1.0	0.0	0.0	0.0	0.0	0.0	0.0	0.0	0.0	0.0	0.0	0.0	0.2222222222222222	0.18181818181818182	0.5714285714285714	0.5	0.4	0.9090909090909091	0.6363636363636364	0.7142857142857143	0.7142857142857143	0.5	0.6666666666666666	0.75	0.6666666666666666	0.0	0.5	0.5	0.0	0.5	
Eared Grebe	0.0	0.0	0.3333333333333333	0.0	0.0	0.0	0.2	0.0	0.0	0.0	0.0	0.0	0.5	0.0	0.0	0.0	0.0	0.0	0.0	0.0	0.0	0.0	0.0	0.0	0.0	0.0	0.0	0.0	0.0	0.0	0.0	0.0	0.0	0.0	0.0	0.0	0.09090909090909091	0.07142857142857142	0.14285714285714285	0.0	0.0	0.25	0.0	0.0	0.0	0.0	0.0	0.0	
Western Grebe	0.16666666666666666	0.0	0.0	0.0	0.0	0.0	0.4	0.25	0.0	0.0	0.0	0.5	0.5	0.0	0.0	0.0	0.0	0.25	0.0	0.0	0.0	0.0	0.0	0.0	0.0	0.0	0.0	0.0	0.0	0.0	0.1111111111111111	0.0	0.0	0.0	0.0	0.2727272727272727	0.2727272727272727	0.14285714285714285	0.14285714285714285	0.16666666666666666	0.0	0.0	0.0	0.0	0.0	0.0	0.0	0.0	
Western/Clark's Grebe	0.0	0.0	0.0	0.0	0.0	0.0	0.0	0.0	0.0	0.0	0.0	0.0	0.0	0.0	0.0	0.0	0.0	0.0	0.0	0.0	0.0	0.0	0.0	0.0	0.0	0.0	0.0	0.0	0.0	0.0	0.0	0.0	0.0	0.0	0.0	0.0	0.09090909090909091	0.0	0.0	0.0	0.0	0.0	0.0	0.0	0.0	0.0	0.0	0.0	
Rock Pigeon	0.16666666666666666	0.0	0.0	0.0	0.0	0.5	0.0	0.0	0.0	0.0	0.0	0.16666666666666666	0.0	0.0	1.0	0.0	0.0	0.0	0.0	0.0	0.0	0.0	0.5	0.2857142857142857	0.2	0.38461538461538464	0.5	0.35714285714285715	0.3333333333333333	0.1111111111111111	0.3333333333333333	0.09090909090909091	0.0	0.125	0.1	0.0	0.09090909090909091	0.0	0.0	0.16666666666666666	0.16666666666666666	0.0	0.0	0.0	0.0	0.0	0.0	0.0	
Band-tailed Pigeon	0.0	0.0	0.0	0.0	0.0	0.0	0.0	0.0	0.0	0.0	0.0	0.0	0.0	0.0	0.0	0.0	0.0	0.0	0.0	0.0	0.0	0.0	0.0	0.0	0.13333333333333333	0.07692307692307693	0.25	0.14285714285714285	0.1111111111111111	0.1111111111111111	0.0	0.09090909090909091	0.0	0.125	0.05	0.09090909090909091	0.0	0.0	0.0	0.0	0.16666666666666666	0.0	0.0	0.0	0.0	0.0	0.0	0.0	
Eurasian Collared-Dove	0.0	0.0	0.0	0.0	0.0	0.0	0.0	0.0	0.0	0.0	0.0	0.16666666666666666	0.5	0.0	0.0	0.0	0.0	0.0	0.0	0.0	0.0	0.0	0.5	0.14285714285714285	0.26666666666666666	0.07692307692307693	0.25	0.14285714285714285	0.1111111111111111	0.1111111111111111	0.0	0.09090909090909091	0.0	0.0	0.1	0.09090909090909091	0.0	0.07142857142857142	0.0	0.0	0.0	0.0	0.0	0.0	0.0	0.0	0.0	0.0	
Mourning Dove	0.0	0.0	0.0	0.0	0.0	0.0	0.0	0.0	0.0	0.0	0.0	0.0	0.0	0.0	0.0	0.0	0.0	0.0	1.0	0.0	0.0	0.0015	0.0	0.2857142857142857	0.0	0.23076923076923078	0.25	0.14285714285714285	0.1111111111111111	0.2222222222222222	0.0	0.0	0.0	0.0	0.1	0.09090909090909091	0.0	0.0	0.0	0.0	0.0	0.0	0.0	0.0	0.0	0.0	0.0	0.0	
Vaux's Swift	0.0	0.0	0.0	0.0	0.0	0.0	0.0	0.0	0.0	0.0	0.0	0.0	0.0	0.0	0.0	0.0	0.0	0.0	0.0	0.0	0.0	0.0	0.0	0.0	0.0	0.0	0.0	0.0	0.0	0.0	0.0	0.0	0.0	0.0	0.1	0.09090909090909091	0.0	0.0	0.0	0.0	0.0	0.0	0.0	0.0	0.0	0.0	0.0	0.0	
Anna's Hummingbird	0.0	0.0	0.0	0.0	0.4	0.0	0.0	0.0	0.0	0.0	0.0	0.16666666666666666	0.5	0.0	0.0	0.0	0.0	0.0	0.0	0.0	0.0	0.0	0.0	0.2857142857142857	0.26666666666666666	0.07692307692307693	0.0	0.35714285714285715	0.2222222222222222	0.0	0.2222222222222222	0.45454545454545453	0.14285714285714285	0.0015	0.35	0.2727272727272727	0.09090909090909091	0.14285714285714285	0.14285714285714285	0.16666666666666666	0.3333333333333333	0.0	0.0	0.0	0.0	0.0	0.0	0.0	
Rufous Hummingbird	0.0	0.0	0.0	0.0	0.0	0.0	0.0	0.0	0.0	0.0	0.0	0.16666666666666666	0.0	0.0	0.0	0.16666666666666666	0.0	0.5	0.0	0.0	0.0	0.0	0.0	0.2857142857142857	0.3333333333333333	0.07692307692307693	0.25	0.21428571428571427	0.0	0.1111111111111111	0.0	0.0	0.0	0.0	0.0	0.0	0.0	0.0	0.0	0.0	0.0	0.0	0.0	0.0	0.0	0.0	0.0	0.0	
hummingbird sp.	0.0	0.0	0.0	0.0	0.0	0.0	0.0	0.0	0.0	0.0	0.0	0.0	0.0	0.0	0.0	0.0	0.0	0.0	0.0	0.0	0.0	0.0	0.5	0.14285714285714285	0.0	0.0	0.0	0.0	0.0	0.0	0.1111111111111111	0.0	0.0	0.0	0.0	0.0	0.0	0.0	0.0	0.0	0.0	0.0	0.0	0.0	0.0	0.0	0.0	0.0	
Virginia Rail	0.0	0.0	0.0	0.0	0.0	0.0	0.0	0.0	0.0	0.0	0.0	0.0	0.0	0.0	0.0	0.0	0.0	0.25	0.0	0.0	0.0	0.0	0.0	0.0	0.0	0.07692307692307693	0.0	0.0	0.0	0.0	0.0	0.0	0.0	0.0	0.05	0.0	0.0	0.0	0.0	0.0	0.0	0.0	0.0	0.0	0.0	0.0	0.0	0.0	
Black Oystercatcher	0.0	0.0	0.0	0.0	0.0	0.0	0.0	0.0	0.0	0.0	0.0	0.0	0.0	0.0	0.0	0.0	0.0	0.0	0.0	0.0	0.0	0.0	0.0	0.0	0.0	0.0	0.0	0.0	0.0	0.0	0.0	0.0	0.0	0.0	0.0	0.0	0.0	0.07142857142857142	0.0	0.0	0.0	0.0	0.0	0.0	0.0	0.0	0.0	0.0	
Black-bellied Plover	0.16666666666666666	0.0	0.0	0.0	1.0	0.5	0.4	0.0	0.0	0.0	0.0	0.0	0.0	0.5	0.0	0.16666666666666666	0.0	0.0	0.0	0.0	0.0	0.0	0.0	0.0	0.0	0.0	0.0	0.0	0.0	0.1111111111111111	0.2222222222222222	0.0	0.0	0.0	0.05	0.18181818181818182	0.09090909090909091	0.07142857142857142	0.0	0.0	0.16666666666666666	0.0	0.3333333333333333	0.0	0.0015	0.0	0.0	0.0	
Pacific Golden-Plover	0.0	0.0	0.0	0.0	0.0	0.0	0.0	0.0	0.0	0.0	0.0	0.0	0.0	0.0	0.0	0.0	0.0	0.0	0.0	0.0	0.0	0.0	0.0	0.0	0.0	0.0	0.0	0.0	0.0	0.0	0.0	0.0	0.0	0.0	0.3	0.0	0.0	0.0	0.0	0.0	0.0	0.0	0.0	0.0	0.0	0.0	0.0	0.0	
Semipalmated Plover	0.0	0.0	0.0	0.0	0.0	0.0	0.0	0.0	0.0	0.0	0.0	0.0	0.0	0.0	0.0	0.0	0.0	0.25	0.0	0.0	0.0	0.0	0.0	0.0	0.0	0.07692307692307693	0.0	0.21428571428571427	0.0	0.3333333333333333	0.6666666666666666	0.2727272727272727	0.2857142857142857	0.0	0.4	0.18181818181818182	0.0	0.0	0.0	0.0	0.0	0.0	0.0	0.0	0.0	0.0	0.0	0.0	
Killdeer	0.3333333333333333	1.0	0.3333333333333333	0.0	0.6	0.5	0.2	0.25	0.0	0.3333333333333333	0.0	0.0	0.0	0.5	0.0	0.16666666666666666	1.0	0.25	1.0	0.3333333333333333	0.0	0.0	0.5	0.7142857142857143	0.9333333333333333	0.7692307692307693	0.75	0.7142857142857143	0.5555555555555556	0.6666666666666666	0.7777777777777778	0.2727272727272727	0.5714285714285714	0.5	0.55	0.9090909090909091	0.36363636363636365	0.35714285714285715	0.5714285714285714	0.8333333333333334	0.16666666666666666	0.0	0.0	0.0	0.0	0.0	0.0	0.0	
Whimbrel	0.0	0.0	0.0	0.0	0.0	0.0	0.0	0.0	0.0	0.0	0.0	0.0	0.0	0.0	0.0	0.0	0.0	0.0	0.0	0.0	0.0	0.0	0.0	0.0	0.13333333333333333	0.0	0.0	0.0	0.0	0.0	0.0	0.0	0.14285714285714285	0.0	0.15	0.18181818181818182	0.0	0.0	0.0	0.0	0.0	0.0	0.0	0.0	0.0	0.0	0.0	0.0	
Black Turnstone	0.0	0.0	0.0	0.0	0.2	0.25	0.0	0.0	0.0	0.0	0.0	0.0	0.0	0.0	0.0	0.16666666666666666	0.0	0.0	0.0	0.0	0.0	0.0	0.0	0.0	0.0	0.07692307692307693	0.0	0.0	0.0	0.0	0.0	0.0	0.0	0.0	0.05	0.0	0.0	0.0	0.0	0.0	0.0	0.0	0.0	0.0	0.0	0.0	0.0	0.0	
Red Knot	0.0	0.0	0.0	0.0	0.0	0.0	0.0	0.0	0.0	0.0	0.0	0.0	0.0	0.0	0.0	0.0	0.0	0.0	0.0	0.0	0.0	0.0	0.0	0.0	0.0	0.0	0.0	0.0	0.0	0.0	0.0	0.0	0.0	0.0	0.05	0.0	0.0	0.0	0.0	0.0	0.0	0.0	0.0	0.0	0.0	0.0	0.0	0.0	
Surfbird	0.0	0.0	0.0	0.0	0.0	0.0	0.0	0.0	0.0	0.0	0.0	0.0	0.0	0.0	0.0	0.0	0.0	0.0	0.0	0.0	0.0	0.0	0.0	0.0	0.0	0.07692307692307693	0.0	0.0	0.0	0.0	0.0	0.0	0.0	0.0	0.0	0.0	0.0	0.0	0.0	0.0	0.0	0.0	0.0	0.0	0.0	0.0	0.0	0.0	
Sanderling	0.0	0.0	0.0	0.0	0.0	0.0	0.0	0.0	0.0	0.0	0.0	0.0	0.0	0.0	0.0	0.0	0.0	0.0	0.0	0.0	0.0	0.0	0.0	0.14285714285714285	0.0	0.0	0.0	0.0	0.1111111111111111	0.0	0.0	0.2727272727272727	0.42857142857142855	0.0015	0.2	0.09090909090909091	0.09090909090909091	0.0	0.0	0.0	0.16666666666666666	0.0	0.0	0.0	0.0	0.5	0.0	0.0	
Dunlin	0.16666666666666666	0.0	0.0	0.0	0.8	0.5	0.2	0.0	0.0	0.0	0.0	0.0	0.0	0.0	0.0	0.16666666666666666	0.0	0.0	0.0	0.0	0.0	0.0	0.0	0.0	0.0	0.0	0.0	0.0	0.0	0.0	0.0	0.0	0.0	0.0	0.0	0.0	0.0	0.07142857142857142	0.2857142857142857	0.0	0.3333333333333333	0.25	0.0	0.0	0.0	0.0	0.0	0.0	
Baird's Sandpiper	0.0	0.0	0.0	0.0	0.0	0.0	0.0	0.0	0.0	0.0	0.0	0.0	0.0	0.0	0.0	0.0	0.0	0.0	0.0	0.0	0.0	0.0	0.0	0.0	0.0	0.0	0.0	0.0	0.0	0.0	0.0	0.09090909090909091	0.14285714285714285	0.125	0.0	0.09090909090909091	0.0	0.0	0.0	0.0	0.0	0.0	0.0	0.0	0.0	0.0	0.0	0.0	
Least Sandpiper	0.0	0.0	0.0	0.0	0.4	0.5	0.2	0.0	0.0	0.3333333333333333	0.0	0.0	0.0	0.0	1.0	0.0	0.0	0.25	0.0	0.0	0.0	0.0	0.0	0.14285714285714285	0.8666666666666667	0.7692307692307693	0.75	0.5	0.5555555555555556	0.7777777777777778	0.8888888888888888	0.45454545454545453	0.5714285714285714	0.375	0.6	0.7272727272727273	0.36363636363636365	0.35714285714285715	0.2857142857142857	0.16666666666666666	0.16666666666666666	0.25	0.0	0.0	0.0	0.0	0.0	0.0	
Pectoral Sandpiper	0.0	0.0	0.0	0.0	0.0	0.0	0.0	0.0	0.0	0.0	0.0	0.0	0.0	0.0	0.0	0.0	0.0	0.0	0.0	0.0	0.0	0.0	0.0	0.0	0.0	0.0	0.0	0.0	0.0	0.0	0.1111111111111111	0.0	0.0	0.0	0.1	0.0	0.0	0.0	0.0	0.0	0.0	0.0	0.0	0.0	0.0	0.0	0.0	0.0	
Semipalmated Sandpiper	0.0	0.0	0.0	0.0	0.0	0.0	0.0	0.0	0.0	0.0	0.0	0.0	0.0	0.0	0.0	0.0	0.0	0.0	0.0	0.0	0.0	0.0	0.0	0.0	0.13333333333333333	0.15384615384615385	0.0	0.0	0.1111111111111111	0.0	0.1111111111111111	0.18181818181818182	0.14285714285714285	0.0	0.0	0.0	0.0	0.0	0.0	0.0	0.0	0.0	0.0	0.0	0.0	0.0	0.0	0.0	
Western Sandpiper	0.0	0.0	0.0	0.0	0.0	0.0	0.0	0.0	0.0	0.0	0.0	0.0	0.0	0.0	0.0	0.0	0.0	0.25	0.0	0.0	0.0	0.0	0.0	0.0	0.6666666666666666	0.7692307692307693	0.25	0.42857142857142855	0.5555555555555556	0.6666666666666666	0.7777777777777778	0.36363636363636365	0.2857142857142857	0.25	0.6	0.36363636363636365	0.18181818181818182	0.0	0.14285714285714285	0.16666666666666666	0.0	0.0	0.0	0.0	0.0	0.0	0.0	0.0	
peep sp.	0.0	0.0	0.0	0.0	0.0	0.0	0.0	0.0	0.0	0.0	0.0	0.0	0.0	0.0	0.0	0.0	0.0	0.0	0.0	0.0	0.0	0.0	0.0	0.0	0.0	0.0	0.0	0.0	0.0	0.3333333333333333	0.1111111111111111	0.0	0.0	0.0	0.05	0.0	0.0	0.07142857142857142	0.0	0.0	0.0	0.0	0.0	0.0	0.0	0.0	0.0	0.0	
Calidris sp.	0.0	0.0	0.0	0.0	0.0	0.0	0.0	0.0	0.0	0.0	0.0	0.0	0.0	0.0	0.0	0.0	0.0	0.0	0.0	0.0	0.0	0.0	0.0	0.0	0.0	0.0	0.0	0.0	0.0	0.0	0.1111111111111111	0.0	0.0	0.0	0.0	0.0	0.0	0.0	0.0	0.0	0.0	0.0	0.0	0.0	0.0	0.0	0.0	0.0	
Long-billed Dowitcher	0.0	0.0	0.0	0.0	0.0	0.0	0.0	0.0	0.0	0.0	0.0	0.0	0.0	0.0	0.0	0.0	0.0	0.0	0.0	0.0	0.0	0.0	0.0	0.0	0.0	0.0	0.25	0.0	0.0	0.1111111111111111	0.0	0.0	0.0	0.0	0.0	0.0	0.0	0.0	0.0	0.16666666666666666	0.0	0.0	0.0	0.0	0.0	0.0	0.0	0.0	
Red-necked Phalarope	0.0	0.0	0.0	0.0	0.0	0.0	0.0	0.0	0.0	0.0	0.0	0.0	0.0	0.0	0.0	0.0	0.0	0.0	0.0	0.0	0.0	0.0	0.0	0.0	0.0	0.0	0.0	0.0	0.0	0.0	0.0	0.09090909090909091	0.0	0.0	0.0	0.0	0.0	0.0	0.0	0.0	0.0	0.0	0.0	0.0	0.0	0.0	0.0	0.0	
Spotted Sandpiper	0.0	0.0	0.0	0.0	0.0	0.0	0.0	0.0	0.0	0.0	0.0	0.0	0.0	0.0	0.0	0.0	0.0	0.0	0.0	0.0	0.0	0.0	0.0	0.0	0.0	0.0	0.0	0.35714285714285715	0.4444444444444444	0.0	0.1111111111111111	0.0	0.14285714285714285	0.0	0.0	0.0	0.0	0.0	0.0	0.0	0.0	0.0	0.0	0.0	0.0	0.0	0.0	0.0	
Wandering Tattler	0.0	0.0	0.0	0.0	0.0	0.0	0.0	0.0	0.0	0.0	0.0	0.0	0.0	0.0	0.0	0.0	0.0	0.0	0.0	0.0	0.0	0.0	0.0	0.0	0.0	0.0	0.0	0.0	0.0	0.1111111111111111	0.0	0.0	0.0	0.0	0.0	0.0	0.0	0.0	0.0	0.0	0.0	0.0	0.0	0.0	0.0	0.0	0.0	0.0	
Greater Yellowlegs	0.0	0.0	0.0	0.0	0.0	0.0	0.0	0.0	0.0	0.3333333333333333	0.0	0.0	0.0	0.0	0.0	0.3333333333333333	0.0	0.25	0.0	0.0	0.0	0.0	0.0	0.0	0.06666666666666667	0.0	0.0	0.0	0.0015	0.0	0.0	0.0	0.14285714285714285	0.125	0.1	0.09090909090909091	0.0	0.07142857142857142	0.14285714285714285	0.3333333333333333	0.0	0.0	0.0	0.0	0.0	0.0	0.0	0.0	
Lesser Yellowlegs	0.0	0.0	0.0	0.0	0.0	0.0	0.0	0.0	0.0	0.0	0.0	0.0	0.0	0.0	0.0	0.0	0.0	0.0015	0.0	0.0	0.0	0.0	0.0	0.0	0.0	0.0	0.0	0.0	0.0015	0.0	0.0	0.09090909090909091	0.0	0.125	0.0	0.0	0.0	0.0	0.0	0.0	0.0	0.0	0.0	0.0	0.0	0.0	0.0	0.0	
Greater/Lesser Yellowlegs	0.0	0.0	0.0	0.0	0.0	0.0	0.0	0.0	0.0	0.0	0.0	0.0	0.0	0.0	0.0	0.0	0.0	0.0	0.0	0.0	0.0	0.0	0.0	0.0	0.0	0.0	0.0	0.0	0.0	0.0	0.1111111111111111	0.0	0.0	0.0	0.0	0.0	0.0	0.0	0.0	0.0	0.0	0.0	0.0	0.0	0.0	0.0	0.0	0.0	
shorebird sp.	0.0	0.0	0.0	0.0	0.0	0.0	0.2	0.0	0.0	0.0	0.0	0.0	0.0	0.0	0.0	0.0	0.0	0.0	0.0	0.0	0.0	0.0	0.0	0.0	0.0	0.0	0.0	0.0	0.0	0.0	0.0	0.0	0.0	0.0	0.0	0.0	0.0	0.0	0.0	0.0	0.0	0.0	0.0	0.0	0.0	0.0	0.0	0.0	
Parasitic Jaeger	0.0	0.0	0.0	0.0	0.0	0.0	0.0	0.0	0.0	0.0	0.0	0.0	0.0	0.0	0.0	0.0	0.0	0.0	0.0	0.0	0.0	0.0	0.0	0.0	0.0	0.0	0.0	0.0	0.0	0.0	0.0	0.0	0.0	0.0	0.05	0.2727272727272727	0.09090909090909091	0.0	0.0	0.0	0.0	0.0	0.0	0.0	0.0	0.0	0.0	0.0	
Common Murre	0.3333333333333333	0.0	0.3333333333333333	0.0	0.0	0.25	0.2	0.25	0.0	0.0	0.0	0.0	0.0	0.5	0.0	0.0	0.0	0.0	0.0	0.0	0.0	0.0	0.0	0.0	0.0	0.07692307692307693	0.25	0.07142857142857142	0.1111111111111111	0.0	0.2222222222222222	0.09090909090909091	0.42857142857142855	0.125	0.05	0.36363636363636365	0.18181818181818182	0.2857142857142857	0.14285714285714285	0.16666666666666666	0.0	0.25	0.3333333333333333	0.0	0.0	0.5	0.0	0.0	
Pigeon Guillemot	0.16666666666666666	0.0	0.0	0.0	0.4	0.5	1.0	0.75	1.0	0.3333333333333333	0.5	0.16666666666666666	0.5	0.5	1.0	0.3333333333333333	0.0	0.5	0.0	0.6666666666666666	1.0	0.0015	1.0	0.7142857142857143	0.9333333333333333	0.8461538461538461	0.75	0.8571428571428571	0.8888888888888888	0.8888888888888888	1.0	0.45454545454545453	0.5714285714285714	0.125	0.45	0.6363636363636364	0.2727272727272727	0.5	0.5714285714285714	0.3333333333333333	0.5	0.75	0.0	0.0	1.0	0.5	0.0	0.0	
Marbled Murrelet	0.3333333333333333	0.0	0.0	0.0	0.0	0.0	0.0	0.0	0.0	0.0	0.0	0.0	0.0	0.0	0.0	0.0	0.0	0.0	0.0	0.0	0.0	0.0	0.5	0.2857142857142857	0.3333333333333333	0.15384615384615385	0.0	0.14285714285714285	0.1111111111111111	0.0	0.1111111111111111	0.0	0.0	0.0	0.0	0.0	0.0	0.14285714285714285	0.0	0.0	0.16666666666666666	0.5	1.0	0.0	0.0	1.0	0.0	0.25	
Ancient Murrelet	0.0	0.0	0.0	0.0	0.0	0.0	0.0	0.0	0.0	0.0	0.0	0.0	0.0	0.0	0.0	0.0	0.0	0.0	0.0	0.0	0.0	0.0	0.0	0.0	0.0	0.0	0.0	0.0	0.0	0.0	0.0	0.0	0.0	0.0	0.0	0.0	0.0	0.0	0.0	0.0	0.0	0.25	0.0	0.0	0.0	0.0	0.0	0.0	
Rhinoceros Auklet	0.0	0.0	0.0	0.0	0.0	0.0	0.0	0.25	0.0	0.3333333333333333	0.0	0.3333333333333333	0.5	0.5	0.0	0.16666666666666666	0.0	0.25	0.0	0.6666666666666666	0.0	0.0	0.5	0.5714285714285714	0.6666666666666666	0.6153846153846154	0.5	0.5	0.3333333333333333	0.1111111111111111	0.3333333333333333	0.09090909090909091	0.14285714285714285	0.125	0.1	0.09090909090909091	0.0	0.07142857142857142	0.0	0.0	0.0	0.25	0.0	0.0	0.0	0.0	0.0	0.0	
alcid sp.	0.0	0.0	0.0	0.0	0.0	0.0	0.0	0.0	0.0	0.0	0.0	0.0	0.0	0.0	0.0	0.0	0.0	0.0	0.0	0.0	0.0	0.0	0.0	0.0	0.0	0.0	0.0	0.0	0.0	0.0	0.0	0.09090909090909091	0.0	0.0	0.0	0.0	0.0	0.0	0.14285714285714285	0.0	0.0	0.0	0.0	0.0	0.0	0.0	0.0	0.0	
Bonaparte's Gull	0.0	1.0	0.0	0.0	0.0	0.0	0.0	0.25	0.0	0.0	0.0	0.0	0.5	0.0	0.0	0.3333333333333333	0.0	0.0	0.0	0.0	0.0	0.0	0.0	0.0	0.0	0.0	0.25	0.21428571428571427	0.3333333333333333	0.4444444444444444	0.1111111111111111	0.09090909090909091	0.0	0.125	0.2	0.45454545454545453	0.45454545454545453	0.21428571428571427	0.42857142857142855	0.5	0.3333333333333333	0.25	0.0	0.0	0.0	0.0	0.0	0.0	
Heermann's Gull	0.0	0.0	0.0	0.0	0.0	0.0	0.0	0.0	0.0	0.0	0.0	0.0	0.0	0.0	0.0	0.0	0.0	0.0	0.0	0.0	0.0	0.0	0.0	0.0	0.3333333333333333	0.6153846153846154	0.5	0.6428571428571429	0.4444444444444444	0.3333333333333333	0.5555555555555556	0.18181818181818182	0.42857142857142855	0.25	0.45	0.5454545454545454	0.36363636363636365	0.35714285714285715	0.14285714285714285	0.16666666666666666	0.3333333333333333	0.25	0.0	0.0	0.0	0.0	0.0	0.0	
Mew Gull	0.16666666666666666	0.0	0.0	0.16666666666666666	1.0	0.5	0.8	0.75	0.0	0.3333333333333333	0.0	0.16666666666666666	0.5	0.0	1.0	0.6666666666666666	0.0	0.0	0.0	0.0	0.0	0.0	0.0	0.0	0.2	0.0	0.25	0.14285714285714285	0.4444444444444444	0.5555555555555556	0.5555555555555556	0.18181818181818182	0.2857142857142857	0.0015	0.65	0.7272727272727273	0.6363636363636364	0.5714285714285714	0.5714285714285714	0.5	0.6666666666666666	0.5	0.0	0.0	0.5	0.0	0.0	0.0	
Ring-billed Gull	0.0	0.0	0.0	0.0	0.0	0.0	0.0	0.0	0.0	0.0	0.0	0.16666666666666666	0.0	0.0	0.0	0.16666666666666666	0.0	0.0	0.0	0.0	0.0	0.0	0.0	0.0	0.0	0.15384615384615385	0.0	0.0	0.0	0.2222222222222222	0.2222222222222222	0.0	0.14285714285714285	0.0	0.2	0.0	0.18181818181818182	0.0	0.14285714285714285	0.0	0.0	0.0	0.3333333333333333	0.0	0.0	0.0	0.0	0.0	
Western Gull	0.0	0.0	0.0	0.0	0.0	0.0	0.0	0.0	0.0	0.0	0.5	0.3333333333333333	0.0	0.0	0.0	0.0	0.0	0.0	0.0	0.0	0.0	0.0	0.0	0.0	0.0	0.0	0.0	0.0	0.0	0.0	0.0	0.0	0.0	0.0	0.0	0.09090909090909091	0.09090909090909091	0.0	0.0	0.0	0.0	0.0	0.0	0.0	0.0	0.0	0.0	0.0	
California Gull	0.0	0.0	0.0	0.0	0.0	0.0	0.0	0.25	0.0	0.0	0.0	0.0	0.0	0.5	0.0	0.0	0.0	0.0	0.0	0.0	0.0	0.0	0.5	0.42857142857142855	0.26666666666666666	0.38461538461538464	0.5	0.7857142857142857	0.7777777777777778	0.7777777777777778	1.0	0.18181818181818182	0.7142857142857143	0.375	0.65	0.8181818181818182	0.5454545454545454	0.42857142857142855	0.2857142857142857	0.0	0.3333333333333333	0.75	0.0	0.0	0.0	0.0	0.0	0.0	
Herring Gull	0.0	0.0	0.0	0.0	0.0	0.0	0.0	0.25	0.0	0.0	0.0	0.0	0.0	0.0	0.0	0.0	0.0	0.0	0.0	0.0	0.0	0.0	0.0	0.0	0.0	0.0	0.0	0.0	0.0	0.0	0.0	0.0	0.0	0.0	0.0	0.0	0.0	0.0	0.0	0.0	0.0	0.0	0.3333333333333333	0.0	0.0	0.0	0.0	0.0	
Iceland Gull	0.0	0.0	0.0	0.0	0.0	0.0	0.0	0.25	0.0	0.0	0.0	0.0	0.0	0.0	0.0	0.0	0.0	0.0	0.0	0.0	0.0	0.0	0.0	0.0	0.0	0.0	0.0	0.0	0.0	0.0	0.0	0.0	0.0	0.0	0.0	0.0	0.0	0.0	0.0015	0.0	0.0	0.0	0.0	0.0	0.0	0.0	0.0	0.0	
Glaucous-winged Gull	0.0	0.0	0.0	0.3333333333333333	0.8	0.5	0.4	0.5	1.0	0.3333333333333333	0.5	0.5	0.5	0.5	1.0	0.5	0.0	0.75	1.0	0.3333333333333333	1.0	0.0	0.5	0.5714285714285714	0.4666666666666667	0.5384615384615384	0.75	0.5714285714285714	0.5555555555555556	0.5555555555555556	0.7777777777777778	0.6363636363636364	1.0	0.625	0.8	0.7272727272727273	0.6363636363636364	0.5	0.7142857142857143	0.5	0.8333333333333334	0.25	0.0	0.0	1.0	0.0	0.0	0.0	
Western x Glaucous-winged Gull (hybrid)	0.0	0.0	0.0	0.16666666666666666	0.2	0.5	0.6	0.5	0.0	0.3333333333333333	0.5	0.5	0.5	0.5	0.0	0.5	0.0	0.25	0.0	0.0	0.0	0.0	0.0	0.42857142857142855	0.3333333333333333	0.46153846153846156	0.25	0.35714285714285715	0.4444444444444444	0.1111111111111111	0.0	0.2727272727272727	0.2857142857142857	0.375	0.45	0.5454545454545454	0.36363636363636365	0.42857142857142855	0.2857142857142857	0.16666666666666666	0.16666666666666666	0.0	0.0	0.0	0.0	0.0	0.0	0.0	
Western/Glaucous-winged Gull	0.3333333333333333	0.0	0.0	0.0	0.0	0.0	0.4	0.0	0.0	0.0	0.0	0.0	0.5	0.0	0.0	0.0	0.0	0.0	0.0	0.0	0.0	0.0	0.0	0.5714285714285714	0.4666666666666667	0.15384615384615385	0.5	0.2857142857142857	0.2222222222222222	0.2222222222222222	0.3333333333333333	0.18181818181818182	0.2857142857142857	0.125	0.35	0.36363636363636365	0.09090909090909091	0.14285714285714285	0.14285714285714285	0.0	0.5	0.25	0.0	0.0	0.0	0.0	0.0	0.0	
Larus sp.	0.0	0.0	0.0	0.0	0.0	0.25	0.0	0.0	0.0	0.0	0.0	0.16666666666666666	0.0	0.0	0.0	0.0	0.0	0.0	1.0	0.0	0.0	0.0	0.0	0.14285714285714285	0.13333333333333333	0.15384615384615385	0.0	0.2857142857142857	0.3333333333333333	0.2222222222222222	0.1111111111111111	0.09090909090909091	0.0	0.0	0.15	0.36363636363636365	0.09090909090909091	0.14285714285714285	0.14285714285714285	0.16666666666666666	0.16666666666666666	0.0	0.0	0.0	0.0	0.0	0.0	0.0	
gull sp.	0.0	0.0	0.0	0.0	0.0	0.0	0.0	0.0	0.0	0.0	0.0	0.0	0.0	0.0	0.0	0.0	0.0	0.0	0.0	0.0	0.0	0.0	0.0	0.14285714285714285	0.13333333333333333	0.07692307692307693	0.0	0.07142857142857142	0.1111111111111111	0.2222222222222222	0.1111111111111111	0.0	0.0	0.0	0.0	0.0	0.0	0.0	0.0	0.0	0.0	0.0	0.3333333333333333	0.0	0.0	0.5	0.0	0.5	
Caspian Tern	0.0	0.0	0.0	0.0	0.0	0.0	0.0	0.0	0.0	0.0	0.0	0.0	0.0	0.0	0.0	0.0	0.0	0.25	1.0	0.0	0.0	0.0	0.0	0.7142857142857143	0.6666666666666666	0.38461538461538464	0.75	0.5	0.3333333333333333	0.5555555555555556	0.7777777777777778	0.18181818181818182	0.42857142857142855	0.0	0.1	0.18181818181818182	0.0	0.0	0.0	0.0	0.0	0.0	0.0	0.0	0.0	0.0	0.0	0.0	
Common Tern	0.0	0.0	0.0	0.0	0.0	0.0	0.0	0.0	0.0	0.0	0.0	0.0	0.0	0.0	0.0	0.0	0.0	0.0	0.0	0.0	0.0	0.0	0.0	0.0	0.0	0.0	0.0	0.07142857142857142	0.1111111111111111	0.0	0.0	0.0	0.0	0.0	0.1	0.0	0.0	0.0	0.0	0.0	0.0	0.0	0.0	0.0	0.0	0.0	0.0	0.0	
Red-throated Loon	0.16666666666666666	0.0	0.0	0.0	0.0	0.0	0.2	0.0	0.0	0.3333333333333333	0.0	0.0	0.0	0.0	0.0	0.0	0.0	0.0	0.0	0.0	0.0	0.0	0.0	0.0	0.0	0.0	0.0	0.0	0.0	0.0	0.0	0.0	0.0	0.0	0.05	0.09090909090909091	0.0	0.21428571428571427	0.0	0.0	0.16666666666666666	0.25	0.3333333333333333	0.0	0.5	0.0	0.0	0.0	
Pacific Loon	0.16666666666666666	0.0	0.0	0.0	0.2	0.5	0.2	0.5	0.0	0.0	0.5	0.0	0.0	0.5	0.0	0.16666666666666666	0.0	0.0	0.0	0.6666666666666666	0.0	0.0	0.0	0.0	0.0	0.0	0.0	0.0	0.0	0.0	0.0	0.0	0.0	0.0	0.1	0.5454545454545454	0.36363636363636365	0.42857142857142855	0.2857142857142857	0.16666666666666666	0.5	0.75	0.3333333333333333	0.0	0.5	0.0	0.0	0.5	
Common Loon	0.16666666666666666	0.0	0.6666666666666666	0.16666666666666666	0.4	0.75	0.6	1.0	1.0	1.0	0.5	0.5	0.5	1.0	1.0	0.5	1.0	0.25	1.0	0.0	0.0	0.0	0.0	0.0	0.0	0.0	0.0	0.07142857142857142	0.0	0.0	0.0	0.09090909090909091	0.5714285714285714	0.75	0.45	0.8181818181818182	0.8181818181818182	0.8571428571428571	1.0	0.6666666666666666	0.6666666666666666	1.0	1.0	0.0	0.5	1.0	0.0	0.5	
Brandt's Cormorant	0.0	0.0	0.0	0.0	0.0	0.25	0.0	0.25	0.0	0.0	0.5	0.0	0.0	0.0	0.0	0.0	0.0	0.0	0.0	0.0	0.0	0.0	0.0	0.14285714285714285	0.06666666666666667	0.0	0.0	0.07142857142857142	0.0	0.0	0.1111111111111111	0.0	0.14285714285714285	0.125	0.1	0.36363636363636365	0.09090909090909091	0.07142857142857142	0.14285714285714285	0.0	0.16666666666666666	0.25	0.0	0.0	0.0	0.0	0.0	0.25	
Pelagic Cormorant	0.0	0.0	0.0	0.0	0.0	0.0	0.0	0.25	0.0	0.0	0.0	0.0	0.5	0.0	0.0	0.0	0.0	0.0	0.0	0.0	0.0	0.0	0.0	0.2857142857142857	0.13333333333333333	0.0	0.0	0.07142857142857142	0.2222222222222222	0.1111111111111111	0.2222222222222222	0.09090909090909091	0.14285714285714285	0.125	0.15	0.2727272727272727	0.2727272727272727	0.07142857142857142	0.14285714285714285	0.0	0.0	0.0	0.0	0.0	0.0	0.0	0.0	0.0	
Double-crested Cormorant	0.3333333333333333	0.0	0.6666666666666666	0.3333333333333333	0.8	0.75	0.8	0.5	1.0	0.3333333333333333	0.0	0.5	0.0	0.0	0.0	0.0	0.0	0.25	1.0	0.6666666666666666	0.0	0.0	1.0	0.5714285714285714	0.6	0.46153846153846156	1.0	0.35714285714285715	0.7777777777777778	0.6666666666666666	0.7777777777777778	0.2727272727272727	0.8571428571428571	0.5	0.7	0.9090909090909091	1.0	0.8571428571428571	0.7142857142857143	0.6666666666666666	0.8333333333333334	1.0	0.6666666666666666	0.0	1.0	0.5	0.0	0.5	
cormorant sp.	0.0	0.0	0.0	0.0	0.0	0.0	0.0	0.0	0.0	0.0	0.0	0.0	0.0	0.0	0.0	0.0	0.0	0.0	0.0	0.0	0.0	0.0	0.0	0.0	0.13333333333333333	0.0	0.25	0.07142857142857142	0.0	0.1111111111111111	0.1111111111111111	0.09090909090909091	0.14285714285714285	0.0	0.2	0.36363636363636365	0.0	0.07142857142857142	0.14285714285714285	0.0	0.3333333333333333	0.25	0.0	0.0	0.0	0.0	0.0	0.0	
Great Blue Heron	0.5	1.0	1.0	0.16666666666666666	0.4	0.5	0.8	0.75	1.0	0.3333333333333333	0.5	0.16666666666666666	0.5	0.0	1.0	0.8333333333333334	1.0	0.75	1.0	0.6666666666666666	0.0	0.0	0.5	0.7142857142857143	0.8	0.8461538461538461	1.0	0.8571428571428571	0.5555555555555556	0.7777777777777778	1.0	0.7272727272727273	0.8571428571428571	0.75	0.8	0.8181818181818182	0.8181818181818182	0.8571428571428571	0.5714285714285714	0.6666666666666666	0.6666666666666666	0.75	0.3333333333333333	0.0	0.0	0.5	0.0	0.25	
Turkey Vulture	0.0	0.0	0.0	0.0	0.0	0.0	0.0	0.0	0.0	0.0	0.0	0.0	0.0	0.0	0.0	0.0	0.0	0.0	0.0	0.0	0.0	0.0	0.0	0.0	0.06666666666666667	0.0	0.0	0.0	0.0	0.0	0.0	0.0	0.0	0.0	0.0	0.0	0.0	0.0	0.0	0.0	0.0	0.0	0.0	0.0	0.0	0.0	0.0	0.0	
Osprey	0.0	0.0	0.0	0.0	0.0	0.0	0.0	0.0	0.0	0.0	0.0	0.0	0.0	0.5	1.0	0.6666666666666666	1.0	0.25	0.0	0.3333333333333333	0.0	0.0015	0.0	0.7142857142857143	0.8	0.7692307692307693	0.75	0.8571428571428571	0.4444444444444444	1.0	1.0	0.9090909090909091	0.42857142857142855	0.375	0.35	0.36363636363636365	0.18181818181818182	0.07142857142857142	0.0	0.0	0.0	0.0	0.0	0.0	0.0	0.0	0.0	0.0	
Northern Harrier	0.0	0.0	0.0	0.0	0.0	0.0	0.0	0.0	0.0	0.0	0.0	0.0	0.0	0.0	0.0	0.16666666666666666	0.0	0.0	0.0	0.0	0.0	0.0	0.0	0.0	0.0	0.0	0.0	0.0	0.0	0.0	0.0	0.0	0.0	0.0	0.0	0.09090909090909091	0.09090909090909091	0.07142857142857142	0.0	0.0	0.0	0.0	0.0	0.0	0.0	0.0	0.0	0.0	
Sharp-shinned Hawk	0.0	0.0	0.0	0.0	0.0	0.0	0.0	0.0	0.0	0.0	0.0	0.0	0.0	0.0	0.0	0.0	0.0	0.0	0.0	0.0	0.0	0.0	0.0	0.0	0.0	0.0	0.0	0.0	0.0	0.0	0.1111111111111111	0.0	0.0	0.0	0.0	0.0	0.0	0.0	0.0	0.0	0.16666666666666666	0.0	0.0	0.0	0.0	0.0	0.0	0.0	
Cooper's Hawk	0.0	0.0	0.0	0.0	0.0	0.0	0.0	0.0	0.0	0.0	0.0	0.0	0.0	0.0	0.0	0.0	0.0	0.0	0.0	0.0	0.0	0.0	0.0	0.0	0.0	0.0	0.0	0.0	0.0	0.1111111111111111	0.0	0.09090909090909091	0.2857142857142857	0.0	0.0	0.0	0.0	0.0	0.0	0.0	0.0	0.0	0.0	0.0	0.0	0.0	0.0	0.0	
Bald Eagle	0.16666666666666666	1.0	0.0	0.16666666666666666	0.4	0.75	0.6	0.75	0.0	0.6666666666666666	0.0	0.5	0.5	0.5	1.0	0.3333333333333333	1.0	0.5	1.0	0.6666666666666666	0.0	0.0	0.0	0.5714285714285714	0.6	0.23076923076923078	0.25	0.35714285714285715	0.0	0.2222222222222222	0.1111111111111111	0.18181818181818182	0.0	0.125	0.0	0.18181818181818182	0.09090909090909091	0.21428571428571427	0.14285714285714285	0.16666666666666666	0.16666666666666666	0.25	0.3333333333333333	0.0	0.0	1.0	0.0	0.5	
Red-tailed Hawk	0.0	0.0	0.3333333333333333	0.0	0.0	0.0	0.0	0.0	0.0	0.3333333333333333	0.0	0.0	0.0	0.0	0.0	0.16666666666666666	0.0	0.0	0.0	0.0	0.0	0.0	0.0	0.0	0.0	0.0	0.0	0.07142857142857142	0.0	0.1111111111111111	0.1111111111111111	0.0	0.0	0.0	0.0	0.0	0.0	0.07142857142857142	0.0	0.16666666666666666	0.0	0.0	0.0	0.0	0.5	0.0	0.0	0.25	
Northern Pygmy-Owl	0.0	0.0	0.0	0.0	0.0	0.0	0.0	0.0	0.0	0.0	0.5	0.0	0.0	0.0	0.0	0.0	0.0	0.0	0.0	0.0	0.0	0.0	0.0	0.0	0.0	0.0	0.0	0.0	0.0	0.0	0.0	0.0	0.0	0.0	0.0	0.0	0.0	0.0	0.0	0.0	0.0	0.0	0.0	0.0	0.0	0.0	0.0	0.0	
Barred Owl	0.0	0.0	0.0	0.16666666666666666	0.0	0.0	0.2	0.0	0.0	0.0	0.0	0.0	0.0	0.0	0.0	0.0	0.0	0.0	0.0	0.0	0.0	0.0	0.0	0.0	0.0	0.0	0.0	0.0	0.0	0.0	0.0	0.0	0.0	0.125	0.05	0.0	0.0	0.0	0.0	0.0	0.0	0.0	0.0	0.0	0.0	0.0	0.0	0.0	
Northern Saw-whet Owl	0.0	0.0	0.0	0.16666666666666666	0.0	0.0	0.0	0.0	0.0	0.0	0.0	0.0	0.0	0.0	0.0	0.0	0.0	0.0	0.0	0.0	0.0	0.0	0.0	0.0	0.0	0.0	0.0	0.0	0.0	0.0	0.0	0.0	0.0	0.0	0.0	0.0	0.0	0.0	0.0	0.0	0.0	0.0	0.0	0.0	0.0	0.0	0.0	0.0	
Belted Kingfisher	0.16666666666666666	1.0	0.0	0.16666666666666666	0.6	0.25	0.4	0.5	0.0	0.3333333333333333	0.0	0.3333333333333333	0.5	0.0	0.0	0.5	1.0	0.5	0.0	0.6666666666666666	0.0	0.0	0.5	0.14285714285714285	0.4666666666666667	0.6153846153846154	0.75	0.7857142857142857	0.8888888888888888	0.7777777777777778	0.6666666666666666	0.5454545454545454	0.5714285714285714	0.5	0.65	0.5454545454545454	0.5454545454545454	0.21428571428571427	0.7142857142857143	0.6666666666666666	0.16666666666666666	0.5	0.3333333333333333	0.0	0.5	0.0	0.0	0.0	
Red-breasted Sapsucker	0.0	0.0	0.0	0.0	0.0	0.0	0.0	0.0	0.0	0.0	0.0	0.16666666666666666	0.0	0.0	0.0	0.0	0.0	0.25	0.0	0.0	0.0	0.0	0.0	0.0	0.0	0.0	0.0	0.07142857142857142	0.0	0.0	0.0	0.0	0.0	0.0	0.1	0.0	0.0	0.07142857142857142	0.0	0.0	0.0	0.0	0.0	0.0	0.0	0.0	0.0	0.25	
Downy Woodpecker	0.0	0.0	0.0	0.0	0.0	0.0	0.0	0.0	0.0	0.0	0.0	0.0	0.0	0.0	0.0	0.0	0.0	0.0	0.0	0.0	0.0	0.0	0.0	0.0	0.0	0.0	0.0	0.07142857142857142	0.0	0.0	0.0	0.0	0.0	0.0	0.0	0.0	0.0	0.0	0.0	0.16666666666666666	0.0	0.0	0.0	0.0	0.5	0.0	0.0	0.0	
Hairy Woodpecker	0.16666666666666666	0.0	0.0	0.0	0.0	0.0	0.0	0.25	0.0	0.0	0.0	0.0	0.0	0.0	0.0	0.0	0.0	0.25	0.0	0.0	0.0	0.0015	0.0	0.0	0.0	0.07692307692307693	0.0	0.0	0.0	0.0	0.0	0.09090909090909091	0.0	0.0	0.0	0.0	0.09090909090909091	0.0	0.0	0.16666666666666666	0.16666666666666666	0.0	0.0	0.0	0.0	0.0	0.0	0.0	
Downy/Hairy Woodpecker	0.0	0.0	0.0	0.0	0.2	0.0	0.0	0.0	0.0	0.0	0.0	0.0	0.0	0.0	0.0	0.0	0.0	0.0	0.0	0.0	0.0	0.0	0.0	0.0	0.0	0.0	0.0	0.0	0.0	0.0	0.0	0.0	0.0	0.0	0.0	0.0	0.0	0.0	0.0	0.0	0.0	0.0	0.0	0.0	0.0	0.0	0.0	0.0	
Pileated Woodpecker	0.0	0.0	0.0	0.0	0.0	0.0	0.0	0.25	0.0	0.0	0.0	0.0	0.0	0.0	0.0	0.0	0.0	0.0	0.0	0.0	0.0	0.0	0.0	0.14285714285714285	0.0	0.07692307692307693	0.5	0.07142857142857142	0.0	0.1111111111111111	0.1111111111111111	0.18181818181818182	0.14285714285714285	0.0	0.05	0.0	0.0	0.0	0.0	0.0	0.0	0.0	0.0	0.0	0.0	0.0	0.0	0.0	
Northern Flicker	0.16666666666666666	0.0	0.0	0.16666666666666666	0.0	0.25	0.0	0.25	0.0	0.3333333333333333	0.0	0.3333333333333333	0.5	0.0	0.0	0.16666666666666666	1.0	0.0	1.0	0.3333333333333333	0.5	0.0	0.0	0.14285714285714285	0.3333333333333333	0.6153846153846154	0.25	0.42857142857142855	0.1111111111111111	0.4444444444444444	0.2222222222222222	0.18181818181818182	0.2857142857142857	0.125	0.35	0.45454545454545453	0.2727272727272727	0.2857142857142857	0.2857142857142857	0.6666666666666666	0.3333333333333333	0.0	0.3333333333333333	0.0	0.0	0.0	0.0	0.25	
Merlin	0.0	0.0	0.0	0.0	0.0	0.0	0.0	0.0	0.0	0.0	0.0	0.0	0.0	0.0	0.0	0.0	0.0	0.0	0.0	0.0	0.0	0.0	0.0	0.0	0.0	0.0	0.0	0.0	0.0	0.0	0.0	0.0	0.0	0.0	0.0	0.09090909090909091	0.09090909090909091	0.0	0.14285714285714285	0.0	0.0	0.0	0.0	0.0	0.0	0.0	0.0	0.0	
Peregrine Falcon	0.0	0.0	0.0	0.0	0.0	0.0	0.0	0.0	0.0	0.0	0.0	0.0	0.0	0.0	0.0	0.0	0.0	0.0	0.0	0.0	0.0	0.0	0.0	0.0	0.0	0.0	0.0	0.0	0.0	0.1111111111111111	0.0	0.0	0.0	0.0	0.0	0.09090909090909091	0.0	0.0	0.0	0.0	0.0	0.0	0.0	0.0	0.0	0.0	0.0	0.0	
Olive-sided Flycatcher	0.0	0.0	0.0	0.0	0.0	0.0	0.0	0.0	0.0	0.0	0.0	0.0	0.0	0.0	0.0	0.0	0.0	0.0	0.0	0.0	0.0	0.0	0.0	0.0	0.13333333333333333	0.07692307692307693	0.0	0.14285714285714285	0.1111111111111111	0.1111111111111111	0.0	0.0	0.0	0.0	0.0	0.0	0.0	0.0	0.0	0.0	0.0	0.0	0.0	0.0	0.0	0.0	0.0	0.0	
Willow Flycatcher	0.0	0.0	0.0	0.0	0.0	0.0	0.0	0.0	0.0	0.0	0.0	0.0	0.0	0.0	0.0	0.0	0.0	0.0	0.0	0.0	0.0	0.0	0.0	0.0	0.0	0.0	0.0	0.07142857142857142	0.0	0.0	0.0	0.0	0.0	0.0	0.0	0.0	0.0	0.0	0.0	0.0	0.0	0.0	0.0	0.0	0.0	0.0	0.0	0.0	
Dusky Flycatcher	0.0	0.0	0.0	0.0	0.0	0.0	0.0	0.0	0.0	0.0	0.0	0.0	0.0	0.0	0.0	0.0	0.0	0.25	0.0	0.0	0.0	0.0	0.0	0.0	0.0	0.0	0.0	0.0	0.0	0.0	0.0	0.0	0.0	0.0	0.0	0.0	0.0	0.0	0.0	0.0	0.0	0.0	0.0	0.0	0.0	0.0	0.0	0.0	
Pacific-slope Flycatcher	0.0	0.0	0.0	0.0	0.0	0.0	0.0	0.0	0.0	0.0	0.0	0.0	0.0	0.0	0.0	0.0	0.0	0.5	0.0	0.3333333333333333	0.0	0.0	0.0	0.0	0.06666666666666667	0.15384615384615385	0.0	0.07142857142857142	0.0	0.0	0.0	0.0	0.0	0.0	0.0	0.0	0.0	0.0	0.0	0.0	0.0	0.0	0.0	0.0	0.0	0.0	0.0	0.0	
Northern Shrike	0.0	0.0	0.0	0.0	0.0	0.0	0.0	0.0	0.0	0.0	0.0	0.0	0.0	0.0	0.0	0.0	0.0	0.0	0.0	0.0	0.0	0.0	0.0	0.0	0.0	0.0	0.0	0.0	0.0	0.0	0.0	0.0	0.0	0.0	0.0	0.0	0.0	0.07142857142857142	0.0	0.0	0.0	0.0	0.0	0.0	0.0	0.0	0.0	0.0	
Hutton's Vireo	0.0	0.0	0.0	0.0	0.0	0.0	0.0	0.25	0.0	0.3333333333333333	0.0	0.0	0.0	0.0	0.0	0.16666666666666666	0.0	0.25	0.0	0.0	0.0	0.0	0.0	0.0	0.0	0.07692307692307693	0.25	0.0	0.0	0.0	0.0	0.09090909090909091	0.0	0.125	0.0	0.09090909090909091	0.0	0.07142857142857142	0.0	0.16666666666666666	0.0	0.0	0.0	0.0	0.0	0.0	0.0	0.0	
Steller's Jay	0.16666666666666666	0.0	0.0	0.0	0.0	0.25	0.4	0.5	0.0	0.0	0.0	0.16666666666666666	0.5	0.0	0.0	0.16666666666666666	1.0	0.0015	1.0	0.0	0.0	0.0	0.0	0.42857142857142855	0.2	0.38461538461538464	0.25	0.21428571428571427	0.2222222222222222	0.1111111111111111	0.5555555555555556	0.18181818181818182	0.42857142857142855	0.375	0.6	0.45454545454545453	0.2727272727272727	0.14285714285714285	0.14285714285714285	0.6666666666666666	0.0	0.0	0.0	0.0	0.5	0.0	0.0	0.0	
California Scrub-Jay	0.0	0.0	0.0	0.0	0.0	0.0	0.0	0.25	0.0	0.0	0.0	0.0	0.0	0.0	0.0	0.0	0.0	0.0	0.0	0.0	0.0	0.0	0.0	0.0	0.06666666666666667	0.0	0.0	0.0	0.0	0.0	0.0	0.0	0.0	0.0	0.0	0.18181818181818182	0.0	0.0	0.0	0.0	0.0	0.0	0.0	0.0	0.0	0.0	0.0	0.0	
American Crow	0.0	1.0	0.0	0.16666666666666666	0.0	0.25	0.2	0.75	0.0	0.3333333333333333	0.5	0.8333333333333334	0.5	0.0	0.0	0.6666666666666666	1.0	0.0	0.0	0.3333333333333333	1.0	0.0015	0.5	0.0	0.13333333333333333	0.23076923076923078	0.0015	0.35714285714285715	0.3333333333333333	0.4444444444444444	0.0	0.36363636363636365	0.14285714285714285	0.25	0.25	0.09090909090909091	0.45454545454545453	0.2857142857142857	0.14285714285714285	0.5	0.0	0.0	0.0	0.0	0.0	1.0	0.0	0.25	
American/Northwestern Crow	0.3333333333333333	0.0	0.0	0.0	0.2	0.25	0.4	0.0	0.0	0.3333333333333333	0.0	0.0	0.5	0.0	1.0	0.0	0.0	0.0015	1.0	0.0	0.0	0.0	0.0	0.5714285714285714	0.7333333333333333	0.6153846153846154	0.75	0.5714285714285714	0.6666666666666666	0.5555555555555556	0.6666666666666666	0.36363636363636365	0.14285714285714285	0.125	0.4	0.7272727272727273	0.09090909090909091	0.21428571428571427	0.14285714285714285	0.0	0.3333333333333333	0.0	0.0	0.0	0.0	0.0	0.0	0.0	
Common Raven	0.16666666666666666	0.0	0.0	0.0	0.2	0.25	0.0	0.0	0.0	0.0	0.0	0.3333333333333333	0.0	0.0	0.0	0.0	1.0	0.25	0.0	0.0	0.0	0.0	0.0	0.2857142857142857	0.3333333333333333	0.15384615384615385	0.25	0.14285714285714285	0.2222222222222222	0.3333333333333333	0.2222222222222222	0.0	0.14285714285714285	0.0015	0.2	0.2727272727272727	0.18181818181818182	0.07142857142857142	0.2857142857142857	0.5	0.0	0.0	0.0	0.0	0.5	0.0	0.0	0.0	
Horned Lark	0.0	0.0	0.0	0.0	0.6	0.5	0.2	0.0	0.0	0.0	0.0	0.0	0.0	0.0	0.0	0.0	0.0	0.0	0.0	0.0	0.0	0.0	0.0	0.0	0.0	0.0	0.0	0.0	0.0	0.0	0.0	0.0	0.0	0.0	0.05	0.0	0.0	0.0	0.0	0.0	0.0	0.0	0.0	0.0	0.0	0.0	0.0	0.0	
Northern Rough-winged Swallow	0.0	0.0	0.0	0.0	0.0	0.0	0.0	0.0	0.0	0.0	0.0	0.0	0.0	0.0	0.0	0.16666666666666666	1.0	0.25	0.0	1.0	0.0	0.0	0.0	0.42857142857142855	0.5333333333333333	0.46153846153846156	0.75	0.21428571428571427	0.2222222222222222	0.1111111111111111	0.0	0.0	0.0	0.0	0.0	0.0	0.0	0.0	0.0	0.0	0.0	0.0	0.0	0.0	0.0	0.0	0.0	0.0	
Purple Martin	0.0	0.0	0.0	0.0	0.0	0.0	0.0	0.0	0.0	0.0	0.0	0.0	0.0	0.0	0.0	0.0	0.0	0.0	0.0	0.0	0.0	0.0	0.0	0.0	0.06666666666666667	0.15384615384615385	0.0	0.0	0.3333333333333333	0.0	0.0	0.0	0.0	0.0	0.0	0.0	0.0	0.0	0.0	0.0	0.0	0.0	0.0	0.0	0.0	0.0	0.0	0.0	
Tree Swallow	0.0	0.0	0.0	0.0	0.0	0.0	0.0	0.0	0.0	0.0	0.0	0.0	0.0	0.0	0.0	0.0	0.0	0.0	0.0	0.0	0.0	0.0	0.0	0.2857142857142857	0.13333333333333333	0.23076923076923078	0.25	0.21428571428571427	0.1111111111111111	0.0	0.0	0.0	0.0	0.0	0.0	0.0	0.0	0.0	0.0	0.0	0.0	0.0	0.0	0.0	0.0	0.0	0.0	0.0	
Violet-green Swallow	0.0	0.0	0.0	0.0	0.0	0.0	0.0	0.0	0.0	0.0	0.0	0.0	0.5	0.0	0.0	0.16666666666666666	0.0	0.25	1.0	0.3333333333333333	0.5	0.0015	0.5	0.5714285714285714	0.8	0.6923076923076923	0.5	0.21428571428571427	0.3333333333333333	0.1111111111111111	0.1111111111111111	0.09090909090909091	0.14285714285714285	0.0	0.15	0.0	0.0	0.0	0.0	0.0	0.0	0.0	0.0	0.0	0.0	0.0	0.0	0.0	
Tree/Violet-green Swallow	0.0	0.0	0.0	0.0	0.0	0.0	0.0	0.0	0.0	0.0	0.0	0.0	0.0	0.0	1.0	0.0	0.0	0.0	0.0	0.0	0.0	0.0	0.0	0.0	0.0	0.0	0.0	0.0	0.0	0.0	0.0	0.0	0.0	0.0	0.0	0.0	0.0	0.0	0.0	0.0	0.0	0.0	0.0	0.0	0.0	0.0	0.0	0.0	
Barn Swallow	0.0	0.0	0.0	0.0	0.0	0.0	0.0	0.0	0.0	0.0	0.0	0.0	0.0	0.0	0.0	0.0	0.0	0.0	1.0	0.0	1.0	0.0015	0.5	0.8571428571428571	0.8666666666666667	0.8461538461538461	0.75	0.5714285714285714	0.7777777777777778	1.0	0.8888888888888888	0.2727272727272727	0.8571428571428571	0.125	0.15	0.0	0.0	0.0	0.0	0.0	0.0	0.0	0.0	0.0	0.0	0.0	0.0	0.0	
Cliff Swallow	0.0	0.0	0.0	0.0	0.0	0.0	0.0	0.0	0.0	0.0	0.0	0.0	0.0	0.0	0.0	0.0	0.0	0.0	0.0	0.0	0.5	0.0	0.0	0.0	0.06666666666666667	0.07692307692307693	0.0	0.07142857142857142	0.1111111111111111	0.0	0.0	0.0	0.14285714285714285	0.0	0.0	0.0	0.0	0.0	0.0	0.0	0.0	0.0	0.0	0.0	0.0	0.0	0.0	0.0	
swallow sp.	0.0	0.0	0.0	0.0	0.0	0.0	0.0	0.0	0.0	0.0	0.0	0.0	0.0	0.0	0.0	0.0	0.0	0.0	1.0	0.0	0.0	0.0	0.5	0.0	0.0	0.07692307692307693	0.0	0.0	0.3333333333333333	0.1111111111111111	0.1111111111111111	0.0	0.0	0.0	0.0	0.0	0.0	0.0	0.0	0.0	0.0	0.0	0.0	0.0	0.0	0.0	0.0	0.0	
Black-capped Chickadee	0.3333333333333333	0.0	0.0	0.0	0.2	0.0	0.4	0.5	0.0	0.3333333333333333	0.0	0.16666666666666666	0.5	0.0	0.0	0.0	0.0	0.0	0.0	0.3333333333333333	0.0	0.0	0.0	0.0	0.26666666666666666	0.15384615384615385	0.25	0.21428571428571427	0.3333333333333333	0.2222222222222222	0.2222222222222222	0.18181818181818182	0.42857142857142855	0.125	0.25	0.2727272727272727	0.09090909090909091	0.14285714285714285	0.14285714285714285	0.3333333333333333	0.3333333333333333	0.0	0.0	0.0	0.5	0.0	0.0	0.5	
Chestnut-backed Chickadee	0.3333333333333333	0.0	0.0	0.0	0.2	0.25	0.0	0.25	0.0	0.0	0.0	0.16666666666666666	0.0	0.0	0.0	0.16666666666666666	0.0	0.5	0.0	0.6666666666666666	0.0	0.0	0.0	0.14285714285714285	0.06666666666666667	0.15384615384615385	0.0	0.0	0.0	0.0	0.1111111111111111	0.18181818181818182	0.14285714285714285	0.25	0.2	0.18181818181818182	0.2727272727272727	0.14285714285714285	0.2857142857142857	0.5	0.16666666666666666	0.0	0.0	0.0	0.5	0.0	0.0	0.0	
chickadee sp.	0.0	0.0	0.0	0.0	0.0	0.0	0.0	0.0	0.0	0.3333333333333333	0.0	0.0	0.0	0.0	0.0	0.0	0.0	0.0	0.0	0.0	0.0	0.0	0.0	0.0	0.0	0.0	0.0	0.0	0.0	0.0	0.0	0.0	0.0	0.0	0.0	0.0	0.0	0.0	0.0	0.0	0.0	0.0	0.0	0.0	0.0	0.0	0.0	0.0	
Bushtit	0.0	0.0	0.0	0.0	0.0	0.0	0.0	0.25	0.0	0.0	0.0	0.0	0.0	0.0	0.0	0.0	0.0	0.0	0.0	0.0	0.0	0.0	0.0	0.0	0.0015	0.07692307692307693	0.0	0.07142857142857142	0.0	0.1111111111111111	0.0	0.0	0.0	0.0	0.15	0.09090909090909091	0.0	0.07142857142857142	0.0	0.16666666666666666	0.0	0.0	0.0	0.0	0.0	0.0	0.0	0.0	
Red-breasted Nuthatch	0.0	0.0	0.0	0.16666666666666666	0.0	0.25	0.0	0.25	0.0	0.0	0.5	0.0	0.0	0.0	0.0	0.0	1.0	0.0	0.0	0.0	0.0	0.0	0.0	0.0	0.0	0.15384615384615385	0.0	0.14285714285714285	0.0	0.1111111111111111	0.0	0.09090909090909091	0.14285714285714285	0.25	0.2	0.09090909090909091	0.09090909090909091	0.0	0.14285714285714285	0.3333333333333333	0.16666666666666666	0.0	0.0	0.0	0.0	0.0	0.0	0.0	
Brown Creeper	0.16666666666666666	0.0	0.0	0.16666666666666666	0.0	0.25	0.2	0.0	0.0	0.0	0.0	0.0	0.0	0.0	0.0	0.0	0.0	0.5	0.0	0.0	0.0	0.0	0.0	0.0	0.0	0.0	0.0	0.0	0.0	0.0	0.0	0.09090909090909091	0.2857142857142857	0.0015	0.0	0.0	0.0	0.07142857142857142	0.0	0.16666666666666666	0.0	0.0	0.0	0.0	0.0	0.0	0.0	0.0	
Pacific Wren	0.16666666666666666	1.0	0.3333333333333333	0.0	0.4	0.25	0.2	0.25	1.0	0.0	0.5	0.16666666666666666	0.0	0.0	0.0	0.16666666666666666	1.0	0.75	0.0	0.3333333333333333	0.0015	0.0	0.0	0.0	0.06666666666666667	0.07692307692307693	0.0	0.0	0.0	0.0	0.0	0.0	0.14285714285714285	0.0015	0.1	0.0	0.2727272727272727	0.14285714285714285	0.2857142857142857	0.6666666666666666	0.6666666666666666	0.0	0.3333333333333333	0.0	0.5	0.0	0.0	0.25	
Marsh Wren	0.0	0.0	0.0	0.0	0.0	0.0	0.0	0.0	1.0	0.0	0.0	0.16666666666666666	0.0	0.0	0.0	0.16666666666666666	0.0	0.25	0.0	0.6666666666666666	0.0	0.0	0.0	0.0	0.0	0.07692307692307693	0.0	0.0	0.0	0.1111111111111111	0.0	0.0	0.0	0.0015	0.1	0.0	0.0	0.14285714285714285	0.14285714285714285	0.5	0.3333333333333333	0.25	0.0	0.0	0.0	0.0	0.0	0.0	
Bewick's Wren	0.0	0.0	0.0	0.0	0.0	0.0	0.4	0.0	0.0	0.0	0.0	0.0	0.0	0.0	0.0	0.0	1.0	0.75	1.0	0.0	0.0	0.0	0.0	0.0	0.2	0.15384615384615385	0.0	0.21428571428571427	0.1111111111111111	0.1111111111111111	0.0	0.09090909090909091	0.5714285714285714	0.25	0.05	0.18181818181818182	0.2727272727272727	0.21428571428571427	0.14285714285714285	0.16666666666666666	0.16666666666666666	0.0	0.0	0.0	0.0	0.0	0.0	0.0	
wren sp.	0.0	0.0	0.0	0.0	0.0	0.0	0.0	0.0	0.0	0.0	0.0	0.0	0.0	0.0	0.0	0.0	0.0	0.0	0.0	0.0	0.0	0.0	0.0	0.0	0.0	0.0	0.0	0.0	0.0	0.0	0.0	0.0	0.0	0.0	0.0	0.0	0.09090909090909091	0.0	0.0	0.0	0.0	0.0	0.0	0.0	0.0	0.0	0.0	0.0	
Golden-crowned Kinglet	0.5	1.0	0.0	0.16666666666666666	0.0	0.25	0.2	0.0	0.0	0.0	0.5	0.0	0.0	0.5	0.0	0.0	0.0	0.75	0.0	0.0	0.0	0.0	0.0	0.0	0.0	0.07692307692307693	0.0	0.0	0.0	0.0	0.0	0.0	0.14285714285714285	0.0015	0.05	0.18181818181818182	0.2727272727272727	0.2857142857142857	0.14285714285714285	0.6666666666666666	0.5	0.0	0.0	0.0	0.5	0.0	0.0	0.5	
Ruby-crowned Kinglet	0.5	0.0	0.0	0.16666666666666666	0.0	0.0	0.4	0.25	0.0	0.0	0.0	0.3333333333333333	0.5	0.0	0.0	0.0	1.0	0.25	0.0	0.0	0.0	0.0	0.0	0.0	0.0	0.0	0.0	0.0	0.0	0.0	0.0	0.0	0.0	0.0	0.0	0.18181818181818182	0.09090909090909091	0.21428571428571427	0.14285714285714285	0.3333333333333333	0.5	0.0	0.0	0.0	0.5	0.0	0.0	0.0	
Varied Thrush	0.16666666666666666	0.0	0.0	0.16666666666666666	0.0	0.25	0.0015	0.0	0.0	0.0	0.0	0.0	0.0	0.0	0.0	0.0	0.0	0.0	0.0	0.0	0.0	0.0	0.0	0.0	0.0	0.0	0.0	0.0	0.0	0.0	0.0	0.0	0.0	0.0	0.05	0.09090909090909091	0.09090909090909091	0.0	0.0	0.16666666666666666	0.0	0.0	0.0	0.0	0.0	0.0	0.0	0.25	
Swainson's Thrush	0.0	0.0	0.0	0.0	0.0	0.0	0.0	0.0	0.0	0.0	0.0	0.0	0.0	0.0	0.0	0.0	0.0	0.0	0.0	0.3333333333333333	0.0	0.0	0.0	0.14285714285714285	0.2	0.15384615384615385	0.0	0.0	0.0	0.0	0.0	0.0	0.0	0.0	0.05	0.0	0.0	0.0	0.0	0.0	0.0	0.0	0.0	0.0	0.0	0.0	0.0	0.0	
Hermit Thrush	0.0	0.0	0.0	0.0	0.2	0.0	0.0	0.0	0.0	0.0	0.0	0.0	0.0	0.0	0.0	0.0	0.0	0.0	0.0	0.0	0.0	0.0	0.0	0.0	0.0	0.0	0.0	0.0	0.0	0.0	0.0	0.0	0.0	0.0	0.05	0.0	0.0	0.0	0.14285714285714285	0.16666666666666666	0.0	0.0	0.0	0.0	0.0	0.0	0.0	0.0	
American Robin	0.16666666666666666	0.0	0.0	0.16666666666666666	0.2	0.5	0.4	0.5	0.0	0.0	1.0	0.5	0.5	0.0	1.0	0.8333333333333334	0.0	0.75	1.0	0.6666666666666666	0.5	0.0	0.5	0.7142857142857143	0.7333333333333333	0.6923076923076923	0.75	0.7142857142857143	0.4444444444444444	0.3333333333333333	0.2222222222222222	0.0	0.0	0.25	0.3	0.18181818181818182	0.36363636363636365	0.21428571428571427	0.2857142857142857	0.6666666666666666	0.3333333333333333	0.25	0.0	0.0	0.0	0.0	0.0	0.25	
European Starling	0.0	0.0	0.0	0.0	0.0	0.0	0.0	0.25	0.0	0.0	0.0	0.3333333333333333	0.5	0.0	1.0	0.16666666666666666	0.0	0.0	1.0	0.0	0.5	0.0	0.5	0.7142857142857143	0.8666666666666667	0.5384615384615384	0.25	0.7857142857142857	0.6666666666666666	0.4444444444444444	0.6666666666666666	0.09090909090909091	0.42857142857142855	0.125	0.45	0.36363636363636365	0.36363636363636365	0.21428571428571427	0.2857142857142857	0.16666666666666666	0.0	0.0	0.0	0.0	0.0	0.0	0.0	0.0	
American Pipit	0.0	0.0	0.0	0.0	0.0	0.0	0.0	0.0	0.0	0.0	0.0	0.16666666666666666	0.0	0.0	0.0	0.0	0.0	0.0	0.0	0.0	0.0	0.0	0.0	0.0	0.0	0.0	0.0	0.0	0.0	0.0	0.0	0.0	0.14285714285714285	0.125	0.2	0.09090909090909091	0.18181818181818182	0.0	0.0	0.0	0.0	0.0	0.0	0.0	0.0	0.0	0.0	0.0	
Cedar Waxwing	0.0	0.0	0.0	0.0	0.0	0.0	0.0	0.0	0.0	0.0	0.0	0.0	0.0	0.0	0.0	0.0	0.0	0.0	0.0	0.0	0.0	0.0015	0.0	0.14285714285714285	0.06666666666666667	0.15384615384615385	0.0	0.07142857142857142	0.1111111111111111	0.1111111111111111	0.1111111111111111	0.09090909090909091	0.0	0.0	0.15	0.18181818181818182	0.0	0.0	0.0	0.0	0.16666666666666666	0.0	0.0	0.0	0.0	0.0	0.0	0.0	
Pine Grosbeak	0.0	0.0	0.0	0.0	0.0	0.0	0.0	0.25	0.0	0.0	0.0	0.0	0.0	0.0	0.0	0.0	0.0	0.0	0.0	0.0	0.0	0.0	0.0	0.0	0.0	0.0	0.0	0.0	0.0	0.0	0.0	0.0	0.0	0.0	0.0	0.0	0.0	0.0	0.0	0.0	0.0	0.0	0.0	0.0	0.0	0.0	0.0	0.0	
House Finch	0.0	0.0	0.0	0.0	0.0	0.0	0.2	0.5	0.0	0.0	0.0	0.3333333333333333	0.5	0.5	0.0	0.16666666666666666	0.0	0.0	1.0	0.0	0.0	0.0	0.5	0.8571428571428571	0.6	0.6153846153846154	0.5	0.5714285714285714	0.8888888888888888	0.7777777777777778	0.6666666666666666	0.18181818181818182	0.8571428571428571	0.125	0.8	0.9090909090909091	0.6363636363636364	0.5714285714285714	0.7142857142857143	0.5	0.3333333333333333	0.25	0.0	0.0	0.0	0.0	0.0	0.0	
Purple Finch	0.0	0.0	0.0	0.0	0.0	0.0	0.0	0.0	0.0	0.0	0.5	0.0	0.0	0.5	0.0	0.0	0.0	0.25	0.0	0.0	0.0	0.0	0.5	0.0	0.06666666666666667	0.07692307692307693	0.0015	0.07142857142857142	0.0	0.0	0.0	0.0	0.0	0.0	0.05	0.0	0.0	0.0	0.0	0.0	0.0	0.0	0.0	0.0	0.0	0.0	0.0	0.0	
Red Crossbill	0.0	0.0	0.0	0.0	0.0	0.0	0.0	0.0	0.0	0.0	0.0	0.0	0.0	0.0	0.0	0.0	0.0	0.0	0.0	0.0	0.0	0.0	0.0	0.0	0.0	0.0	0.0	0.0	0.1111111111111111	0.0	0.0	0.09090909090909091	0.0	0.0	0.05	0.0	0.0	0.0	0.0	0.0	0.0	0.0	0.0	0.0	0.0	0.0	0.0	0.0	
Pine Siskin	0.16666666666666666	0.0	0.0	0.0	0.0	0.0	0.0	0.0	0.0	0.3333333333333333	0.5	0.3333333333333333	0.5	0.0	0.0	0.16666666666666666	0.0	0.0	1.0	0.0	0.0	0.0	0.0	0.0	0.13333333333333333	0.0	0.0	0.0	0.0	0.1111111111111111	0.0	0.0	0.0	0.0	0.05	0.09090909090909091	0.0	0.07142857142857142	0.0	0.0	0.0	0.0	0.0	0.0	0.0	0.0	0.0	0.0	
American Goldfinch	0.0	0.0	0.0	0.0	0.0	0.0	0.0	0.25	0.0	0.0	0.0	0.0	0.0	0.0	0.0	0.0	0.0	0.0	1.0	0.3333333333333333	0.0	0.0015	0.5	0.5714285714285714	0.7333333333333333	0.6923076923076923	0.75	0.5	0.6666666666666666	0.3333333333333333	0.1111111111111111	0.18181818181818182	0.0	0.0	0.2	0.0	0.18181818181818182	0.07142857142857142	0.0	0.0	0.0	0.0	0.0	0.0	0.0	0.0	0.0	0.0	
Lapland Longspur	0.0	0.0	0.0	0.0	0.0	0.0	0.0	0.0	0.0	0.0	0.0	0.0	0.0	0.0	0.0	0.0	0.0	0.0	0.0	0.0	0.0	0.0	0.0	0.0	0.0	0.0	0.0	0.0	0.0	0.0	0.0	0.0	0.0	0.0	0.0	0.0	0.0	0.14285714285714285	0.0	0.0	0.0	0.0	0.0	0.0	0.0	0.0	0.0	0.0	
Fox Sparrow	0.16666666666666666	0.0	0.0	0.16666666666666666	0.0	0.0	0.0	0.25	0.0	0.0	0.0	0.0	0.5	0.0	0.0	0.0	0.0	0.0	0.0	0.0	0.0	0.0	0.0	0.0	0.0	0.0	0.0	0.0	0.0	0.0	0.0	0.0	0.0	0.0	0.05	0.18181818181818182	0.18181818181818182	0.07142857142857142	0.14285714285714285	0.0	0.3333333333333333	0.0	0.0	0.0	0.0	0.0	0.0	0.0	
Dark-eyed Junco	0.16666666666666666	0.0	0.0	0.16666666666666666	0.2	0.0	0.4	0.5	0.0	0.0	0.5	0.3333333333333333	1.0	0.0	0.0	0.0	0.0	0.0	0.0	0.0	0.0	0.0	0.0	0.42857142857142855	0.26666666666666666	0.07692307692307693	0.25	0.21428571428571427	0.0	0.0	0.0	0.2727272727272727	0.14285714285714285	0.0	0.15	0.2727272727272727	0.09090909090909091	0.14285714285714285	0.2857142857142857	0.16666666666666666	0.3333333333333333	0.0	0.0	0.0	0.0	0.0	0.0	0.25	
White-crowned Sparrow	0.0	0.0	0.0	0.0	0.0	0.0	0.2	0.25	0.0	0.0	0.0	0.16666666666666666	0.0	0.5	0.0	0.6666666666666666	0.0	0.0	1.0	0.0	0.0	0.0	0.5	0.7142857142857143	0.8666666666666667	0.5384615384615384	0.5	0.7142857142857143	0.6666666666666666	0.3333333333333333	0.3333333333333333	0.36363636363636365	0.2857142857142857	0.25	0.3	0.45454545454545453	0.09090909090909091	0.07142857142857142	0.14285714285714285	0.0	0.16666666666666666	0.0	0.0	0.0	0.0	0.0	0.0	0.0	
Golden-crowned Sparrow	0.16666666666666666	0.0	0.0	0.0	0.6	0.5	0.4	0.0	0.0	0.3333333333333333	0.0	0.0	0.5	0.0	0.0	0.0	0.0	0.0	0.0	0.0	0.0	0.0	0.0	0.0	0.0	0.0	0.0	0.0	0.0	0.0	0.0	0.0	0.0	0.125	0.1	0.2727272727272727	0.45454545454545453	0.5	0.2857142857142857	0.3333333333333333	0.3333333333333333	0.25	0.3333333333333333	0.0	0.0	0.0	0.0	0.0	
Savannah Sparrow	0.0	0.0	0.0	0.0	0.0	0.0	0.0	0.0	0.0	0.0	0.0	0.0	0.0	0.5	1.0	0.3333333333333333	0.0	0.25	1.0	0.0	0.0	0.0	0.5	0.0	0.06666666666666667	0.23076923076923078	0.5	0.2857142857142857	0.4444444444444444	0.3333333333333333	0.5555555555555556	0.36363636363636365	0.5714285714285714	0.25	0.85	0.9090909090909091	0.6363636363636364	0.42857142857142855	0.5714285714285714	0.16666666666666666	0.5	0.25	0.0	0.0	0.0	0.0	0.0	0.0	
Song Sparrow	0.3333333333333333	0.0	0.6666666666666666	0.16666666666666666	1.0	1.0	0.8	0.75	0.0	0.3333333333333333	1.0	0.6666666666666666	0.5	0.5	1.0	0.3333333333333333	0.0	0.5	1.0	0.6666666666666666	0.0	0.0	0.5	0.7142857142857143	0.8	0.6923076923076923	0.75	0.5714285714285714	0.6666666666666666	0.5555555555555556	0.6666666666666666	0.45454545454545453	0.2857142857142857	0.375	0.8	1.0	0.5454545454545454	0.7142857142857143	0.5714285714285714	0.8333333333333334	0.6666666666666666	0.25	0.3333333333333333	0.0	0.0	0.0	0.0	0.5	
Lincoln's Sparrow	0.0	0.0	0.0	0.0	0.0	0.0	0.0	0.0	0.0	0.0	0.0	0.0	0.0	0.0	0.0	0.0	0.0	0.0	0.0	0.0	0.0	0.0	0.0	0.0	0.0	0.0	0.0	0.0	0.0	0.0	0.0	0.09090909090909091	0.0	0.0	0.05	0.0	0.09090909090909091	0.07142857142857142	0.14285714285714285	0.0	0.0	0.0	0.0	0.0	0.0	0.0	0.0	0.0	
Spotted Towhee	0.3333333333333333	1.0	0.0	0.0	0.2	0.25	0.2	0.25	0.0	0.3333333333333333	0.0	0.0	0.5	0.0	1.0	0.16666666666666666	0.0	0.5	1.0	0.0	0.0	0.0	0.5	0.42857142857142855	0.3333333333333333	0.23076923076923078	0.25	0.14285714285714285	0.2222222222222222	0.0	0.0	0.0	0.42857142857142855	0.25	0.45	0.18181818181818182	0.45454545454545453	0.21428571428571427	0.2857142857142857	0.3333333333333333	0.5	0.0	0.3333333333333333	0.0	0.0	1.0	0.0	0.0	
Western Meadowlark	0.0	0.0	0.0	0.0	0.0	0.0	0.0	0.0	0.0	0.0	0.0	0.0	0.0	0.0	0.0	0.0	0.0	0.0	0.0	0.0	0.0	0.0	0.0	0.0	0.0	0.0	0.0	0.0	0.0	0.0	0.0	0.0	0.0	0.0	0.25	0.0	0.0	0.0	0.0	0.0	0.0	0.0	0.0	0.0	0.0	0.0	0.0	0.0	
Red-winged Blackbird	0.0	0.0	0.3333333333333333	0.0	0.0	0.25	0.2	0.0	1.0	0.0	0.0	0.16666666666666666	0.0	0.0	1.0	0.16666666666666666	0.0	0.75	0.0	0.6666666666666666	0.5	0.0	0.0	0.0	0.06666666666666667	0.15384615384615385	0.25	0.0	0.0	0.1111111111111111	0.1111111111111111	0.09090909090909091	0.0	0.0	0.05	0.09090909090909091	0.0	0.14285714285714285	0.0	0.16666666666666666	0.0	0.0	0.0	0.0	0.0	0.0	0.0	0.0	
Brown-headed Cowbird	0.0	0.0	0.0	0.0	0.0	0.0	0.0	0.0	0.0	0.0	0.0	0.0	0.0	0.0	0.0	0.0	0.0	0.25	1.0	0.0	0.0	0.0	0.0	0.2857142857142857	0.4	0.3076923076923077	0.75	0.35714285714285715	0.6666666666666666	0.3333333333333333	0.4444444444444444	0.18181818181818182	0.14285714285714285	0.125	0.0	0.0	0.0	0.0	0.0	0.0	0.0	0.0	0.0	0.0	0.0	0.0	0.0	0.0	
Brewer's Blackbird	0.0	0.0	0.0	0.0	0.0	0.0	0.0	0.0	0.0	0.0	0.0	0.0	0.0	0.0	0.0	0.0	0.0	0.0	0.0	0.0	0.0	0.0	0.0	0.0	0.0	0.0015	0.0	0.0	0.0	0.0	0.0	0.0	0.0	0.0	0.0	0.0	0.0	0.0	0.0	0.0	0.0	0.0	0.0	0.0	0.0	0.0	0.0	0.0	
Orange-crowned Warbler	0.0	0.0	0.0	0.0	0.0	0.0	0.0	0.0	0.0	0.0	0.0	0.0	0.5	0.5	1.0	0.16666666666666666	0.0	0.5	1.0	0.3333333333333333	0.0	0.0	0.5	0.42857142857142855	0.4	0.15384615384615385	0.25	0.0	0.0	0.1111111111111111	0.0	0.09090909090909091	0.2857142857142857	0.25	0.05	0.0	0.0	0.0	0.0	0.0	0.0	0.0	0.0	0.0	0.0	0.0	0.0	0.0	
MacGillivray's Warbler	0.0	0.0	0.0	0.0	0.0	0.0	0.0	0.0	0.0	0.0	0.0	0.0	0.0	0.0	0.0	0.0	0.0	0.25	0.0	0.0	0.0	0.0	0.0	0.0	0.0	0.0	0.0	0.0	0.0	0.0	0.0	0.0	0.0	0.0	0.0	0.0	0.0	0.0	0.0	0.0	0.0	0.0	0.0	0.0	0.0	0.0	0.0	0.0	
Common Yellowthroat	0.0	0.0	0.0	0.0	0.0	0.0	0.0	0.0	0.0	0.0	0.0	0.0	0.0	0.0	0.0	0.0	0.0	0.0	0.0	0.0	0.0	0.0	0.0	0.0	0.0	0.07692307692307693	0.0	0.0	0.0	0.0	0.0	0.0	0.0	0.0	0.0	0.0	0.0	0.0	0.0	0.0	0.0	0.0	0.0	0.0	0.0	0.0	0.0	0.0	
Yellow Warbler	0.0	0.0	0.0	0.0	0.0	0.0	0.0	0.0	0.0	0.0	0.0	0.0	0.0	0.0	0.0	0.0	0.0	0.0	0.0	0.3333333333333333	0.0	0.0	0.0	0.0	0.0	0.0	0.0	0.0	0.0	0.0	0.0	0.0	0.0	0.0	0.0	0.0	0.0	0.0	0.0	0.0	0.0	0.0	0.0	0.0	0.0	0.0	0.0	0.0	
Yellow-rumped Warbler	0.0	0.0	0.0	0.0	0.0	0.0	0.0	0.0	0.0	0.0	0.0	0.16666666666666666	0.0	0.0	0.0	0.0	1.0	0.25	1.0	0.0	0.0	0.0	0.0	0.0	0.06666666666666667	0.0	0.0	0.0	0.1111111111111111	0.0	0.0	0.0	0.0	0.0	0.0	0.09090909090909091	0.0	0.0	0.0	0.0	0.0	0.0	0.0	0.0	0.0	0.0	0.0	0.0	
Black-throated Gray Warbler	0.0	0.0	0.0	0.0	0.0	0.0	0.0	0.0	0.0	0.0	0.0	0.0	0.0	0.0	0.0	0.0	0.0	0.25	0.0	0.0	0.0	0.0	0.0	0.0	0.0	0.07692307692307693	0.0	0.0	0.0	0.1111111111111111	0.1111111111111111	0.09090909090909091	0.0	0.0	0.0	0.0	0.0	0.0	0.0	0.0	0.0	0.0	0.0	0.0	0.0	0.0	0.0	0.0	
Townsend's Warbler	0.0	0.0	0.0	0.0	0.0	0.0	0.0	0.0	0.0	0.0	0.0	0.0	0.0	0.0	0.0	0.0	0.0	0.0	0.0	0.0	0.0	0.0	0.0	0.0	0.0	0.0	0.0	0.0	0.0	0.0	0.0	0.0	0.0	0.0	0.0	0.09090909090909091	0.0	0.0	0.0	0.0	0.0	0.0	0.0	0.0	0.0	0.0	0.0	0.0	
Wilson's Warbler	0.0	0.0	0.0	0.0	0.0	0.0	0.0	0.0	0.0	0.0	0.0	0.0	0.0	0.0	0.0	0.0	0.0	0.75	1.0	0.6666666666666666	0.0	0.0	0.0	0.0	0.0	0.0	0.0	0.07142857142857142	0.0	0.0	0.0	0.0	0.2857142857142857	0.0	0.0	0.0	0.0	0.0	0.0	0.0	0.0	0.0	0.0	0.0	0.0	0.0	0.0	0.0	
Western Tanager	0.0	0.0	0.0	0.0	0.0	0.0	0.0	0.0	0.0	0.0	0.0	0.0	0.0	0.0	0.0	0.0	0.0	0.25	0.0	0.0	0.0	0.0	0.0	0.0	0.0	0.07692307692307693	0.25	0.0	0.0	0.1111111111111111	0.1111111111111111	0.09090909090909091	0.14285714285714285	0.0	0.0	0.0	0.0	0.0	0.0	0.0	0.0	0.0	0.0	0.0	0.0	0.0	0.0	0.0	
Black-headed Grosbeak	0.0	0.0	0.0	0.0	0.0	0.0	0.0	0.0	0.0	0.0	0.0	0.0	0.0	0.0	0.0	0.0	0.0	0.25	0.0	0.0	0.0	0.0	0.0	0.0	0.06666666666666667	0.07692307692307693	0.0015	0.14285714285714285	0.1111111111111111	0.0	0.0	0.0	0.0	0.0	0.0	0.0	0.0	0.0	0.0	0.0	0.0	0.0	0.0	0.0	0.0	0.0	0.0	0.0	
House Sparrow	0.0	0.0	0.0	0.0	0.0	0.0	0.2	0.25	0.0	0.0	0.0	0.16666666666666666	0.0	0.0	0.0	0.3333333333333333	0.0	0.0	0.0	0.0	0.0	0.0	0.0	0.2857142857142857	0.06666666666666667	0.07692307692307693	0.0	0.14285714285714285	0.0	0.1111111111111111	0.1111111111111111	0.0	0.0	0.0	0.0	0.0	0.09090909090909091	0.0	0.0	0.0	0.0	0.0	0.0	0.0	0.0	0.0	0.0	0.0	
passerine sp.	0.0	0.0	0.0	0.0	0.0	0.0	0.0	0.0	0.0	0.0	0.0	0.0	0.0	0.0	0.0	0.0	0.0	0.0	0.0	0.0	0.0	0.0	0.0	0.0	0.0	0.0	0.0	0.0	0.1111111111111111	0.0	0.1111111111111111	0.0	0.0	0.0	0.0	0.09090909090909091	0.0	0.0	0.0	0.0	0.0	0.0	0.0	0.0	0.0	0.0	0.0	0.0	

