









Frequency of observations in the selected location(s).:
Number of taxa: 	164

	Jan				Feb				Mar				Apr				May				Jun				Jul				Aug				Sep				Oct				Nov				Dec				
Sample Size:	5.0	4.0	2.0	13.0	4.0	3.0	4.0	9.0	3.0	3.0	9.0	8.0	5.0	6.0	4.0	4.0	3.0	1.0	1.0	3.0	2.0	4.0	4.0	2.0	2.0	7.0	1.0	4.0	2.0	2.0	1.0	0.0	2.0	5.0	5.0	5.0	1.0	5.0	3.0	6.0	3.0	10.0	4.0	11.0	3.0	6.0	1.0	6.0	

Greater White-fronted Goose	0.0	0.0	0.0	0.0	0.0	0.0	0.0	0.0	0.0	0.0	0.0	0.0	0.2	0.0	0.25	0.0	0.0	0.0	0.0	0.0	0.0	0.0	0.0	0.0	0.0	0.0	0.0	0.0	0.0	0.0	0.0	0.0	0.0	0.0	0.0	0.0	0.0	0.0015	0.0	0.0	0.0	0.0	0.0	0.0	0.0	0.0	0.0	0.0	
Domestic goose sp. (Domestic type)	0.0	0.0	0.0	0.0	0.0	0.0	0.0	0.0	0.0	0.0	0.0	0.0	0.0	0.0	0.0	0.0	0.0	0.0	0.0	0.0	0.0	0.0	0.0	0.0	0.0	0.14285714285714285	0.0	0.0	0.0	0.0	0.0	0.0	0.0	0.0	0.0	0.0	0.0	0.0	0.0	0.0	0.0	0.0	0.0	0.0	0.0	0.0	0.0	0.0	
Brant	0.0015	0.0	0.0	0.0	0.0	0.0	0.0	0.0	0.0	0.0	0.0	0.25	0.0	0.0	0.25	0.0	0.0	0.0	0.0	0.0	0.0	0.0	0.0	0.0	0.0	0.0	0.0	0.0	0.0	0.0	0.0	0.0	0.0	0.0	0.0	0.0	0.0	0.0	0.0	0.0	0.0	0.0	0.0	0.0	0.0	0.0	0.0	0.0	
Cackling Goose	0.2	0.0	0.0	0.0	0.0	0.0	0.0	0.0	0.0	0.0	0.0	0.0	0.0	0.0	0.0	0.0	0.0	0.0	0.0	0.0	0.0	0.0	0.0	0.0	0.0	0.0	0.0	0.0	0.0	0.0	0.0	0.0	0.0	0.0	0.0	0.0	0.0	0.0015	0.0	0.0	0.0	0.0	0.0	0.09090909090909091	0.0	0.16666666666666666	0.0	0.0	
Canada Goose	0.2	0.25	0.0	0.15384615384615385	0.5	0.3333333333333333	0.5	0.4444444444444444	0.6666666666666666	0.6666666666666666	0.5555555555555556	0.5	0.4	0.5	0.5	1.0	0.3333333333333333	1.0	0.0	0.3333333333333333	0.0	0.0	0.0	0.0	0.0	0.7142857142857143	1.0	1.0	0.0	0.5	0.0	0.0015	0.0	0.0	0.2	0.4	1.0	0.2	0.3333333333333333	0.16666666666666666	0.0	0.0	0.25	0.45454545454545453	0.3333333333333333	0.16666666666666666	0.0	0.3333333333333333	
Trumpeter Swan	0.0	0.0	0.0	0.0	0.0	0.0	0.0	0.0	0.0	0.0	0.0	0.125	0.0	0.0	0.0	0.0	0.0	0.0	0.0	0.0	0.0	0.0	0.0	0.0	0.0	0.0	0.0	0.0	0.0	0.0	0.0	0.0	0.0	0.0	0.0	0.0	0.0	0.0	0.0	0.0	0.0	0.0	0.0	0.0	0.0	0.0	0.0	0.0	
Northern Shoveler	0.0	0.0	0.0	0.0	0.0	0.0	0.0	0.0	0.0	0.0	0.0	0.0	0.2	0.0	0.0	0.0	0.0	0.0	0.0	0.0	0.0	0.0	0.0	0.0	0.0	0.0	0.0	0.0	0.0	0.0	0.0	0.0	0.0	0.0	0.0	0.0	0.0	0.0	0.0	0.0015	0.0	0.0	0.0	0.0	0.0	0.0	0.0	0.0	
Eurasian Wigeon	0.0	0.0	0.0	0.07692307692307693	0.0	0.0	0.0	0.1111111111111111	0.0	0.0	0.0	0.125	0.0	0.0	0.0	0.0	0.0	0.0	0.0	0.0	0.0	0.0	0.0	0.0	0.0	0.0	0.0	0.0	0.0	0.0	0.0	0.0	0.0	0.0	0.0	0.0	0.0	0.0	0.0	0.0	0.0	0.1	0.0	0.09090909090909091	0.3333333333333333	0.16666666666666666	0.0	0.0	
American Wigeon	0.6	0.0	1.0	0.23076923076923078	0.0	1.0	0.25	0.4444444444444444	0.3333333333333333	0.3333333333333333	0.4444444444444444	0.125	0.2	0.0	0.0	0.0	0.0	0.0	0.0	0.0	0.0	0.0	0.0	0.0	0.0	0.0	0.0	0.0	0.0	0.0	0.0	0.0	0.0	0.0	0.0	0.2	0.0	0.2	0.0	0.0015	0.3333333333333333	0.1	0.0	0.18181818181818182	0.3333333333333333	0.0	1.0	0.3333333333333333	
Mallard	0.2	0.0	0.0	0.07692307692307693	0.0	0.3333333333333333	0.25	0.2222222222222222	0.3333333333333333	0.3333333333333333	0.1111111111111111	0.125	0.0	0.16666666666666666	0.0	0.5	0.0	0.0	0.0	0.0	0.0	0.0	0.0	0.0	0.0	0.14285714285714285	0.0	0.5	0.0	0.0	0.0	0.0	0.0	0.0	0.2	0.0	0.0	0.0	0.0	0.0015	0.0	0.0	0.0	0.18181818181818182	0.0	0.16666666666666666	0.0	0.0	
Green-winged Teal	0.0	0.0	0.0	0.0	0.0	0.0	0.0	0.0	0.0	0.0	0.0	0.125	0.0	0.0	0.0	0.0	0.0	0.0	0.0	0.0	0.0	0.0	0.0	0.0	0.0	0.0	0.0	0.0	0.0	0.0	0.0	0.0	0.0	0.0	0.0	0.0	0.0	0.0	0.0	0.0	0.0	0.0	0.0	0.0	0.0	0.0	0.0	0.0	
Ring-necked Duck	0.0	0.0	0.0	0.0	0.0	0.0	0.0	0.0	0.0	0.0	0.0	0.0	0.0	0.0	0.0	0.0	0.0	0.0	0.0	0.0	0.0	0.0	0.0	0.0	0.0	0.0	0.0	0.0	0.0	0.0	0.0	0.0	0.0	0.0	0.0	0.0	0.0	0.0	0.0	0.0015	0.0	0.0	0.0	0.0	0.0	0.0	0.0	0.0	
Greater Scaup	0.6	0.25	1.0	0.6153846153846154	0.25	0.6666666666666666	0.25	0.4444444444444444	0.0	0.3333333333333333	0.3333333333333333	0.25	0.2	0.0	0.5	0.25	0.0	0.0	0.0	0.0	0.0	0.0	0.0	0.0	0.0	0.0	0.0	0.0	0.0	0.0	0.0	0.0	0.0	0.0	0.0	0.0	0.0	0.0	0.0	0.0015	0.0	0.1	0.0015	0.5454545454545454	0.0	0.5	1.0	0.5	
Lesser Scaup	0.0	0.25	0.0	0.07692307692307693	0.25	0.0	0.0	0.1111111111111111	0.0	0.0	0.0	0.0	0.0	0.0	0.0	0.0	0.0	0.0	0.0	0.0	0.0	0.0	0.0	0.0	0.0	0.0	0.0	0.0	0.0	0.0	0.0	0.0	0.0	0.0	0.0	0.0	0.0	0.0	0.0	0.0	0.0	0.0	0.0	0.0	0.0	0.3333333333333333	0.0	0.0	
Greater/Lesser Scaup	0.0015	0.0	0.5	0.0	0.0	0.0	0.25	0.0	0.0	0.0	0.1111111111111111	0.0	0.0	0.0	0.0	0.0	0.0	0.0	0.0	0.0	0.0	0.0	0.0	0.0	0.0	0.0	0.0	0.0	0.0	0.0	0.0	0.0	0.0	0.0	0.0	0.0	0.0	0.0	0.0	0.0	0.0	0.0	0.0	0.09090909090909091	0.0	0.16666666666666666	0.0	0.0	
Harlequin Duck	0.0	0.0	0.5	0.0	0.0	0.0	0.0	0.0	0.0	0.0	0.0	0.0	0.0	0.0	0.0	0.0	0.0	0.0	0.0	0.0	0.0	0.0	0.0	0.0	0.0	0.0	0.0	0.0	0.0	0.0	0.0	0.0	0.0	0.0	0.0	0.0	0.0	0.0	0.0	0.0015	0.0	0.0	0.0	0.09090909090909091	0.0	0.16666666666666666	0.0	0.0	
Surf Scoter	1.0	0.75	1.0	0.7692307692307693	0.75	1.0	0.5	0.8888888888888888	1.0	1.0	0.8888888888888888	0.875	0.6	0.5	1.0	0.75	0.6666666666666666	1.0	0.0	0.0	0.0	0.0	0.0	0.0	0.0	0.0	0.0	0.25	0.0	0.0	0.0	0.0	0.0	0.2	0.4	0.6	0.0	0.4	1.0	0.6666666666666666	0.6666666666666666	0.8	0.75	0.9090909090909091	0.6666666666666666	0.8333333333333334	1.0	0.6666666666666666	
White-winged Scoter	0.2	0.5	1.0	0.46153846153846156	0.25	0.6666666666666666	0.25	0.3333333333333333	0.6666666666666666	1.0	0.6666666666666666	0.5	0.8	0.0	0.25	0.25	0.0	1.0	0.0	0.3333333333333333	0.0	0.0	0.0	0.0	0.0	0.0	0.0	0.0	0.0	0.0	0.0	0.0	0.0	0.0	0.2	0.0	0.0	0.0	0.6666666666666666	0.0015	0.3333333333333333	0.2	0.25	0.7272727272727273	0.6666666666666666	0.6666666666666666	1.0	0.3333333333333333	
Black Scoter	0.2	0.25	1.0	0.15384615384615385	0.0	0.6666666666666666	0.0	0.2222222222222222	0.0	0.3333333333333333	0.1111111111111111	0.25	0.0	0.16666666666666666	0.0	0.0	0.0	0.0	0.0	0.0	0.0	0.0	0.0	0.0	0.0	0.0	0.0	0.0	0.0	0.0	0.0	0.0	0.0	0.0	0.0	0.0	0.0	0.0	0.0	0.0	0.0	0.2	0.0	0.18181818181818182	0.0	0.0	0.0	0.3333333333333333	
scoter sp.	0.0	0.0	0.5	0.0	0.0	0.0	0.0	0.0	0.0	0.0	0.0	0.0	0.0	0.0	0.25	0.0	0.0	0.0	0.0	0.0	0.0	0.0	0.0	0.0	0.0	0.0	0.0	0.0	0.0	0.0	0.0	0.0	0.0	0.0	0.0	0.0	0.0	0.0	0.0	0.0	0.0	0.0	0.0	0.09090909090909091	0.0	0.0	0.0	0.0	
Long-tailed Duck	0.4	0.5	1.0	0.5384615384615384	0.25	0.6666666666666666	0.5	0.3333333333333333	0.6666666666666666	0.6666666666666666	0.2222222222222222	0.625	0.2	0.0	0.0	0.0	0.0	0.0	0.0	0.0	0.0	0.0	0.0	0.0	0.0	0.0	0.0	0.0	0.0	0.0	0.0	0.0	0.0	0.0	0.0	0.0	0.0	0.0	0.0	0.16666666666666666	0.3333333333333333	0.3	0.0	0.2727272727272727	0.0	0.5	1.0	0.3333333333333333	
Bufflehead	0.8	0.75	1.0	0.8461538461538461	0.5	1.0	1.0	0.7777777777777778	0.3333333333333333	1.0	0.8888888888888888	0.625	0.6	0.3333333333333333	0.75	0.25	0.0	1.0	0.0	0.0	0.0	0.0	0.0	0.0	0.0	0.0	0.0	0.0	0.0	0.0	0.0	0.0	0.0	0.0	0.0	0.0	0.0	0.0	0.3333333333333333	0.0015	0.3333333333333333	0.4	0.75	0.8181818181818182	1.0	0.6666666666666666	1.0	0.6666666666666666	
Common Goldeneye	0.6	0.75	1.0	0.7692307692307693	0.25	1.0	0.25	0.4444444444444444	0.0	0.6666666666666666	0.7777777777777778	0.5	0.2	0.3333333333333333	0.25	0.0	0.0	0.0	0.0	0.0	0.0	0.0	0.0	0.0	0.0	0.0	0.0	0.0	0.0	0.0	0.0	0.0	0.0	0.0	0.0	0.0	0.0	0.0	0.0	0.0015	0.0	0.1	0.25	0.6363636363636364	0.6666666666666666	0.6666666666666666	1.0	0.6666666666666666	
Barrow's Goldeneye	0.0	0.25	1.0	0.07692307692307693	0.25	0.3333333333333333	0.75	0.3333333333333333	0.6666666666666666	1.0	0.3333333333333333	0.375	0.4	0.0	0.25	0.0	0.0	0.0	0.0	0.0	0.0	0.0	0.0	0.0	0.0	0.0	0.0	0.0	0.0	0.0	0.0	0.0	0.0	0.0	0.0	0.0	0.0	0.0	0.0	0.0	0.0	0.0	0.0	0.18181818181818182	0.3333333333333333	0.0	1.0	0.16666666666666666	
Common/Barrow's Goldeneye	0.0	0.0	0.5	0.0	0.0	0.0	0.0	0.1111111111111111	0.0	0.0	0.0	0.0	0.0	0.0	0.0	0.0	0.0	0.0	0.0	0.0	0.0	0.0	0.0	0.0	0.0	0.0	0.0	0.0	0.0	0.0	0.0	0.0	0.0	0.0	0.0	0.0	0.0	0.0	0.0	0.0	0.0	0.0	0.0	0.0	0.0	0.0	0.0	0.0	
Hooded Merganser	0.4	0.5	0.0	0.07692307692307693	0.0	0.0	0.25	0.2222222222222222	0.0	0.0	0.1111111111111111	0.0	0.0	0.0	0.0	0.0	0.0	0.0	0.0	0.0	0.0	0.0	0.0	0.0	0.0	0.0	0.0	0.25	0.0	0.0	0.0	0.0	0.0	0.0	0.0	0.0	0.0	0.0	0.0	0.0	0.3333333333333333	0.2	0.0015	0.45454545454545453	0.6666666666666666	1.0	1.0	0.5	
Common Merganser	0.0	0.0	0.0	0.0	0.0	0.0	0.0	0.3333333333333333	0.0	0.0	0.0	0.125	0.0	0.0	0.0	0.0	0.0	0.0	0.0	0.0	0.0	0.0	0.0	0.0	0.0	0.0	0.0	0.0	0.0	0.0	0.0	0.0	0.0	0.0	0.0	0.0	0.0	0.0	0.0	0.16666666666666666	0.0	0.1	0.25	0.18181818181818182	0.3333333333333333	0.3333333333333333	0.0	0.0	
Red-breasted Merganser	1.0	0.5	1.0	0.6923076923076923	0.5	1.0	1.0	0.6666666666666666	1.0	1.0	0.8888888888888888	0.5	0.4	0.3333333333333333	0.5	0.25	0.3333333333333333	1.0	0.0	0.0	0.0	0.0	0.0	0.0	0.0	0.0	0.0	0.0	0.0	0.0	0.0	0.0	0.0	0.0	0.0	0.2	0.0	0.0	0.0	0.0	1.0	0.5	0.75	0.9090909090909091	0.6666666666666666	0.8333333333333334	1.0	0.6666666666666666	
Common/Red-breasted Merganser	0.0	0.0015	0.0	0.0	0.0	0.0	0.0	0.0	0.0	0.0	0.0	0.0	0.0	0.0	0.0	0.0	0.0	0.0	0.0	0.0	0.0	0.0	0.0	0.0	0.0	0.0	0.0	0.0	0.0	0.0	0.0	0.0	0.0	0.0	0.0	0.0	0.0	0.0	0.0	0.0	0.0	0.0	0.0	0.09090909090909091	0.0	0.0	0.0	0.0	
California Quail	0.0	0.0	0.0	0.0	0.0	0.0	0.0	0.0	0.0	0.0	0.0	0.0	0.0	0.0	0.0	0.0	0.0	0.0	0.0	0.0	0.0	0.0	0.0	0.0	0.0	0.0	0.0	0.25	0.0	0.0	0.0	0.0	0.0	0.2	0.0	0.0	0.0	0.0	0.0	0.0	0.0	0.0	0.0	0.0	0.0	0.0	0.0	0.0	
Ruffed Grouse	0.0	0.0	0.0	0.0	0.0	0.0	0.0	0.0	0.0	0.0	0.0	0.0	0.0	0.16666666666666666	0.0	0.0	0.0	0.0	0.0	0.0	0.0	0.0	0.0	0.0	0.0	0.0	0.0	0.0	0.0	0.0	0.0	0.0	0.0	0.0	0.0	0.0	0.0	0.0	0.0	0.0	0.0	0.0	0.0	0.0	0.0	0.0	0.0	0.0	
Pied-billed Grebe	0.2	0.0	0.0	0.07692307692307693	0.0	0.3333333333333333	0.0	0.2222222222222222	0.3333333333333333	0.0	0.1111111111111111	0.0	0.0	0.0	0.0	0.0	0.0	0.0	0.0	0.0	0.0	0.0	0.0	0.0	0.0	0.0	0.0	0.0	0.0	0.0	0.0	0.0	0.0	0.0	0.0	0.0	0.0	0.0	0.0	0.0015	0.0	0.0	0.5	0.09090909090909091	0.6666666666666666	0.16666666666666666	1.0	0.3333333333333333	
Horned Grebe	1.0	0.75	1.0	0.8461538461538461	0.75	1.0	1.0	0.8888888888888888	1.0	1.0	0.7777777777777778	0.75	0.4	0.5	0.75	0.5	0.3333333333333333	0.0	0.0	0.0	0.0	0.0	0.0	0.0	0.0	0.0	0.0	0.0	0.0	0.0	0.0	0.0	0.0	0.2	0.4	0.6	1.0	0.6	0.6666666666666666	0.5	0.6666666666666666	0.8	1.0	0.9090909090909091	1.0	0.8333333333333334	1.0	0.6666666666666666	
Red-necked Grebe	0.4	0.5	1.0	0.38461538461538464	0.25	0.6666666666666666	0.25	0.4444444444444444	0.6666666666666666	1.0	0.5555555555555556	0.625	0.2	0.3333333333333333	0.5	0.25	0.3333333333333333	1.0	0.0	0.0	0.0	0.0	0.0	0.0	0.0	0.0	0.0	0.0	0.0	0.0	0.0	0.0	0.0	0.4	0.4	0.6	0.0	0.4	1.0	0.3333333333333333	0.3333333333333333	0.7	0.75	0.45454545454545453	0.3333333333333333	0.5	1.0	0.5	
Eared Grebe	0.2	0.0	0.0	0.0	0.0	0.0	0.0	0.1111111111111111	0.0	0.0	0.0	0.125	0.4	0.0	0.0	0.0	0.3333333333333333	0.0	0.0	0.0	0.0	0.0	0.0	0.0	0.0	0.0	0.0	0.0	0.0	0.0	0.0	0.0	0.0	0.0	0.0	0.0	0.0	0.0	0.0	0.0	0.0	0.1	0.0	0.0	0.0	0.0	0.0	0.16666666666666666	
Western Grebe	0.4	0.0	1.0	0.46153846153846156	0.25	0.3333333333333333	0.5	0.3333333333333333	0.6666666666666666	0.3333333333333333	0.6666666666666666	0.5	0.2	0.16666666666666666	0.5	0.25	0.0	1.0	0.0	0.0	0.0	0.0	0.0	0.0	0.0	0.0	0.0	0.0	0.0	0.0	0.0	0.0	0.0	0.0	0.2	0.4	0.0	0.4	0.6666666666666666	0.16666666666666666	0.6666666666666666	0.5	0.25	0.18181818181818182	0.3333333333333333	0.5	0.0	0.5	
grebe sp.	0.0	0.0	0.0	0.0	0.0	0.0	0.0	0.0	0.0	0.0	0.1111111111111111	0.0	0.0	0.0	0.0	0.0	0.0	0.0	0.0	0.0	0.0	0.0	0.0	0.0	0.0	0.0	0.0	0.0	0.0	0.0	0.0	0.0	0.0	0.0	0.0	0.0	0.0	0.0	0.0	0.0	0.0	0.0	0.0	0.0	0.0	0.0	0.0	0.0	
Rock Pigeon	0.2	0.25	0.0	0.07692307692307693	0.0	0.3333333333333333	0.0	0.1111111111111111	0.0	0.0	0.2222222222222222	0.25	0.2	0.0	0.25	0.25	0.0	0.0	1.0	0.0	0.5	0.25	0.0	0.0	0.5	0.14285714285714285	0.0	1.0	0.5	0.0	1.0	0.0	0.5	0.0	0.0	0.0	0.0	0.0	0.0	0.0	0.0	0.0	0.0	0.09090909090909091	0.6666666666666666	0.0	0.0	0.16666666666666666	
Band-tailed Pigeon	0.0	0.0	0.0	0.0	0.0	0.0	0.0	0.0	0.0	0.0	0.0	0.0	0.2	0.0	0.0	0.0	0.0	0.0	0.0	0.0	0.0	0.0	0.0	0.0	0.0	0.0	0.0	0.0	0.0	0.0	0.0	0.0	0.0	0.0	0.2	0.0	0.0	0.0	0.0	0.0	0.0	0.0	0.0	0.0	0.0	0.0	0.0	0.0	
Eurasian Collared-Dove	0.0	0.0	0.0	0.0	0.0	0.0	0.0	0.1111111111111111	0.0	0.3333333333333333	0.0	0.125	0.0	0.0	0.25	0.25	0.0	0.0	0.0	0.3333333333333333	0.5	0.25	0.25	0.0	0.5	0.2857142857142857	0.0	0.5	0.5	0.0	0.0	0.0	0.0	0.0	0.0	0.0	1.0	0.2	0.0	0.0	0.3333333333333333	0.1	0.0	0.09090909090909091	0.0	0.0	0.0	0.0	
Mourning Dove	0.0	0.0	0.0	0.0	0.0	0.0	0.0	0.0	0.0	0.0	0.0	0.125	0.0	0.0	0.0	0.0	0.0	0.0	0.0	0.0	0.0	0.0	0.0	0.0	0.0	0.0	0.0	0.25	0.0	0.0	0.0	0.0	0.0	0.2	0.0	0.0	0.0	0.0	0.0	0.0	0.0	0.1	0.0	0.0	0.0	0.0	0.0	0.0	
pigeon/dove sp.	0.0	0.0	0.0	0.0	0.0	0.0	0.0	0.0	0.0	0.0	0.0	0.0	0.0	0.0	0.0	0.0	0.0	0.0	0.0	0.0	0.0	0.0	0.25	0.0	0.0	0.0	0.0	0.0	0.0	0.0	0.0	0.0015	0.0	0.0	0.0	0.0	0.0	0.0	0.0	0.0	0.0	0.0	0.0	0.0	0.0	0.0	0.0	0.0	
Anna's Hummingbird	0.0	0.0	0.0	0.07692307692307693	0.0	0.0	0.25	0.0	0.3333333333333333	0.0	0.1111111111111111	0.0	0.4	0.0	0.0	0.0	0.0	0.0	0.0	0.0	0.0	0.0	0.0	0.0	0.0	0.14285714285714285	0.0	0.25	0.5	0.0	1.0	0.0	0.0	0.0	0.2	0.0	0.0	0.0	0.0	0.0	0.0	0.2	0.25	0.09090909090909091	0.6666666666666666	0.0	0.0	0.0	
Rufous Hummingbird	0.0	0.0	0.0	0.0	0.0	0.0	0.0	0.0	0.0	0.0	0.1111111111111111	0.0	0.2	0.0	0.0	0.0	0.0	1.0	0.0	0.0	0.0	0.0	0.25	0.0	0.0	0.0	0.0	0.0	0.0	0.0	0.0	0.0	0.0	0.0	0.0	0.0	0.0	0.0	0.0	0.0	0.0	0.0	0.0	0.0	0.0	0.0	0.0	0.0	
Black Oystercatcher	0.0	0.0	0.0	0.0	0.0	0.0	0.0	0.0	0.0	0.0	0.0	0.0	0.0	0.0	0.0	0.0	0.0	0.0	0.0	0.0	0.0	0.0	0.0	0.0	0.0	0.14285714285714285	0.0	0.0	0.0	0.0	0.0	0.0	0.0	0.0	0.0	0.0	0.0	0.0	0.0	0.0	0.0	0.0	0.0	0.0	0.0	0.0	0.0	0.0	
Black-bellied Plover	0.0	0.0	0.0	0.15384615384615385	0.0	0.0	0.0	0.0	0.0	0.0	0.0	0.0	0.0	0.0	0.0	0.0	0.0	0.0	0.0	0.0	0.0	0.0	0.0	0.0	0.0	0.0	0.0	0.0	0.0	0.0	0.0	0.0	0.0	0.0	0.0	0.0	0.0	0.0	0.0	0.0	0.0	0.0	0.0	0.0	0.0	0.0	0.0	0.0	
Semipalmated Plover	0.0	0.0	0.0	0.0	0.0	0.0	0.0	0.0	0.0	0.0	0.0	0.0	0.0	0.0	0.0	0.0	0.0	0.0	0.0	0.3333333333333333	0.0	0.0	0.0	0.0	0.0	0.0	0.0	0.0	0.0	0.0	0.0	0.0	0.0	0.0	0.0	0.0	0.0	0.0	0.0	0.0	0.0	0.0	0.0	0.0	0.0	0.0	0.0	0.0	
Killdeer	0.2	0.0	0.0	0.0	0.0	0.3333333333333333	0.0	0.0	0.3333333333333333	0.0	0.4444444444444444	0.375	0.2	0.16666666666666666	0.25	0.25	0.0	0.0	0.0	0.3333333333333333	0.0	0.25	0.25	0.0	0.5	0.5714285714285714	1.0	0.25	0.5	0.5	0.0	0.0	0.0	0.0	0.4	0.4	0.0	0.0	0.3333333333333333	0.16666666666666666	0.0	0.0	0.0	0.09090909090909091	0.3333333333333333	0.3333333333333333	1.0	0.0	
Black Turnstone	0.0	0.0	0.0	0.07692307692307693	0.0	0.0	0.0	0.0	0.0	0.0	0.0	0.125	0.0	0.0	0.0	0.0	0.0	0.0	0.0	0.0	0.0	0.0	0.0	0.0	0.0	0.0	0.0	0.0	0.0	0.0	0.0	0.0	0.0	0.0	0.0	0.0	0.0	0.0	0.0	0.0	0.0	0.0	0.0	0.09090909090909091	0.0	0.16666666666666666	0.0	0.5	
Surfbird	0.0	0.0	0.0	0.0	0.0	0.0	0.0	0.0	0.0	0.0	0.0	0.0	0.0	0.0	0.0	0.0	0.0	0.0	0.0	0.0	0.0	0.0	0.0	0.0	0.0	0.0	0.0	0.0	0.0	0.0	0.0	0.0	0.0	0.0	0.0	0.0	0.0	0.0	0.0	0.0	0.0	0.0	0.0	0.0	0.0	0.16666666666666666	0.0	0.0	
Sanderling	0.0	0.0	0.0	0.0	0.0	0.0	0.0	0.0	0.0	0.3333333333333333	0.0	0.0	0.0	0.0	0.0	0.0	0.0	0.0	0.0	0.0	0.0	0.0	0.0	0.0	0.0	0.0	0.0	0.0	0.0	0.0	0.0	0.0	0.0	0.0	0.0	0.0	0.0	0.0	0.0	0.0	0.0	0.0	0.0	0.0	0.0	0.0	0.0	0.0	
Dunlin	0.0	0.0	0.0	0.07692307692307693	0.0	0.0	0.0	0.0	0.0	0.3333333333333333	0.0	0.0	0.0	0.0	0.0	0.0	0.0	0.0	0.0	0.0	0.0	0.0	0.0	0.0	0.0	0.0	0.0	0.0	0.0	0.0	0.0	0.0	0.0	0.0	0.0	0.0	0.0	0.0	0.0	0.16666666666666666	0.0	0.0	0.25	0.0	0.0	0.0	0.0	0.16666666666666666	
Least Sandpiper	0.0	0.0	0.0	0.0	0.0	0.0	0.0	0.0	0.0	0.0	0.0	0.0	0.0	0.0	0.25	0.25	0.0	0.0	0.0	0.0	0.0	0.0	0.0	0.0	0.5	0.14285714285714285	0.0	0.0	0.0	0.0	0.0	0.0	0.0	0.0	0.0	0.0	0.0	0.0	0.0	0.0	0.0	0.0	0.0	0.0	0.0	0.0	0.0	0.0	
Semipalmated Sandpiper	0.0	0.0	0.0	0.0	0.0	0.0	0.0	0.0	0.0	0.0	0.0	0.0	0.0	0.0	0.0	0.0	0.0	0.0	0.0	0.0	0.0	0.0	0.0	0.0	0.0	0.14285714285714285	0.0	0.0	0.0	0.0	0.0	0.0	0.0	0.0	0.0	0.0	0.0	0.0	0.0	0.0	0.0	0.0	0.0	0.0	0.0	0.0	0.0	0.0	
Western Sandpiper	0.0	0.0	0.0	0.0	0.0	0.0	0.0	0.0	0.0	0.0	0.0	0.0	0.0	0.0	0.25	0.25	0.0	1.0	0.0	0.0	0.0	0.0	0.0	0.0	0.5	0.42857142857142855	0.0	0.0	0.0	0.0	0.0	0.0	0.0	0.0	0.0	0.0	0.0	0.0	0.0	0.0	0.0	0.0	0.0	0.0	0.0	0.0	0.0	0.0	
peep sp.	0.0	0.0	0.0	0.0	0.0	0.0	0.0	0.0	0.0	0.0	0.0	0.0	0.0	0.0	0.0	0.0	0.0	0.0	0.0	0.0	0.0	0.0	0.0	0.0	0.0	0.14285714285714285	0.0	0.0	0.0	0.0	0.0	0.0	0.0	0.0	0.0	0.0	0.0	0.0	0.0	0.0	0.0	0.0	0.0	0.0	0.0	0.0	0.0	0.0	
Long-billed Dowitcher	0.0	0.0	0.0	0.0	0.0	0.0	0.0	0.0	0.0	0.0	0.0	0.0	0.0	0.0	0.0	0.0	0.0	0.0	0.0	0.0	0.0	0.0	0.0	0.0	0.0	0.42857142857142855	0.0	0.0	0.0	0.0	0.0	0.0	0.0	0.0	0.0	0.0	0.0	0.0	0.0	0.0	0.0	0.0	0.0	0.0	0.0	0.0	0.0	0.0	
Spotted Sandpiper	0.0	0.0	0.0	0.0	0.0	0.0	0.0	0.0	0.0	0.0	0.0	0.0	0.0	0.0	0.0	0.0	0.0	0.0	0.0	0.0	0.0	0.0	0.0	0.0	0.0	0.14285714285714285	0.0	0.25	0.0	0.0	0.0	0.0	0.0	0.0	0.0	0.0	0.0	0.0	0.0	0.0	0.0	0.0	0.0	0.0	0.0	0.0	0.0	0.0	
Greater Yellowlegs	0.0	0.0	0.0	0.0	0.0	0.0	0.0	0.0	0.0	0.0	0.0	0.0	0.0	0.0	0.0	0.0	0.0	0.0	0.0	0.0	0.0	0.0	0.0	0.0	0.0	0.0	0.0	0.0	0.0	0.5	0.0	0.0	0.0	0.0	0.0	0.0	0.0	0.0	0.0	0.0	0.0	0.0	0.0	0.0	0.0	0.0	0.0	0.0	
Common Murre	0.2	0.0	1.0	0.15384615384615385	0.0	0.0	0.25	0.0	0.0	0.0	0.0	0.0	0.0	0.0	0.25	0.0	0.0	1.0	0.0	0.0	0.0	0.0	0.0	0.0	0.0	0.0	0.0	0.0	0.0	0.0	0.0	0.0	0.0	0.0	0.0	0.0	0.0	0.2	0.0	0.0	0.0	0.0	0.0	0.0	0.0	0.0	1.0	0.0	
Pigeon Guillemot	0.6	0.5	1.0	0.46153846153846156	0.5	1.0	0.5	0.3333333333333333	0.3333333333333333	0.6666666666666666	0.6666666666666666	0.375	0.2	0.16666666666666666	0.5	0.25	0.6666666666666666	1.0	0.0	0.6666666666666666	0.5	0.0	0.0	0.0	1.0	0.42857142857142855	1.0	1.0	0.5	0.5	1.0	0.0	0.0	1.0	0.4	0.6	0.0	0.4	1.0	0.3333333333333333	0.3333333333333333	0.2	0.5	0.5454545454545454	0.6666666666666666	0.3333333333333333	0.0	0.3333333333333333	
Marbled Murrelet	0.0	0.0	0.5	0.0	0.0	0.0	0.0	0.0	0.0	0.0	0.0	0.125	0.2	0.0	0.25	0.0	0.0	0.0	0.0	0.3333333333333333	0.0	0.0	0.0	0.0	0.5	0.0	1.0	0.0	0.0	0.5	0.0	0.0	0.0015	0.2	0.0	0.2	0.0	0.0	0.3333333333333333	0.16666666666666666	0.0	0.0	0.0	0.09090909090909091	0.0	0.0	0.0	0.0	
Ancient Murrelet	0.0	0.0	0.0	0.0	0.0	0.0	0.0	0.0	0.0	0.0	0.0	0.0	0.0	0.0	0.0	0.0	0.0	0.0	0.0	0.0	0.0	0.0	0.0	0.0	0.0	0.0	0.0	0.0	0.0	0.0	0.0	0.0	0.0	0.0	0.0	0.0	0.0	0.0	0.0	0.0	0.0	0.0	0.0	0.09090909090909091	0.0	0.0	0.0	0.0	
Rhinoceros Auklet	0.0	0.0	0.0	0.07692307692307693	0.0	0.0	0.0	0.0	0.0	0.0	0.1111111111111111	0.125	0.2	0.0	0.5	0.25	0.0	1.0	0.0	0.3333333333333333	0.0	0.0	0.0	0.0	0.0	0.14285714285714285	1.0	0.5	0.0	0.0	0.0	0.0	0.0	0.2	0.0	0.0	0.0	0.0	0.0	0.16666666666666666	0.0	0.0	0.0	0.09090909090909091	0.0	0.0	0.0	0.0	
alcid sp.	0.0	0.0	0.0	0.0	0.0	0.0	0.0	0.0	0.0	0.0	0.0	0.0	0.0	0.0	0.0	0.0	0.0	0.0	0.0	0.0	0.0	0.0	0.0	0.0	0.0	0.0	0.0	0.0	0.0	0.0	0.0	0.0	0.0	0.0	0.0	0.0	0.0	0.0	0.0	0.0	0.0	0.0	0.0	0.09090909090909091	0.0	0.0	0.0	0.0	
Bonaparte's Gull	0.0	0.0	0.0	0.0	0.0	0.0	0.0	0.0	0.0	0.0	0.0	0.0	0.0	0.0	0.25	0.25	0.0	0.0	0.0	0.0	0.0	0.0	0.0	0.0	0.0	0.0	1.0	0.75	0.5	0.0	1.0	0.0	0.5	0.2	0.4	0.2	0.0	0.0	0.3333333333333333	0.16666666666666666	0.0	0.1	0.0	0.09090909090909091	0.6666666666666666	0.16666666666666666	0.0	0.0	
Heermann's Gull	0.0	0.0	0.0	0.0	0.0	0.0	0.0	0.0	0.0	0.0	0.0	0.0	0.0	0.0	0.0	0.0	0.0	0.0	0.0	0.0	0.0	0.0	0.0	0.0	0.0	0.0	0.0	0.25	0.5	0.0	0.0	0.0	0.0	0.0	0.0	0.0	0.0	0.0	0.3333333333333333	0.0	0.0	0.0	0.0	0.0	0.0	0.0	0.0	0.0	
Mew Gull	0.2	0.0	1.0	0.23076923076923078	0.0	0.6666666666666666	0.25	0.3333333333333333	0.0	0.3333333333333333	0.4444444444444444	0.125	0.0	0.0	0.25	0.25	0.0	1.0	0.0	0.0	0.0	0.0	0.0	0.0	0.0	0.14285714285714285	0.0	0.0	0.0	0.5	0.0	0.0	0.0	0.0	0.2	0.0	0.0	0.2	0.6666666666666666	0.3333333333333333	0.0	0.1	0.0	0.2727272727272727	0.6666666666666666	0.3333333333333333	0.0	0.16666666666666666	
Ring-billed Gull	0.2	0.0	0.0	0.0	0.0	0.0	0.0	0.0	0.0	0.0	0.0	0.0	0.0	0.0	0.0	0.0	0.0	0.0	0.0	0.0	0.0	0.0	0.0	0.0	0.0	0.14285714285714285	0.0	0.25	0.5	0.0	1.0	0.0	0.0	0.0	0.0	0.0	0.0	0.2	0.3333333333333333	0.0	0.0	0.0	0.0	0.0	0.0	0.0	0.0	0.0	
Western Gull	0.2	0.25	0.5	0.15384615384615385	0.0	0.3333333333333333	0.0	0.1111111111111111	0.0	0.3333333333333333	0.0	0.125	0.2	0.0	0.25	0.25	0.0	0.0	0.0	0.3333333333333333	0.0	0.0	0.0	0.0	0.0	0.0	0.0	0.0	0.0	0.0	0.0	0.0	0.0	0.0	0.2	0.0	0.0	0.0	0.0	0.0	0.0	0.1	0.0	0.0	0.0	0.0	0.0	0.5	
California Gull	0.0	0.0	0.0	0.0	0.0	0.0	0.0	0.0	0.0	0.0	0.0	0.0	0.2	0.0	0.0	0.0	0.0	0.0	0.0	0.0	0.0	0.0	0.0	0.0	0.0	0.14285714285714285	1.0	0.25	0.5	0.0	0.0	0.0	0.0	0.2	0.0	0.2	0.0	0.0	0.0	0.16666666666666666	0.0	0.0	0.0	0.09090909090909091	0.0	0.16666666666666666	0.0	0.0	
Herring Gull	0.0	0.25	0.0	0.0	0.0	0.0	0.0	0.0	0.0	0.0	0.0	0.0	0.0	0.0	0.0	0.0	0.0	0.0	0.0	0.0	0.0	0.0	0.0	0.0	0.0	0.0	0.0	0.0	0.0	0.0	0.0	0.0	0.0	0.0	0.0	0.0	0.0	0.0	0.0	0.0	0.0	0.0	0.0	0.0	0.0	0.0	0.0	0.0	
Iceland Gull	0.2	0.0	0.0	0.07692307692307693	0.0	0.0	0.0	0.1111111111111111	0.0	0.0	0.0	0.0	0.2	0.0	0.0	0.0	0.0	0.0	0.0	0.0	0.0	0.0	0.0	0.0	0.0	0.0	0.0	0.0	0.0	0.0	0.0	0.0	0.0	0.0	0.0	0.0	0.0	0.0	0.0	0.0	0.0	0.0	0.0	0.0	0.0	0.0	0.0	0.0	
Glaucous-winged Gull	0.6	0.0	1.0	0.5384615384615384	0.5	1.0	0.5	0.4444444444444444	0.3333333333333333	0.3333333333333333	0.7777777777777778	0.25	0.4	0.3333333333333333	0.25	0.25	0.6666666666666666	1.0	0.0	0.3333333333333333	0.5	0.5	0.0	0.5	0.5	0.2857142857142857	1.0	0.75	0.5	0.5	0.0	0.0	0.5	0.4	0.2	0.6	1.0	0.8	0.3333333333333333	0.3333333333333333	0.3333333333333333	0.3	0.75	0.45454545454545453	0.3333333333333333	0.3333333333333333	1.0	0.6666666666666666	
Western x Glaucous-winged Gull (hybrid)	0.2	0.5	1.0	0.23076923076923078	0.0	0.6666666666666666	0.0	0.3333333333333333	0.0	0.0	0.2222222222222222	0.375	0.0	0.0	0.0	0.25	0.0	1.0	0.0	0.3333333333333333	0.0	0.0	0.0	0.0	0.5	0.2857142857142857	0.0	0.0	0.0	0.0	0.0	0.0	0.0	0.0	0.0	0.0	0.0	0.0	0.3333333333333333	0.16666666666666666	0.0	0.1	0.25	0.36363636363636365	0.3333333333333333	0.5	1.0	0.5	
Western/Glaucous-winged Gull	0.0	0.0	0.5	0.0	0.0	0.0	0.0	0.1111111111111111	0.0	0.3333333333333333	0.1111111111111111	0.125	0.2	0.0	0.5	0.75	0.0	0.0	0.0	0.3333333333333333	0.0	0.0	0.0	0.0	0.0	0.14285714285714285	0.0	0.0	0.0	0.0	0.0	0.0	0.0	0.0	0.0	0.2	0.0	0.2	0.6666666666666666	0.16666666666666666	0.3333333333333333	0.1	0.0015	0.18181818181818182	0.0	0.16666666666666666	0.0	0.0	
Larus sp.	0.0	0.0	0.5	0.23076923076923078	0.0	0.0	0.0	0.0	0.0	0.0	0.0	0.0	0.0	0.0	0.0	0.0	0.0	0.0	0.0	0.0	0.0	0.0	0.0	0.0	0.0	0.14285714285714285	0.0	0.0	0.0	0.5	0.0	0.0	0.0	0.0	0.0	0.0	0.0	0.0	0.6666666666666666	0.0	0.0	0.0	0.0015	0.0	0.3333333333333333	0.0	0.0	0.0	
gull sp.	0.2	0.0	0.0	0.0015	0.0	0.0	0.5	0.1111111111111111	0.3333333333333333	0.0	0.1111111111111111	0.0015	0.0	0.0015	0.5	0.0	0.0	0.0	0.0	0.0	0.0	0.0	0.5	0.0	0.0	0.0	0.0	0.5	0.0	0.0	0.0	0.0015	0.0	0.0	0.0	0.2	0.0	0.2	0.0	0.16666666666666666	0.0	0.0	0.0	0.0	0.3333333333333333	0.16666666666666666	0.0	0.0	
Caspian Tern	0.0	0.0	0.0	0.0	0.0	0.0	0.0	0.0	0.0	0.0	0.0	0.0	0.0	0.0	0.25	0.25	0.6666666666666666	1.0	0.0	0.6666666666666666	0.5	0.25	0.0	0.0	0.0	0.14285714285714285	0.0	0.5	0.5	0.5	0.0	0.0	0.5	0.4	0.2	0.0	0.0	0.0	0.0	0.0	0.0	0.0	0.0	0.0	0.0	0.0	0.0	0.0	
Common Tern	0.0	0.0	0.0	0.0	0.0	0.0	0.0	0.0	0.0	0.0	0.0	0.0	0.0	0.0	0.0	0.0	0.0	0.0	0.0	0.0	0.0	0.0	0.0	0.0	0.0	0.0	0.0	0.0	0.0	0.0	0.0	0.0	0.0	0.4	0.2	0.0	0.0	0.0	0.0	0.0	0.0	0.0	0.0	0.0	0.0	0.0	0.0	0.0	
Red-throated Loon	0.0015	0.25	0.5	0.23076923076923078	0.5	0.3333333333333333	0.0	0.2222222222222222	0.6666666666666666	0.3333333333333333	0.2222222222222222	0.375	0.0	0.0	0.25	0.0	0.0	0.0	0.0	0.0	0.0	0.0	0.0	0.0	0.0	0.0	0.0	0.0	0.0	0.0	0.0	0.0	0.0	0.0	0.0	0.0	0.0	0.0	0.0	0.0015	0.0	0.0	0.0015	0.18181818181818182	0.0	0.16666666666666666	1.0	0.3333333333333333	
Pacific Loon	0.2	0.25	1.0	0.23076923076923078	0.25	0.6666666666666666	0.75	0.2222222222222222	0.0	0.3333333333333333	0.1111111111111111	0.25	0.0	0.0	0.0	0.0	0.0	1.0	0.0	0.0	0.0	0.0	0.0	0.0	0.0	0.0	0.0	0.0	0.0	0.0	0.0	0.0	0.5	0.0	0.0	0.4	0.0	0.4	0.3333333333333333	0.3333333333333333	0.0	0.2	0.0	0.09090909090909091	0.0	0.16666666666666666	1.0	0.16666666666666666	
Common Loon	0.8	0.5	1.0	0.7692307692307693	0.25	1.0	0.5	0.3333333333333333	0.3333333333333333	0.6666666666666666	0.6666666666666666	0.625	0.2	0.5	0.5	0.5	0.3333333333333333	1.0	0.0	0.3333333333333333	0.0	0.0	0.0	0.0	0.0	0.0	0.0	0.25	0.0	0.0	0.0	0.0	0.5	0.6	0.6	0.8	1.0	0.6	1.0	0.6666666666666666	1.0	0.7	0.25	0.5454545454545454	0.6666666666666666	0.3333333333333333	1.0	0.5	
Yellow-billed Loon	0.0	0.0	0.0	0.0	0.0	0.0	0.0	0.0	0.0	0.0	0.0	0.125	0.0	0.0	0.0	0.0	0.0	0.0	0.0	0.0	0.0	0.0	0.0	0.0	0.0	0.0	0.0	0.0	0.0	0.0	0.0	0.0	0.0	0.0	0.0	0.0	0.0	0.0	0.0	0.0	0.0	0.0	0.0	0.0	0.0	0.0	0.0	0.0	
loon sp.	0.0	0.0	0.5	0.0	0.0	0.0	0.0	0.0	0.0	0.0	0.0	0.0	0.0	0.0	0.0	0.0	0.0	0.0	0.0	0.0	0.0	0.0	0.0	0.0	0.0	0.0	0.0	0.0	0.0	0.0	0.0	0.0	0.0	0.0	0.0	0.0	0.0	0.0	0.0	0.0	0.0	0.0	0.25	0.0	0.0	0.0	0.0	0.0	
Brandt's Cormorant	0.0	0.0	0.5	0.07692307692307693	0.25	0.3333333333333333	0.0	0.1111111111111111	0.3333333333333333	0.0	0.0	0.25	0.0	0.0	0.0	0.0	0.0	0.0	0.0	0.0	0.0	0.0	0.0	0.0	0.0	0.0	0.0	0.0	0.0	0.0	0.0	0.0	0.0	0.0	0.2	0.0	0.0	0.0	0.3333333333333333	0.0	0.0	0.0	0.0	0.0	0.0	0.0	0.0	0.0	
Pelagic Cormorant	0.2	0.25	1.0	0.46153846153846156	0.0	0.3333333333333333	0.25	0.1111111111111111	0.3333333333333333	0.3333333333333333	0.3333333333333333	0.375	0.2	0.16666666666666666	0.0	0.25	0.0	1.0	0.0	0.0	0.0	0.0	0.0	0.0	0.0	0.0	1.0	0.0	0.0015	0.0	0.0	0.0	0.0	0.0	0.0	0.0	0.0	0.0	0.3333333333333333	0.0	0.0	0.1	0.0	0.09090909090909091	0.0	0.16666666666666666	0.0	0.0	
Double-crested Cormorant	1.0	1.0	1.0	0.6923076923076923	0.5	1.0	0.75	0.5555555555555556	0.6666666666666666	0.6666666666666666	0.8888888888888888	0.5	0.2	0.16666666666666666	0.5	0.0	0.0	1.0	0.0	0.0	0.0	0.0	0.0	0.0	0.5	0.0	1.0	0.25	0.0015	0.5	1.0	0.0015	0.5	0.6	0.6	0.6	1.0	0.6	0.6666666666666666	0.8333333333333334	0.6666666666666666	0.9	0.75	1.0	1.0	1.0	1.0	0.3333333333333333	
cormorant sp.	0.0	0.0	0.5	0.0	0.0	0.0	0.0	0.0	0.0	0.0	0.0	0.0015	0.0	0.0015	0.0	0.0	0.0	0.0	0.0	0.3333333333333333	0.5	0.0	0.0	0.0	0.0	0.0	0.0	0.25	0.0	0.5	0.0	0.0	0.0	0.0	0.0	0.0	0.0	0.0	0.0	0.0	0.0	0.0	0.0	0.0	0.0	0.0	0.0	0.0	
Great Blue Heron	0.4	0.25	0.5	0.3076923076923077	0.5	0.3333333333333333	0.25	0.6666666666666666	0.3333333333333333	0.3333333333333333	0.3333333333333333	0.25	0.4	0.0	0.5	0.25	0.3333333333333333	1.0	1.0	0.3333333333333333	0.0	0.25	0.0	0.0	0.5	0.14285714285714285	1.0	0.75	0.5	1.0	0.0	0.0015	0.5	0.6	0.6	0.4	0.0	0.2	0.3333333333333333	0.5	0.6666666666666666	0.4	0.75	0.6363636363636364	1.0	0.6666666666666666	1.0	0.3333333333333333	
Turkey Vulture	0.0	0.0	0.0	0.0	0.0	0.0	0.0	0.0	0.0	0.0	0.0	0.0	0.2	0.0	0.0	0.0	0.0	0.0	0.0	0.0	0.0	0.0	0.0	0.0	0.0	0.0	0.0	0.0	0.0	0.0	0.0	0.0	0.0	0.0	0.0	0.0	0.0	0.0	0.0	0.0	0.0	0.0	0.0	0.0	0.0	0.0	0.0	0.0	
Osprey	0.0	0.0	0.0	0.0	0.0	0.0	0.0	0.0	0.0	0.0	0.0	0.0	0.0	0.16666666666666666	0.0	0.0	0.0	0.0	0.0	0.3333333333333333	0.0	0.5	0.0	0.0	0.5	0.42857142857142855	0.0	0.75	0.5	1.0	0.0	0.0015	0.0	0.2	0.6	0.2	0.0	0.0	0.0	0.0	0.0	0.0	0.0	0.0	0.0	0.0	0.0	0.0	
Northern Harrier	0.0	0.0	0.0	0.0	0.0	0.0	0.0	0.0	0.0	0.0	0.0	0.0	0.0	0.0	0.0	0.0	0.0	0.0	0.0	0.0	0.0	0.0	0.0	0.0	0.0	0.0	0.0	0.25	0.0	0.0	0.0	0.0	0.0	0.0	0.0	0.0	0.0	0.0	0.0	0.0	0.0	0.0	0.0	0.0	0.0	0.0	0.0	0.0	
Sharp-shinned Hawk	0.0	0.0	0.0	0.0	0.0	0.0	0.0	0.0	0.0	0.0	0.0	0.0	0.0	0.0	0.0015	0.0	0.0	0.0	0.0	0.0	0.0	0.0	0.0	0.0	0.0	0.0	0.0	0.0	0.0	0.0	0.0	0.0	0.0	0.0	0.0	0.0	0.0	0.0	0.0	0.0	0.0	0.2	0.0	0.0015	0.0	0.0	0.0	0.0	
Cooper's Hawk	0.0	0.0	0.0	0.0	0.0	0.0	0.0	0.1111111111111111	0.0	0.0	0.0	0.0	0.0	0.0	0.0	0.0	0.0	0.0	0.0	0.0	0.0	0.0	0.0	0.0	0.0	0.0	0.0	0.0	0.0	0.0	0.0	0.0	0.0	0.0	0.2	0.0	0.0	0.0	0.3333333333333333	0.0	0.0	0.0	0.0	0.0	0.0	0.0	0.0	0.0	
Bald Eagle	0.2	0.0	0.5	0.38461538461538464	0.25	0.3333333333333333	0.75	0.4444444444444444	0.6666666666666666	1.0	0.5555555555555556	0.375	0.4	0.16666666666666666	0.75	0.25	0.6666666666666666	1.0	0.0	0.0	0.5	0.5	0.5	0.5	0.5	0.42857142857142855	0.0	1.0	0.5	0.5	0.0	0.0015	0.0015	0.2	0.4	0.4	0.0	0.2	0.3333333333333333	0.3333333333333333	0.0	0.4	0.75	0.36363636363636365	0.0	0.5	1.0	0.5	
Red-tailed Hawk	0.0	0.0	0.0	0.0	0.0	0.0	0.0	0.1111111111111111	0.0	0.0	0.0	0.0	0.2	0.0	0.0	0.0	0.0	0.0	0.0	0.0	0.0	0.0	0.0	0.5	0.0	0.0	0.0	0.0	0.0	0.0	0.0	0.0	0.0	0.0015	0.0	0.0	0.0	0.0	0.0	0.16666666666666666	0.0	0.1	0.25	0.09090909090909091	0.0	0.0	0.0	0.0	
Belted Kingfisher	0.0	0.25	0.0	0.23076923076923078	0.25	0.0	0.0	0.1111111111111111	0.3333333333333333	0.6666666666666666	0.2222222222222222	0.25	0.6	0.16666666666666666	0.25	0.0	0.0	1.0	1.0	0.0	0.0	0.0	0.0	0.0	0.0	0.14285714285714285	1.0	0.5	0.5	0.5	1.0	0.0	1.0	0.6	0.4	0.4	1.0	0.4	0.3333333333333333	0.3333333333333333	0.3333333333333333	0.3	0.0	0.36363636363636365	0.6666666666666666	0.5	1.0	0.16666666666666666	
Red-breasted Sapsucker	0.0	0.25	0.0	0.07692307692307693	0.0	0.0	0.0	0.0	0.0	0.0	0.0	0.0	0.0	0.0	0.0	0.0	0.0	0.0	0.0	0.0	0.0	0.0	0.25	0.0	0.0	0.0	0.0	0.0	0.0	0.0	0.0	0.0	0.0	0.0	0.0	0.0	0.0	0.0	0.0	0.16666666666666666	0.0	0.0	0.0	0.0	0.0	0.16666666666666666	0.0	0.16666666666666666	
Downy Woodpecker	0.0	0.0	0.0	0.0	0.0	0.0	0.0	0.0	0.3333333333333333	0.0	0.0	0.0	0.0	0.0	0.0	0.0	0.0	0.0	0.0	0.0	0.0	0.0	0.0	0.5	0.0	0.0	0.0	0.0	0.0	0.0	0.0	0.0	0.0	0.0	0.0	0.0	0.0	0.0	0.3333333333333333	0.0	0.0	0.0	0.0	0.0	0.0	0.0	0.0	0.0	
Hairy Woodpecker	0.0	0.0	0.0	0.0	0.0	0.0	0.0	0.0	0.0	0.0	0.0	0.0	0.0	0.0	0.0	0.0	0.0	0.0	0.0	0.0	0.0	0.0	0.0	0.0	0.0	0.0	0.0	0.0	0.0	0.0	0.0	0.0	0.0	0.0	0.0	0.0	0.0	0.0	0.0	0.0	0.0	0.0	0.0	0.0	0.0	0.0	1.0	0.0	
Pileated Woodpecker	0.0	0.0	0.0	0.0	0.0	0.0	0.0	0.1111111111111111	0.0	0.0	0.0	0.0	0.2	0.0	0.0	0.0	0.0	0.0	0.0	0.0	0.0	0.0	0.0	0.0	0.0	0.0	0.0	0.25	0.0	0.0	0.0	0.0	0.0	0.0	0.0	0.0	0.0	0.0	0.0	0.0	0.0	0.0	0.0	0.0	0.0	0.0	0.0	0.0	
Northern Flicker	0.0	0.0	0.0	0.0	0.0	0.0	0.0	0.1111111111111111	0.0	0.0	0.0	0.25	0.0	0.0	0.25	0.25	0.0	1.0	0.0	0.0	0.0	0.25	0.0	0.0	0.0	0.0	0.0	0.75	0.5	0.0	0.0	0.0	0.0	0.0	0.2	0.6	0.0	0.0	0.3333333333333333	0.3333333333333333	0.0	0.2	0.0	0.18181818181818182	0.3333333333333333	0.0	1.0	0.16666666666666666	
Merlin	0.0	0.0	0.0	0.0	0.25	0.0	0.0	0.1111111111111111	0.0	0.0	0.0	0.0	0.0	0.0	0.25	0.0	0.0	0.0	0.0	0.0	0.0	0.0	0.0	0.0	0.0	0.0	0.0	0.0	0.0	0.0	0.0	0.0	0.0	0.0	0.2	0.0	0.0	0.0	0.0	0.0	0.0	0.0	0.0	0.0	0.0	0.0	1.0	0.0	
Peregrine Falcon	0.0	0.0	0.0	0.15384615384615385	0.0	0.3333333333333333	0.0	0.0	0.3333333333333333	0.0	0.0	0.125	0.0	0.0	0.0015	0.0	0.0	0.0	0.0	0.0	0.0	0.0	0.0	0.0	0.0	0.0	0.0	0.0	0.0	0.5	0.0	0.0	0.0	0.0	0.0	0.0	0.0	0.0	0.0	0.0	0.0	0.0	0.0	0.0	0.0	0.0	0.0	0.0	
Western Wood-Pewee	0.0	0.0	0.0	0.0	0.0	0.0	0.0	0.0	0.0	0.0	0.0	0.0	0.0	0.0	0.0	0.0	0.0	0.0	0.0	0.0	0.0	0.0	0.0	0.0	0.0	0.0	0.0	0.25	0.0	0.0	0.0	0.0	0.0	0.0	0.0	0.0	0.0	0.0	0.0	0.0	0.0	0.0	0.0	0.0	0.0	0.0	0.0	0.0	
Willow Flycatcher	0.0	0.0	0.0	0.0	0.0	0.0	0.0	0.0	0.0	0.0	0.0	0.0	0.0	0.0	0.0	0.0	0.0	0.0	0.0	0.0	0.0	0.0	0.0	0.0	0.0	0.0	0.0	0.25	0.0	0.0	0.0	0.0	0.0	0.0	0.0	0.0	0.0	0.0	0.0	0.0	0.0	0.0	0.0	0.0	0.0	0.0	0.0	0.0	
Pacific-slope Flycatcher	0.0	0.0	0.0	0.0	0.0	0.0	0.0	0.0	0.0	0.0	0.0	0.0	0.0	0.0	0.0	0.0	0.0	0.0	0.0	0.0	0.0	0.25	0.0	0.0	0.0	0.0	0.0	0.75	0.0	0.0	0.0	0.0	0.0	0.0	0.0	0.0	0.0	0.0	0.0	0.0	0.0	0.0	0.0	0.0	0.0	0.0	0.0	0.0	
Western Kingbird	0.0	0.0	0.0	0.0	0.0	0.0	0.0	0.0	0.0	0.0	0.0	0.0	0.0	0.0	0.0	0.0	0.0	0.0	0.0	0.0	0.0	0.0	0.25	0.0	0.0	0.0	0.0	0.0	0.0	0.0	0.0	0.0	0.0	0.0	0.0	0.0	0.0	0.0	0.0	0.0	0.0	0.0	0.0	0.0	0.0	0.0	0.0	0.0	
Hutton's Vireo	0.0	0.0	0.0	0.0	0.0	0.0	0.0	0.0	0.3333333333333333	0.0	0.0	0.0	0.0	0.0	0.0	0.0	0.0	0.0	0.0	0.0	0.0	0.0	0.0	0.0	0.0	0.0	0.0	0.0	0.0	0.0	0.0	0.0	0.0	0.0	0.0	0.0	0.0	0.0	0.3333333333333333	0.16666666666666666	0.0	0.1	0.0	0.0	0.3333333333333333	0.0	0.0	0.0	
Steller's Jay	0.2	0.0	0.0	0.0	0.0	0.0	0.0	0.0	0.0	0.0	0.0	0.125	0.2	0.0	0.0	0.0	0.0	0.0	0.0	0.0	0.0	0.0	0.0	0.0	0.0	0.14285714285714285	0.0	0.5	0.5	0.0	0.0	0.0	0.0	0.8	0.8	0.4	0.0	0.2	0.0	0.16666666666666666	0.0	0.1	0.0	0.09090909090909091	0.0	0.0	0.0	0.0	
California Scrub-Jay	0.0	0.0	0.0	0.0	0.0	0.0	0.0	0.0	0.0	0.0	0.0	0.0	0.0	0.0	0.0	0.0	0.0	0.0	0.0	0.0	0.0	0.0	0.0	0.0	0.0	0.0	0.0	0.0	0.0	0.0	0.0	0.0	0.0	0.0	0.0	0.0	0.0	0.0	0.0	0.16666666666666666	0.0	0.0	0.0	0.0	0.0	0.0	0.0	0.0	
American Crow	0.4	0.5	0.5	0.5384615384615384	0.25	1.0	0.25	0.3333333333333333	0.3333333333333333	0.3333333333333333	0.5555555555555556	0.375	0.2	0.3333333333333333	0.75	0.25	0.3333333333333333	1.0	0.0	0.3333333333333333	0.0	0.25	0.25	0.5	0.0	0.42857142857142855	0.0	1.0	0.5	0.0	0.0	0.0	1.0	1.0	0.6	0.4	0.0	0.2	0.3333333333333333	0.5	0.3333333333333333	0.4	0.5	0.5454545454545454	0.3333333333333333	0.5	0.0	0.8333333333333334	
American/Northwestern Crow	0.0	0.0	0.5	0.15384615384615385	0.0	0.0	0.25	0.0	0.0	0.0	0.2222222222222222	0.125	0.0	0.0015	0.0	0.5	0.0	0.0	1.0	0.0	0.5	0.5	0.0	0.0	1.0	0.14285714285714285	1.0	0.0	0.5	0.5	0.0	0.0	0.0015	0.0	0.0	0.2	0.0	0.4	0.6666666666666666	0.16666666666666666	0.0	0.1	0.0	0.09090909090909091	0.3333333333333333	0.0	1.0	0.0	
Common Raven	0.0	0.0	0.5	0.07692307692307693	0.0	0.0	0.0	0.0	0.3333333333333333	0.0	0.0	0.125	0.0	0.0	0.0	0.0	0.0	1.0	0.0	0.0	0.0	0.0	0.25	0.0	0.0	0.0	0.0	0.25	0.0	0.0	0.0	0.0	0.0	0.0	0.0	0.0	0.0	0.0	0.0	0.0	0.0	0.1	0.0	0.0	0.0	0.0	0.0	0.16666666666666666	
Northern Rough-winged Swallow	0.0	0.0	0.0	0.0	0.0	0.0	0.0	0.0	0.0	0.0	0.0	0.0	0.0	0.0	0.25	0.0	0.0	0.0	0.0	0.0	0.0	0.25	0.0	0.0	0.0	0.0	0.0	0.25	0.0	0.0	0.0	0.0	0.0	0.0	0.0	0.0	0.0	0.0	0.0	0.0	0.0	0.0	0.0	0.0	0.0	0.0	0.0	0.0	
Purple Martin	0.0	0.0	0.0	0.0	0.0	0.0	0.0	0.0	0.0	0.0	0.0	0.0	0.0	0.0	0.0	0.0	0.0	0.0	0.0	0.0	0.0	0.25	0.0	0.0	0.5	0.0	0.0	0.25	0.0	0.5	0.0	0.0	0.0	0.0	0.0	0.0	0.0	0.0	0.0	0.0	0.0	0.0	0.0	0.0	0.0	0.0	0.0	0.0	
Tree Swallow	0.0	0.0	0.0	0.0	0.0	0.0	0.0	0.0	0.0	0.0	0.0	0.0	0.0	0.0	0.0	0.0	0.0	0.0	1.0	0.0	0.5	0.25	0.25	0.0	0.0	0.0	0.0	0.25	0.0	0.0	0.0	0.0	0.0	0.0	0.0	0.0	0.0	0.0	0.0	0.0	0.0	0.0	0.0	0.0	0.0	0.0	0.0	0.0	
Violet-green Swallow	0.0	0.0	0.0	0.0	0.0	0.0	0.0	0.0	0.0	0.0	0.0	0.375	0.2	0.16666666666666666	0.5	0.75	0.0	1.0	0.0	0.6666666666666666	0.5	0.5	0.25	0.5	1.0	0.42857142857142855	1.0	0.25	0.0	0.5	0.0	0.0	0.0	0.0	0.0	0.0	0.0	0.0	0.0	0.0	0.0	0.0	0.0	0.0	0.0	0.0	0.0	0.0	
Barn Swallow	0.0	0.0	0.0	0.0	0.0	0.0	0.0	0.0	0.0	0.0	0.0	0.0	0.0	0.0	0.25	0.5	1.0	1.0	0.0	0.6666666666666666	1.0	0.5	0.25	0.5	1.0	0.7142857142857143	1.0	0.75	0.5	1.0	0.0	0.0	0.0	0.6	0.0	0.2	0.0	0.0	0.0	0.0	0.0	0.0	0.0	0.0	0.0	0.0	0.0	0.0	
Cliff Swallow	0.0	0.0	0.0	0.0	0.0	0.0	0.0	0.0	0.0	0.0	0.0	0.0	0.0	0.0	0.0	0.0	0.0	0.0	0.0	0.3333333333333333	0.0	0.25	0.0	0.5	0.5	0.2857142857142857	0.0	0.25	0.0	0.0	0.0	0.0	0.0	0.0	0.0	0.0	0.0	0.0	0.0	0.0	0.0	0.0	0.0	0.0	0.0	0.0	0.0	0.0	
swallow sp.	0.0	0.0	0.0	0.0	0.0	0.0	0.0	0.0	0.0	0.0	0.0	0.0	0.0	0.0	0.0	0.0	0.0	0.0	0.0	0.0	0.0	0.0	0.5	0.0	0.5	0.0	0.0	0.0	0.0	0.5	0.0	0.0	0.0	0.0	0.0	0.0	0.0	0.0	0.0	0.0	0.0	0.0	0.0	0.0	0.0	0.0	0.0	0.0	
Black-capped Chickadee	0.0	0.25	0.0	0.3076923076923077	0.0	0.0	0.0	0.1111111111111111	0.3333333333333333	0.6666666666666666	0.2222222222222222	0.0	0.0	0.0	0.0	0.0	0.0	1.0	0.0	0.0	0.0	0.0	0.0	0.5	0.0	0.14285714285714285	0.0	0.75	1.0	0.0	0.0	0.0	0.0	0.2	0.2	0.0	0.0	0.4	0.0	0.6666666666666666	0.0	0.2	0.0	0.18181818181818182	0.6666666666666666	0.0	1.0	0.16666666666666666	
Chestnut-backed Chickadee	0.0	0.0	0.0	0.07692307692307693	0.0	0.0	0.0	0.1111111111111111	0.3333333333333333	0.3333333333333333	0.0	0.0	0.0	0.0	0.0	0.0	0.0	1.0	0.0	0.0	0.0	0.0	0.0	0.5	0.0	0.0	0.0	0.75	0.0	0.0	0.0	0.0	0.0	0.0	0.0	0.0	0.0	0.0	0.0	0.16666666666666666	0.0	0.2	0.25	0.0	0.3333333333333333	0.0	0.0	0.16666666666666666	
Bushtit	0.0	0.0	0.0	0.0	0.0	0.0	0.0	0.1111111111111111	0.0	0.3333333333333333	0.0	0.125	0.0	0.0	0.0	0.0	0.0	0.0	0.0	0.0	0.0	0.0	0.0	0.5	0.0	0.0	0.0	0.0	0.0	0.0	0.0	0.0	0.0	0.0	0.2	0.0	0.0	0.0	0.0	0.0	0.0	0.0	0.25	0.0	0.0	0.0	0.0	0.16666666666666666	
Red-breasted Nuthatch	0.0	0.0	0.0	0.0	0.0	0.0	0.0	0.0	0.6666666666666666	0.0	0.0	0.0	0.0	0.0	0.0	0.0	0.0	0.0	0.0	0.0	0.0	0.0	0.0	0.0	0.0	0.0	0.0	0.5	0.0	0.0	0.0	0.0	0.0	0.0	0.0	0.0	0.0	0.0	0.0	0.0	0.0	0.1	0.0	0.0	0.3333333333333333	0.0	0.0	0.0	
Brown Creeper	0.0	0.0	0.0	0.0	0.0	0.0	0.0	0.0	0.3333333333333333	0.0	0.0	0.0	0.0	0.0	0.0	0.0	0.0	0.0	0.0	0.0	0.0	0.0	0.0	0.0	0.0	0.0	0.0	0.0	0.5	0.0	0.0	0.0	0.0	0.0	0.0	0.0	0.0	0.0	0.0	0.0	0.0	0.0	0.0	0.0	0.0	0.0	0.0	0.0	
Pacific Wren	0.0	0.0	0.0	0.0	0.25	0.0	0.0	0.0	0.3333333333333333	0.0	0.0	0.125	0.0	0.0	0.0	0.0	0.0	0.0	0.0	0.0	0.0	0.0	0.0	0.0	0.0	0.0	0.0	0.0	0.0	0.0	0.0	0.0	0.0	0.0	0.0	0.0	0.0	0.0	0.0	0.16666666666666666	0.0	0.1	0.0	0.09090909090909091	0.3333333333333333	0.0	1.0	0.0	
Bewick's Wren	0.0	0.0	0.0	0.0	0.0	0.0	0.0	0.1111111111111111	0.0	0.0	0.0	0.0	0.0	0.0	0.0	0.0	0.0	1.0	0.0	0.0	0.0	0.0	0.0	0.0	0.0	0.0	0.0	0.25	0.0	0.0	0.0	0.0	0.0	0.0	0.0	0.0	0.0	0.0	0.6666666666666666	0.0	0.0	0.1	0.0	0.09090909090909091	0.0	0.0	0.0	0.0	
Golden-crowned Kinglet	0.0	0.0	0.0	0.0	0.0	0.0	0.0	0.0	0.3333333333333333	0.0	0.0	0.0	0.2	0.0	0.0	0.0	0.0	0.0	0.0	0.0	0.0	0.0	0.0	0.0	0.0	0.0	0.0	0.0	0.0	0.0	0.0	0.0	0.0	0.0	0.0	0.0	0.0	0.0	0.3333333333333333	0.16666666666666666	0.0	0.2	0.0	0.0	0.3333333333333333	0.0	1.0	0.16666666666666666	
Ruby-crowned Kinglet	0.0	0.0	0.0	0.07692307692307693	0.0	0.0	0.0	0.1111111111111111	0.3333333333333333	0.6666666666666666	0.1111111111111111	0.0	0.2	0.0	0.0	0.0	0.0	0.0	0.0	0.0	0.0	0.0	0.0	0.0	0.0	0.0	0.0	0.0	0.0	0.0	0.0	0.0	0.0	0.0	0.0	0.0	0.0	0.0	0.3333333333333333	0.3333333333333333	0.3333333333333333	0.3	0.0	0.18181818181818182	0.6666666666666666	0.16666666666666666	1.0	0.3333333333333333	
Varied Thrush	0.0	0.0	0.0	0.0	0.0	0.0	0.0	0.0	0.0	0.0	0.0	0.0	0.0	0.0	0.0	0.0	0.0	0.0	0.0	0.0	0.0	0.0	0.0	0.0	0.0	0.0	0.0	0.0	0.0	0.0	0.0	0.0	0.0	0.0	0.0	0.0	0.0	0.0	0.0	0.0	0.0	0.0	0.0	0.0	0.0	0.0	1.0	0.0	
Swainson's Thrush	0.0	0.0	0.0	0.0	0.0	0.0	0.0	0.0	0.0	0.0	0.0	0.0	0.0	0.0	0.0	0.0	0.0	0.0	0.0	0.0	0.0	0.0	0.25	0.5	0.0	0.14285714285714285	0.0	0.0	0.0	0.0	0.0	0.0	0.0	0.0	0.0	0.0	0.0	0.0	0.0	0.0	0.0	0.0	0.0	0.0	0.0	0.0	0.0	0.0	
American Robin	0.2	0.0	0.5	0.38461538461538464	0.5	0.0	0.25	0.4444444444444444	0.3333333333333333	0.6666666666666666	0.5555555555555556	0.625	0.4	0.3333333333333333	0.5	0.25	0.0	1.0	1.0	0.3333333333333333	0.5	0.25	0.5	0.5	0.0	0.2857142857142857	0.0	0.5	0.0015	0.0	0.0	0.0	0.0	0.2	0.0	0.0	0.0	0.2	0.3333333333333333	0.3333333333333333	0.3333333333333333	0.2	0.0	0.36363636363636365	0.3333333333333333	0.3333333333333333	1.0	0.5	
European Starling	0.2	0.0	0.5	0.46153846153846156	0.5	0.0	0.25	0.4444444444444444	0.6666666666666666	0.6666666666666666	0.5555555555555556	0.5	0.2	0.3333333333333333	0.5	0.5	0.3333333333333333	1.0	0.0	0.6666666666666666	0.5	0.5	0.5	1.0	1.0	0.5714285714285714	1.0	1.0	0.5	0.5	0.0	0.0	0.5	0.2	0.6	0.2	0.0	0.4	0.3333333333333333	0.5	0.0	0.2	0.0015	0.09090909090909091	0.0	0.16666666666666666	1.0	0.3333333333333333	
American Pipit	0.0	0.0	0.0	0.0	0.0	0.0	0.0	0.0	0.0	0.0	0.0	0.0	0.0	0.0	0.25	0.25	0.0	0.0	0.0	0.0	0.0	0.0	0.0	0.0	0.0	0.0	0.0	0.0	0.0	0.0	0.0	0.0	0.0	0.0	0.0	0.0	0.0	0.0	0.0	0.0	0.0	0.0	0.0	0.0	0.0	0.0	0.0	0.0	
Cedar Waxwing	0.0	0.0	0.0	0.0	0.0	0.0	0.0	0.0	0.0	0.0	0.0	0.0	0.0	0.0	0.0	0.0	0.0	0.0	0.0	0.0	0.0	0.0	0.0	0.0	0.0	0.0	0.0	0.25	0.5	0.0	0.0	0.0	0.0	0.0	0.0	0.2	0.0	0.0	0.0	0.0	0.0	0.0	0.0	0.09090909090909091	0.0	0.0	0.0	0.0	
Evening Grosbeak	0.0	0.0	0.0	0.07692307692307693	0.0	0.0	0.0	0.0	0.0	0.0	0.0	0.0	0.0	0.0	0.0	0.0	0.0	0.0	0.0	0.0	0.0	0.0	0.0	0.0	0.0	0.0	0.0	0.0	0.0	0.0	0.0	0.0	0.0	0.0	0.0	0.0	0.0	0.0	0.0	0.0	0.0	0.0	0.0	0.0	0.0	0.0	0.0	0.0	
House Finch	0.2	0.25	0.0	0.07692307692307693	0.0	0.0	0.0	0.1111111111111111	0.0	0.3333333333333333	0.3333333333333333	0.0	0.0	0.16666666666666666	0.25	0.25	0.0	0.0	0.0	0.0	0.0	0.5	0.0	0.5	0.0	0.2857142857142857	0.0	0.75	0.5	0.5	0.0	0.0	0.5	0.2	0.0	0.0	0.0	0.2	0.6666666666666666	0.3333333333333333	0.0	0.0	0.0	0.09090909090909091	0.3333333333333333	0.0	1.0	0.3333333333333333	
Purple Finch	0.0	0.0	0.0	0.0	0.0	0.0	0.0	0.0	0.0	0.0	0.0	0.0	0.2	0.0	0.0	0.0	0.0	1.0	0.0	0.0	0.0	0.25	0.0	0.0	0.0	0.0	0.0	0.0	0.0	0.0	0.0	0.0	0.0	0.0	0.0	0.0	0.0	0.0	0.0	0.0	0.0	0.0	0.0	0.0	0.0	0.0	0.0	0.0	
Red Crossbill	0.0	0.0	0.0	0.0	0.0	0.0	0.0	0.1111111111111111	0.0	0.0	0.0	0.0	0.0	0.0	0.0	0.0	0.0	0.0	0.0	0.0	0.0	0.0	0.0	0.0	0.0	0.0	0.0	0.25	0.0	0.0	0.0	0.0	0.0	0.0	0.0	0.0	0.0	0.0	0.0	0.0	0.0	0.0	0.0	0.0	0.0	0.0	0.0	0.0	
Pine Siskin	0.2	0.25	0.0	0.15384615384615385	0.0	0.0	0.0	0.1111111111111111	0.0	0.3333333333333333	0.0	0.0	0.0	0.0	0.0	0.0	0.3333333333333333	0.0	0.0	0.0	0.0	0.0	0.0	0.5	0.0	0.0	0.0	0.0	0.0	0.0	0.0	0.0	0.0	0.2	0.0	0.0	0.0	0.0	0.0	0.16666666666666666	0.0	0.0	0.0	0.09090909090909091	0.0	0.16666666666666666	1.0	0.16666666666666666	
American Goldfinch	0.0	0.0	0.0	0.0	0.0	0.0	0.0	0.0	0.0	0.0	0.0	0.0	0.0	0.0	0.0	0.25	0.3333333333333333	1.0	0.0	0.0	0.5	0.25	0.0	0.5	0.0	0.2857142857142857	0.0	0.75	0.0	0.0	0.0	0.0	0.0	0.4	0.0	0.2	0.0	0.0	0.0	0.0	0.0	0.0	0.0	0.0	0.0	0.0	0.0	0.0	
Fox Sparrow	0.2	0.0	0.0	0.0	0.0	0.0	0.0	0.2222222222222222	0.3333333333333333	0.3333333333333333	0.0	0.0	0.0	0.0	0.0	0.0	0.0	0.0	0.0	0.0	0.0	0.0	0.0	0.0	0.0	0.0	0.0	0.0	0.0	0.0	0.0	0.0	0.0	0.0	0.0	0.0	0.0	0.0	0.3333333333333333	0.3333333333333333	0.0	0.1	0.0	0.09090909090909091	0.3333333333333333	0.3333333333333333	1.0	0.16666666666666666	
Dark-eyed Junco	0.0	0.0	0.0	0.0	0.25	0.0	0.0	0.2222222222222222	0.3333333333333333	0.3333333333333333	0.2222222222222222	0.25	0.2	0.0	0.0	0.5	0.0	1.0	0.0	0.0	0.0	0.25	0.25	0.5	0.0	0.0	0.0	0.75	0.0015	0.0	0.0	0.0	0.0	0.0	0.0	0.0	0.0	0.0	0.3333333333333333	0.6666666666666666	0.0	0.2	0.0	0.45454545454545453	0.0	0.3333333333333333	1.0	0.16666666666666666	
White-crowned Sparrow	0.0	0.0	0.0	0.07692307692307693	0.0	0.0	0.0	0.0	0.3333333333333333	0.0	0.3333333333333333	0.375	0.2	0.5	0.25	1.0	0.0	0.0	0.0	1.0	0.5	0.75	0.75	1.0	0.5	0.7142857142857143	0.0	0.75	0.0	0.0	0.0	0.0	0.5	0.0	0.2	0.2	0.0	0.0	0.3333333333333333	0.16666666666666666	0.0	0.1	0.0	0.18181818181818182	0.3333333333333333	0.16666666666666666	0.0	0.3333333333333333	
Golden-crowned Sparrow	0.0	0.0	0.0	0.07692307692307693	0.0	0.0	0.0	0.0	0.3333333333333333	0.0	0.0	0.0	0.0	0.0	0.0	0.25	0.0	0.0	0.0	0.0	0.0	0.0	0.0	0.0	0.0	0.0	0.0	0.0	0.0	0.0	0.0	0.0	0.0	0.0	0.0	0.2	0.0	0.0	0.0	0.0	0.0	0.2	0.0	0.09090909090909091	0.0	0.16666666666666666	1.0	0.16666666666666666	
Savannah Sparrow	0.0	0.0	0.0	0.0	0.0	0.0	0.0	0.0	0.0	0.0	0.1111111111111111	0.125	0.0	0.0	0.25	0.0	0.0	0.0	0.0	0.0	0.0	0.0	0.0	0.0	0.0	0.0	0.0	0.0	0.0	0.0	0.0	0.0	0.0	0.0	0.0	0.0	0.0	0.2	0.0	0.0	0.0	0.0	0.0	0.0	0.0	0.0	0.0	0.0	
Song Sparrow	0.4	0.5	0.5	0.23076923076923078	0.0	0.0	0.25	0.4444444444444444	0.6666666666666666	0.6666666666666666	0.5555555555555556	0.5	0.4	0.16666666666666666	0.5	0.5	0.0	1.0	0.0	0.0	0.5	0.25	0.25	0.5	0.5	0.42857142857142855	0.0	0.75	0.0	0.0	0.0	0.0	0.5	0.2	0.0	0.2	1.0	0.6	0.6666666666666666	0.5	0.3333333333333333	0.3	0.25	0.45454545454545453	0.3333333333333333	0.3333333333333333	1.0	0.6666666666666666	
Lincoln's Sparrow	0.0015	0.0	0.0	0.0	0.0	0.0	0.0	0.0	0.0	0.0	0.0	0.0	0.0	0.0	0.0	0.0	0.0	0.0	0.0	0.0	0.0	0.0	0.0	0.0	0.0	0.0	0.0	0.0	0.0	0.0	0.0	0.0	0.0	0.0	0.0	0.0	0.0	0.0	0.3333333333333333	0.3333333333333333	0.0	0.1	0.0	0.0	0.0	0.0	0.0	0.0	
Spotted Towhee	0.0015	0.5	0.0	0.0	0.25	0.0	0.25	0.1111111111111111	0.3333333333333333	0.6666666666666666	0.2222222222222222	0.0	0.2	0.0	0.25	0.25	0.0	0.0	0.0	0.0	0.0	0.25	0.25	0.5	0.0	0.0	0.0	0.5	0.0	0.0	0.0	0.0	0.0	0.0	0.0	0.0	0.0	0.0	0.6666666666666666	0.16666666666666666	0.0	0.2	0.0	0.2727272727272727	0.6666666666666666	0.3333333333333333	1.0	0.6666666666666666	
Red-winged Blackbird	0.0	0.0	0.0	0.07692307692307693	0.0	0.0	0.0	0.1111111111111111	0.3333333333333333	0.0	0.0	0.0	0.0	0.0	0.0	0.0	0.0	1.0	0.0	0.0	0.0	0.0	0.0	0.0	0.0	0.0	0.0	0.25	0.0	0.0	0.0	0.0	0.0	0.0	0.0	0.0	0.0	0.0	0.3333333333333333	0.0	0.0	0.0	0.0	0.0	0.0	0.0	0.0	0.0	
Brown-headed Cowbird	0.0	0.0	0.0	0.0	0.0	0.0	0.0	0.0	0.0	0.0	0.0	0.0	0.0	0.0	0.0	0.0	0.0	1.0	0.0	0.3333333333333333	0.5	0.0	0.25	0.0	0.0	0.0	0.0	0.5	0.0	0.0	0.0	0.0	0.0	0.0	0.0	0.0	0.0	0.0	0.0	0.0	0.0	0.0	0.0	0.0	0.0	0.0	0.0	0.0	
Brewer's Blackbird	0.0	0.0	0.0	0.0	0.0	0.0	0.0	0.0	0.0	0.0	0.0	0.0	0.0	0.0	0.0	0.0	0.0	0.0	0.0	0.0	0.0	0.0	0.25	0.0	0.0	0.0	0.0	0.0	0.0	0.0	0.0	0.0	0.0	0.0	0.0	0.0	0.0	0.0	0.0	0.0	0.0	0.0	0.0	0.0	0.0	0.0	0.0	0.0	
Orange-crowned Warbler	0.0	0.0	0.0	0.0	0.0	0.0	0.0	0.0	0.0	0.0	0.0	0.0	0.2	0.0	0.0	0.0	0.0	1.0	0.0	0.0	0.0	0.25	0.0	0.0	0.0	0.0	0.0	0.0	0.0	0.0	0.0	0.0	0.0	0.0	0.0	0.0	0.0	0.0	0.0	0.0015	0.0	0.1	0.0	0.0	0.3333333333333333	0.0015	0.0	0.16666666666666666	
Common Yellowthroat	0.0	0.0	0.0	0.0	0.0	0.0	0.0	0.0	0.0	0.0	0.0	0.0	0.0	0.0	0.0	0.0	0.0	0.0	0.0	0.0	0.0	0.0	0.0	0.0	0.0	0.0	0.0	0.25	0.0	0.0	0.0	0.0	0.0	0.0	0.0	0.0	0.0	0.0	0.0	0.0	0.0	0.0	0.0	0.0	0.0	0.0	0.0	0.0	
Yellow Warbler	0.0	0.0	0.0	0.0	0.0	0.0	0.0	0.0	0.0	0.0	0.0	0.0	0.0	0.0	0.0	0.0	0.0	0.0	0.0	0.0	0.5	0.25	0.0	0.0	0.0	0.0	0.0	0.0	0.0	0.0	0.0	0.0	0.0	0.0	0.0	0.0	0.0	0.0	0.0	0.0	0.0	0.0	0.0	0.0	0.0	0.0	0.0	0.0	
Yellow-rumped Warbler	0.0	0.0	0.0	0.0	0.0	0.0	0.0	0.0	0.0	0.0	0.1111111111111111	0.0	0.2	0.0	0.25	0.25	0.0	1.0	0.0	0.0	0.0	0.0	0.0	0.0	0.0	0.0	0.0	0.0	0.0	0.0	0.0	0.0	0.0	0.0	0.0	0.0	0.0	0.0	0.0	0.16666666666666666	0.3333333333333333	0.1	0.0	0.18181818181818182	0.6666666666666666	0.0	1.0	0.0	
Townsend's Warbler	0.0	0.0	0.0	0.0	0.0	0.0	0.0	0.0	0.0	0.0	0.0	0.0	0.0	0.0	0.0	0.0	0.0	0.0	0.0	0.0	0.0	0.0	0.0	0.0	0.0	0.0	0.0	0.0	0.0	0.0	0.0	0.0	0.0	0.0	0.0	0.0	0.0	0.0	0.0	0.16666666666666666	0.0	0.0	0.0	0.0	0.0	0.0	0.0	0.0	
Wilson's Warbler	0.0	0.0	0.0	0.0	0.0	0.0	0.0	0.0	0.0	0.0	0.0	0.0	0.0	0.0	0.0	0.0	0.0	1.0	0.0	0.0	0.0	0.25	0.25	0.0	0.0	0.14285714285714285	0.0	0.25	0.0	0.0	0.0	0.0	0.0	0.0	0.0	0.0	0.0	0.0	0.0	0.0	0.0	0.0	0.0	0.0	0.0	0.0	0.0	0.0	
Western Tanager	0.0	0.0	0.0	0.0	0.0	0.0	0.0	0.0	0.0	0.0	0.0	0.0	0.0	0.0	0.0	0.25	0.0	1.0	0.0	0.0	0.0	0.0	0.0	0.0	0.0	0.0	0.0	0.0	0.0	0.0	0.0	0.0	0.0	0.0	0.0	0.0	0.0	0.0	0.0	0.0	0.0	0.0	0.0	0.0	0.0	0.0	0.0	0.0	
Black-headed Grosbeak	0.0	0.0	0.0	0.0	0.0	0.0	0.0	0.0	0.0	0.0	0.0	0.0	0.0	0.0	0.0	0.0	0.0	0.0	0.0	0.0015	0.0	0.0	0.0	0.5	0.0	0.0	0.0	0.25	0.0	0.0	0.0	0.0	0.0	0.0	0.0	0.0	0.0	0.0	0.0	0.0	0.0	0.0	0.0	0.0	0.0	0.0	0.0	0.0	
House Sparrow	0.0	0.25	0.0	0.07692307692307693	0.0	0.0	0.0	0.0	0.0	0.0	0.1111111111111111	0.125	0.0	0.16666666666666666	0.0	0.25	0.0	0.0	0.0	0.0	0.0	0.0	0.0	0.0	0.0	0.14285714285714285	0.0	0.75	0.0	0.5	0.0	0.0	0.0	0.0	0.2	0.0	0.0	0.0	0.0	0.0	0.0	0.1	0.0	0.0	0.0	0.16666666666666666	0.0	0.0	
passerine sp.	0.0	0.0	0.0	0.0	0.0	0.0	0.0	0.0	0.0	0.0	0.1111111111111111	0.0	0.0	0.0	0.0	0.0	0.0	0.0	0.0	0.0	0.0	0.0	0.0	0.0	0.0	0.0	0.0	0.0	0.0	0.0	0.0	0.0	0.0	0.0	0.0	0.0	0.0	0.0	0.0	0.0	0.0	0.0	0.0	0.0	0.0	0.0	0.0	0.0	

