









Frequency of observations in the selected location(s).:
Number of taxa: 	127

	Jan				Feb				Mar				Apr				May				Jun				Jul				Aug				Sep				Oct				Nov				Dec				
Sample Size:	4.0	7.0	7.0	14.0	3.0	2.0	2.0	7.0	9.0	7.0	7.0	7.0	2.0	1.0	3.0	1.0	2.0	0.0	0.0	1.0	2.0	2.0	1.0	0.0	3.0	3.0	3.0	5.0	0.0	0.0	0.0	1.0	1.0	4.0	4.0	6.0	1.0	2.0	4.0	7.0	5.0	9.0	4.0	7.0	2.0	3.0	1.0	4.0	

Brant	0.0	0.0	0.0	0.0	0.0015	0.5	0.0	0.0	0.0	0.14285714285714285	0.0	0.0	0.0	0.0	0.0	0.0	0.0	0.0	0.0	0.0	0.0	0.0	0.0	0.0	0.0	0.0	0.0	0.0	0.0	0.0	0.0	0.0	0.0	0.0	0.0	0.0	0.0	0.0	0.0	0.0	0.0	0.0	0.0	0.0	0.0	0.0	0.0	0.0	
Canada Goose	0.0	0.0	0.0	0.0	0.0	0.0	0.0	0.14285714285714285	0.1111111111111111	0.2857142857142857	0.0	0.2857142857142857	0.0	0.0	0.0	0.0	0.0	0.0	0.0	0.0	0.5	0.0	0.0	0.0	0.0	0.0	0.0	0.0	0.0	0.0	0.0	0.0	0.0	0.0	0.0	0.0	0.0	0.0	0.0	0.0	0.0	0.0	0.0	0.14285714285714285	0.0	0.0	0.0	0.0	
Eurasian Wigeon	0.0	0.14285714285714285	0.0	0.0	0.0	0.0	0.0	0.0	0.0	0.0	0.0	0.0	0.0	0.0	0.0	0.0	0.0	0.0	0.0	0.0	0.0	0.0	0.0	0.0	0.0	0.0	0.0	0.0	0.0	0.0	0.0	0.0	0.0	0.0	0.0	0.0	0.0	0.0	0.0	0.0	0.0	0.0	0.0	0.2857142857142857	0.0	0.0	0.0	0.0	
American Wigeon	0.75	0.42857142857142855	0.2857142857142857	0.35714285714285715	0.6666666666666666	0.5	0.0	0.5714285714285714	0.5555555555555556	0.2857142857142857	0.42857142857142855	0.42857142857142855	0.0	0.0	0.0	0.0	0.0	0.0	0.0	0.0	0.0	0.0	0.0	0.0	0.0	0.0	0.0	0.0	0.0	0.0	0.0	0.0	0.0	0.0	0.0	0.0	0.0	0.0	0.25	0.2857142857142857	0.0	0.0	0.0	0.2857142857142857	0.5	0.3333333333333333	0.0	0.25	
Mallard	0.0	0.0	0.0	0.35714285714285715	0.0	0.5	0.0	0.0	0.0	0.2857142857142857	0.14285714285714285	0.0	0.0	0.0	0.0	0.0	0.0	0.0	0.0	0.0	0.0	0.0	0.0	0.0	0.0	0.0	0.0	0.0	0.0	0.0	0.0	0.0	0.0	0.0	0.0	0.16666666666666666	0.0	0.0	0.0	0.0	0.2	0.0	0.0	0.14285714285714285	0.0	0.0	0.0	0.0	
Green-winged Teal	0.0	0.0	0.0	0.0	0.0	0.0	0.0	0.0	0.0	0.14285714285714285	0.0	0.0	0.0	0.0	0.0	0.0	0.0	0.0	0.0	0.0	0.0	0.0	0.0	0.0	0.0	0.0	0.0	0.0	0.0	0.0	0.0	0.0	0.0	0.0	0.0	0.0	0.0	0.0	0.0	0.0	0.0	0.0	0.0	0.0	0.0	0.0	0.0	0.0	
Greater Scaup	0.25	0.0	0.14285714285714285	0.07142857142857142	0.0	0.5	0.0	0.0	0.0	0.2857142857142857	0.14285714285714285	0.14285714285714285	0.0	0.0	0.0	0.0	0.0	0.0	0.0	0.0	0.0	0.0	0.0	0.0	0.0	0.0	0.0	0.0	0.0	0.0	0.0	0.0	0.0	0.0	0.0	0.0	0.0	0.0	0.0	0.0	0.0	0.0	0.0	0.14285714285714285	0.0	0.0	0.0	0.0	
Lesser Scaup	0.0015	0.0	0.0	0.0	0.0	0.0	0.0	0.0	0.0	0.0	0.0	0.0	0.0	0.0	0.0	0.0	0.0	0.0	0.0	0.0	0.0	0.0	0.0	0.0	0.0	0.0	0.0	0.0	0.0	0.0	0.0	0.0	0.0	0.0	0.0	0.0	0.0	0.0	0.0	0.0	0.0	0.0	0.0	0.0	0.0	0.0	0.0	0.0	
Greater/Lesser Scaup	0.0	0.0	0.0	0.0	0.0	0.0	0.0	0.0	0.0	0.0	0.0	0.0	0.0	0.0	0.0	0.0	0.0	0.0	0.0	0.0	0.0	0.0	0.0	0.0	0.0	0.0	0.0	0.0	0.0	0.0	0.0	0.0	0.0	0.0	0.0	0.0	0.0	0.0	0.0	0.14285714285714285	0.0	0.0	0.0	0.0	0.0	0.0	0.0	0.0	
Surf Scoter	1.0	1.0	0.5714285714285714	0.7142857142857143	1.0	1.0	1.0	0.2857142857142857	0.6666666666666666	0.7142857142857143	0.8571428571428571	1.0	0.5	0.0	0.3333333333333333	1.0	0.0	0.0	0.0	1.0	0.0	0.0	0.0	0.0	0.0	0.0	0.0	0.0	0.0	0.0	0.0	0.0	1.0	0.25	0.0	0.3333333333333333	1.0	0.5	0.75	0.7142857142857143	0.6	0.5555555555555556	0.75	0.5714285714285714	1.0	1.0	1.0	1.0	
White-winged Scoter	0.25	0.14285714285714285	0.14285714285714285	0.07142857142857142	0.3333333333333333	1.0	0.0015	0.0	0.0	0.2857142857142857	0.14285714285714285	0.2857142857142857	0.0	0.0	0.0	1.0	0.0	0.0	0.0	0.0	0.0	0.0	0.0	0.0	0.0	0.0	0.0	0.0	0.0	0.0	0.0	0.0	0.0	0.0	0.0	0.16666666666666666	0.0	0.0	0.0	0.42857142857142855	0.0	0.2222222222222222	0.0	0.14285714285714285	0.0	0.3333333333333333	1.0	0.0015	
Black Scoter	0.0	0.0	0.0	0.0	0.0	0.0	0.0	0.0	0.0	0.0	0.0	0.0	0.0	0.0	0.0	0.0	0.0	0.0	0.0	0.0	0.0	0.0	0.0	0.0	0.0	0.0	0.0	0.0	0.0	0.0	0.0	0.0	0.0	0.0	0.0	0.0	0.0	0.0	0.0	0.0	0.0	0.0	0.0	0.0015	0.0	0.3333333333333333	1.0	0.0	
scoter sp.	0.0	0.0	0.14285714285714285	0.0	0.0	0.0	0.0	0.0	0.0	0.0	0.0	0.0	0.0	0.0	0.0	0.0	0.0	0.0	0.0	0.0	0.0	0.0	0.0	0.0	0.0	0.0	0.0	0.0	0.0	0.0	0.0	0.0	0.0	0.0	0.0	0.0	0.0	0.0	0.0	0.0	0.0	0.0	0.0	0.0	0.0	0.0	0.0	0.0	
Long-tailed Duck	0.0	0.2857142857142857	0.0	0.14285714285714285	0.0015	0.5	0.5	0.0	0.0	0.14285714285714285	0.14285714285714285	0.14285714285714285	0.0	0.0	0.0	0.0	0.0	0.0	0.0	0.0	0.0	0.0	0.0	0.0	0.0	0.0	0.0	0.0	0.0	0.0	0.0	0.0	0.0	0.0	0.0	0.0	0.0	0.0	0.0	0.0	0.2	0.0	0.0	0.0	0.0	0.0	0.0	0.0	
Bufflehead	1.0	0.8571428571428571	0.8571428571428571	0.6428571428571429	0.6666666666666666	0.5	1.0	0.5714285714285714	0.7777777777777778	0.5714285714285714	0.8571428571428571	0.8571428571428571	0.5	0.0	0.3333333333333333	1.0	0.5	0.0	0.0	0.0	0.0	0.0	0.0	0.0	0.0	0.0	0.0	0.0	0.0	0.0	0.0	0.0	0.0	0.0	0.0	0.0	0.0	0.0	0.0	0.14285714285714285	0.6	0.6666666666666666	1.0	0.8571428571428571	1.0	0.6666666666666666	1.0	0.5	
Common Goldeneye	0.5	0.5714285714285714	0.7142857142857143	0.7857142857142857	0.6666666666666666	1.0	1.0	0.42857142857142855	0.5555555555555556	0.42857142857142855	0.7142857142857143	0.7142857142857143	0.0	1.0	0.0	0.0	0.0	0.0	0.0	0.0	0.0	0.0	0.0	0.0	0.0	0.0	0.0	0.0	0.0	0.0	0.0	0.0	0.0	0.0	0.0	0.0	0.0	0.0	0.0	0.0	0.0	0.1111111111111111	0.25	0.5714285714285714	1.0	1.0	1.0	0.5	
Barrow's Goldeneye	0.0	0.0	0.14285714285714285	0.14285714285714285	0.3333333333333333	0.0	0.0	0.0	0.3333333333333333	0.2857142857142857	0.0	0.2857142857142857	0.0	0.0	0.0	0.0	0.0	0.0	0.0	0.0	0.0	0.0	0.0	0.0	0.0	0.0	0.0	0.0	0.0	0.0	0.0	0.0	0.0	0.0	0.0	0.0	0.0	0.0	0.0	0.0	0.0	0.0	0.25	0.14285714285714285	0.0	0.0	0.0	0.25	
Common/Barrow's Goldeneye	0.0	0.0	0.14285714285714285	0.0	0.3333333333333333	0.0	0.0	0.0	0.0	0.0	0.0	0.14285714285714285	0.0	0.0	0.0	0.0	0.0	0.0	0.0	0.0	0.0	0.0	0.0	0.0	0.0	0.0	0.0	0.0	0.0	0.0	0.0	0.0	0.0	0.0	0.0	0.0	0.0	0.0	0.0	0.0	0.0	0.0	0.0	0.0	0.0	0.0	0.0	0.0	
Hooded Merganser	0.25	0.0	0.0	0.0	0.0	0.0	0.0	0.0	0.0	0.0	0.0	0.0	0.0	0.0	0.0	0.0	0.0	0.0	0.0	0.0	0.0	0.0	0.0	0.0	0.0	0.0	0.0	0.0	0.0	0.0	0.0	0.0	0.0	0.0	0.0	0.16666666666666666	0.0	0.0	0.0	0.14285714285714285	0.2	0.2222222222222222	0.0015	0.2857142857142857	0.0	0.6666666666666666	0.0	0.0015	
Common Merganser	0.0	0.0	0.0	0.0	0.0	0.0	0.0	0.0	0.0	0.14285714285714285	0.0	0.14285714285714285	0.0	0.0	0.0	0.0	0.0	0.0	0.0	0.0	0.0	0.0	0.0	0.0	0.0	0.0	0.0	0.0	0.0	0.0	0.0	0.0	0.0	0.0	0.0	0.0	0.0	0.0	0.0	0.14285714285714285	0.0	0.0	0.0	0.14285714285714285	0.0	0.0015	0.0	0.25	
Red-breasted Merganser	0.5	0.5714285714285714	0.7142857142857143	0.7142857142857143	0.6666666666666666	0.5	1.0	0.5714285714285714	0.8888888888888888	0.5714285714285714	0.7142857142857143	0.7142857142857143	1.0	1.0	0.3333333333333333	1.0	0.5	0.0015	0.0	0.0	0.0	0.0	0.0	0.0	0.0	0.0	0.0	0.0	0.0	0.0	0.0	0.0	0.0	0.0	0.0	0.0	0.0	0.0	0.0	0.14285714285714285	0.4	0.6666666666666666	0.75	0.8571428571428571	0.5	1.0	1.0	0.25	
Common/Red-breasted Merganser	0.0	0.0	0.0	0.0	0.3333333333333333	0.0	0.0	0.0	0.0	0.0	0.0	0.0	0.0	0.0	0.0	0.0	0.0	0.0	0.0	0.0	0.0	0.0	0.0	0.0	0.0	0.0	0.0	0.0	0.0	0.0	0.0	0.0	0.0	0.0	0.0	0.0	0.0	0.0	0.0	0.0	0.0	0.0	0.0	0.0	0.0	0.0	0.0	0.0	
Ring-necked Pheasant	0.0	0.0	0.0	0.0	0.0	0.0	0.0	0.0	0.0	0.0	0.0	0.0	0.5	0.0	0.0	0.0	0.0	0.0	0.0	0.0	0.0	0.0	0.0	0.0	0.0	0.0	0.0	0.0	0.0	0.0	0.0	0.0	0.0	0.0	0.0	0.0	0.0	0.0	0.0	0.0	0.0	0.0	0.0	0.0	0.0	0.0	0.0	0.0	
Horned Grebe	0.75	0.5714285714285714	0.7142857142857143	0.7142857142857143	0.3333333333333333	1.0	1.0	0.5714285714285714	0.7777777777777778	0.8571428571428571	0.7142857142857143	0.5714285714285714	0.5	1.0	0.3333333333333333	1.0	0.0	0.0	0.0	0.0	0.0	0.0	0.0	0.0	0.0	0.0	0.0	0.0	0.0	0.0	0.0	0.0	0.0	0.0	0.0	0.3333333333333333	1.0	1.0	0.75	0.5714285714285714	0.8	0.7777777777777778	1.0	0.8571428571428571	1.0	0.6666666666666666	1.0	0.25	
Red-necked Grebe	0.25	0.42857142857142855	0.7142857142857143	0.6428571428571429	0.3333333333333333	1.0	1.0	0.42857142857142855	0.3333333333333333	0.7142857142857143	0.42857142857142855	0.7142857142857143	0.0	0.0	0.3333333333333333	1.0	0.0	0.0	0.0	0.0	0.0	0.0	0.0	0.0	0.0	0.0	0.0	0.0	0.0	0.0	0.0	0.0	0.0	0.25	0.25	0.3333333333333333	0.0	1.0	0.5	0.42857142857142855	0.6	0.4444444444444444	0.75	0.5714285714285714	0.5	1.0	1.0	0.0015	
Eared Grebe	0.0	0.0	0.0015	0.0	0.0	0.0	0.0	0.0	0.0	0.14285714285714285	0.0	0.0	0.0	0.0	0.0	0.0	0.0	0.0	0.0	0.0	0.0	0.0	0.0	0.0	0.0	0.0	0.0	0.0	0.0	0.0	0.0	0.0	0.0	0.0	0.0	0.0	0.0	0.0	0.0	0.0	0.0	0.0	0.0	0.0	0.0	0.0	0.0	0.0	
Western Grebe	0.25	0.42857142857142855	0.2857142857142857	0.5714285714285714	0.3333333333333333	0.5	0.0	0.14285714285714285	0.0	0.7142857142857143	0.14285714285714285	0.5714285714285714	0.0	0.0	0.3333333333333333	1.0	0.5	0.0015	0.0	0.0	0.0	0.0	0.0	0.0	0.0	0.0	0.0	0.0	0.0	0.0	0.0	0.0	0.0	0.25	0.0	0.16666666666666666	1.0	1.0	0.0	0.2857142857142857	0.2	0.5555555555555556	0.5	0.5714285714285714	0.5	0.6666666666666666	1.0	0.0015	
Rock Pigeon	0.0	0.0	0.0	0.0	0.0	0.0	0.0	0.0	0.0	0.0	0.0	0.14285714285714285	0.0	0.0	0.0	0.0	0.0	0.0	0.0	0.0	0.0	0.0	0.0	0.0	0.0	0.0	0.0	0.0	0.0	0.0	0.0	0.0	0.0	0.0	0.0	0.0	0.0	0.0	0.0	0.0	0.0	0.0	0.0	0.0	0.5	0.0	0.0	0.0	
Eurasian Collared-Dove	0.0	0.0	0.0	0.0	0.0	0.0	0.0	0.0	0.0	0.0	0.0	0.0	0.0	0.0	0.0	0.0	0.0	0.0	0.0	0.0	0.5	0.0	0.0	0.0	0.0	0.0	0.0	0.0	0.0	0.0	0.0	0.0	0.0	0.0	0.0	0.0	0.0	0.0	0.0	0.0	0.0	0.0	0.0	0.0	0.0	0.0	0.0	0.0	
Mourning Dove	0.0	0.0	0.0	0.0	0.0	0.0	0.0	0.0	0.0	0.0	0.0	0.0	0.0	0.0	0.0	0.0	0.0	0.0	0.0	0.0	0.0	0.0	0.0	0.0	0.0	0.3333333333333333	0.0	0.0	0.0	0.0	0.0	0.0	0.0	0.0	0.0	0.0	0.0	0.0	0.0	0.0	0.0	0.0	0.0	0.0	0.0	0.0	0.0	0.0	
Anna's Hummingbird	0.0	0.0	0.0	0.0	0.0	0.0	0.0	0.0	0.0	0.14285714285714285	0.0	0.14285714285714285	0.0	0.0	0.0	0.0	0.0	0.0	0.0	0.0	0.0	0.0	0.0	0.0	0.3333333333333333	0.0	0.0	0.0	0.0	0.0	0.0	0.0	0.0	0.0	0.0	0.0	0.0	0.0	0.0	0.0	0.0	0.1111111111111111	0.0	0.0	0.0	0.0	0.0	0.0	
Rufous Hummingbird	0.0	0.0	0.0	0.0	0.0	0.0	0.0	0.0	0.0	0.0	0.0	0.14285714285714285	0.0	0.0	0.0	1.0	0.0	0.0	0.0	1.0	0.0	0.0	0.0	0.0	0.0	0.0	0.0	0.2	0.0	0.0	0.0	0.0	0.0	0.0	0.0	0.0	0.0	0.0	0.0	0.0	0.0	0.0	0.0	0.0	0.0	0.0	0.0	0.0	
hummingbird sp.	0.0	0.0	0.0	0.0	0.0	0.0	0.0	0.0	0.0	0.0	0.0	0.0	0.0	0.0	0.0	0.0	0.0	0.0	0.0	0.0	0.0	0.0	0.0	0.0	0.0	0.0	0.0	0.0	0.0	0.0	0.0	0.0	0.0	0.0	0.0	0.16666666666666666	0.0	0.0	0.0	0.0	0.0	0.0	0.0	0.0	0.0	0.0	0.0	0.0	
Killdeer	0.0	0.14285714285714285	0.14285714285714285	0.07142857142857142	0.0	0.0	0.0	0.0	0.1111111111111111	0.0	0.0	0.14285714285714285	0.5	0.0	0.0	0.0	0.0	0.0	0.0	1.0	0.0	0.0	0.0	0.0	0.3333333333333333	0.0	0.3333333333333333	0.2	0.0	0.0	0.0	1.0	0.0	0.0	0.0	0.16666666666666666	1.0	0.0	0.0	0.14285714285714285	0.2	0.2222222222222222	0.0	0.14285714285714285	0.5	0.0	0.0	0.0	
Sanderling	0.0	0.0	0.0	0.0	0.0	0.0	0.0	0.0	0.0	0.0	0.0	0.0	0.0	0.0	0.0	0.0	0.0	0.0	0.0	0.0	0.0	0.0	0.0	0.0	0.0	0.0	0.0	0.0	0.0	0.0	0.0	0.0	0.0	0.0	0.0	0.0	0.0	0.0	0.0	0.0	0.2	0.1111111111111111	0.0	0.0	0.0	0.0	1.0	0.25	
Spotted Sandpiper	0.0	0.0	0.0	0.0	0.0	0.0	0.0	0.0	0.0	0.0	0.0	0.0	0.0	0.0	0.0	0.0	0.0	0.0	0.0	0.0	0.0	0.0	0.0	0.0	0.0	0.0	0.0	0.0	0.0	0.0	0.0	0.0	0.0	0.0	0.0	0.0	1.0	0.0	0.0	0.0	0.0	0.0	0.0	0.0	0.0	0.0	0.0	0.0	
Parasitic Jaeger	0.0	0.0	0.0	0.0	0.0	0.0	0.0	0.0	0.0	0.0	0.0	0.0	0.0	0.0	0.0	0.0	0.0	0.0	0.0	0.0	0.0	0.0	0.0	0.0	0.0	0.0	0.0	0.0	0.0	0.0	0.0	0.0	0.0	0.0	0.0	0.0	1.0	0.0	0.0	0.0	0.0	0.0	0.0	0.0	0.0	0.0	0.0	0.0	
Common Murre	0.0	0.0	0.0	0.21428571428571427	0.0	0.0	0.0	0.14285714285714285	0.0	0.0	0.0	0.0	0.0	0.0	0.0	0.0	0.0	0.0	0.0	0.0	0.0	0.0	0.0	0.0	0.0	0.0	0.0	0.0	0.0	0.0	0.0	0.0	0.0	0.0	0.0	0.0	0.0	0.0	0.0	0.14285714285714285	0.0	0.0	0.0015	0.14285714285714285	0.0015	0.0015	0.0	0.0	
Pigeon Guillemot	0.75	1.0	0.5714285714285714	0.7857142857142857	1.0	1.0	1.0	0.7142857142857143	0.8888888888888888	0.7142857142857143	0.8571428571428571	1.0	1.0	0.0	0.6666666666666666	1.0	1.0	0.0015	0.0	1.0	1.0	1.0	1.0	0.0	1.0	0.6666666666666666	1.0	0.8	0.0	0.0	0.0	1.0	0.0	0.75	0.25	0.5	1.0	0.0	0.75	0.7142857142857143	0.6	0.6666666666666666	0.75	0.5714285714285714	0.5	0.6666666666666666	1.0	0.75	
Marbled Murrelet	0.25	0.2857142857142857	0.14285714285714285	0.14285714285714285	0.0015	0.0	0.0	0.0015	0.0	0.0	0.0	0.14285714285714285	0.0	0.0	0.0	1.0	0.5	0.0	0.0	1.0	0.5	0.0	0.0	0.0	0.0	0.0	0.0015	0.0	0.0	0.0	0.0	0.0	0.0	0.0	0.25	0.0	1.0	0.0	0.0	0.42857142857142855	0.6	0.2222222222222222	1.0	0.42857142857142855	0.5	1.0	0.0	0.0	
Ancient Murrelet	0.0	0.0	0.0	0.0	0.0	0.0	0.0	0.0	0.0	0.0	0.0	0.0	0.0	0.0	0.0	0.0	0.0	0.0	0.0	0.0	0.0	0.0	0.0	0.0	0.0	0.0	0.0	0.0	0.0	0.0	0.0	0.0	0.0	0.0	0.0	0.0	0.0	0.0	0.0	0.0	0.2	0.0	0.0	0.0	0.0	0.0	0.0	0.0	
Rhinoceros Auklet	0.0	0.14285714285714285	0.14285714285714285	0.0	0.3333333333333333	0.5	0.0	0.0	0.0	0.42857142857142855	0.42857142857142855	0.7142857142857143	0.5	0.0	0.6666666666666666	1.0	1.0	0.0015	0.0	0.0	0.0	0.0	0.0	0.0	0.0	0.0	0.3333333333333333	0.4	0.0	0.0	0.0	0.0	0.0	0.25	0.0	0.0	0.0	0.0	0.0	0.2857142857142857	0.0	0.1111111111111111	0.25	0.14285714285714285	0.0	0.3333333333333333	0.0	0.0	
Black-legged Kittiwake	0.0	0.0	0.0	0.0	0.0	0.0	0.0	0.0015	0.0	0.0	0.0	0.0	0.0	0.0	0.0	0.0	0.0	0.0	0.0	0.0	0.0	0.0	0.0	0.0	0.0	0.0	0.0	0.0	0.0	0.0	0.0	0.0	0.0	0.0	0.0	0.0	0.0	0.0	0.0	0.0	0.0	0.0	0.0	0.0	0.0	0.0	0.0	0.0	
Bonaparte's Gull	0.0	0.0	0.0	0.0	0.0	0.0	0.0	0.0	0.0	0.0	0.0	0.0	0.0	0.0	0.3333333333333333	0.0	0.0	0.0	0.0	0.0	0.0	0.0	0.0	0.0	0.0	0.0	0.3333333333333333	0.6	0.0	0.0	0.0	1.0	0.0	0.25	0.0	0.0	1.0	0.0	0.0	0.5714285714285714	0.2	0.3333333333333333	0.0015	0.14285714285714285	0.5	0.3333333333333333	0.0	0.0	
Mew Gull	0.5	0.5714285714285714	0.0	0.14285714285714285	0.0	0.5	0.0	0.14285714285714285	0.3333333333333333	0.5714285714285714	0.2857142857142857	0.2857142857142857	0.5	0.0	0.3333333333333333	1.0	0.0	0.0	0.0	0.0	0.0	0.0	0.0	0.0	0.0	0.0	0.0	0.0	0.0	0.0	0.0	0.0	0.0	0.0	0.25	0.3333333333333333	1.0	0.5	0.25	0.7142857142857143	0.2	0.4444444444444444	0.25	0.5714285714285714	0.5	0.0	0.0	0.0	
Ring-billed Gull	0.0	0.0	0.0	0.0	0.0	0.0	0.0	0.0	0.0	0.0	0.0	0.0	0.0	0.0	0.0	0.0	0.0	0.0	0.0	0.0	0.0	0.0	0.0	0.0	0.0	0.0	0.0	0.2	0.0	0.0	0.0	0.0	0.0	0.0	0.25	0.0	0.0	0.5	0.0	0.0	0.0	0.0	0.0	0.14285714285714285	0.0	0.0	0.0	0.0	
Western Gull	0.25	0.0	0.0	0.0	0.0	0.0	0.0	0.0	0.0	0.0	0.0	0.14285714285714285	0.0	0.0	0.0	0.0	0.0	0.0	0.0	0.0	0.0	0.0	0.0	0.0	0.0	0.0	0.0	0.0	0.0	0.0	0.0	0.0	0.0	0.0	0.0	0.0	0.0	0.0	0.25	0.0	0.0	0.1111111111111111	0.0	0.0	0.0	0.0	0.0	0.0	
California Gull	0.0	0.0	0.0	0.0	0.0	0.0	0.0	0.0	0.0	0.0	0.0	0.0	0.0	0.0	0.0	0.0	0.0	0.0	0.0	0.0	0.0	0.0	0.0	0.0	0.3333333333333333	0.3333333333333333	0.0	0.4	0.0	0.0	0.0	0.0	0.0	0.0	0.0	0.16666666666666666	0.0	0.5	0.0	0.0	0.0	0.0	0.0	0.0	0.0	0.0	0.0	0.0	
Herring Gull	0.0	0.0	0.0	0.0	0.0	0.0	0.0	0.0	0.1111111111111111	0.0	0.0	0.0	0.0	0.0	0.0	0.0	0.0	0.0	0.0	0.0	0.0	0.0	0.0	0.0	0.0	0.0	0.0	0.0	0.0	0.0	0.0	0.0	0.0	0.0	0.0	0.16666666666666666	0.0	0.0	0.0	0.0	0.0	0.0	0.0	0.0	0.0	0.0	0.0	0.0	
Iceland Gull	0.0	0.0	0.0	0.0	0.0	0.0	0.0	0.0	0.1111111111111111	0.0	0.0	0.0	0.0	0.0	0.0	0.0	0.0	0.0	0.0	0.0	0.0	0.0	0.0	0.0	0.0	0.0	0.0	0.0	0.0	0.0	0.0	0.0	0.0	0.0	0.0	0.0	0.0	0.0	0.0	0.0	0.0	0.0	0.0	0.0	0.0	0.0	0.0	0.0	
Glaucous-winged Gull	0.75	0.2857142857142857	0.5714285714285714	0.7142857142857143	0.3333333333333333	0.5	1.0	0.2857142857142857	0.4444444444444444	0.5714285714285714	0.5714285714285714	0.42857142857142855	0.5	0.0	0.6666666666666666	1.0	0.5	0.0015	0.0	1.0	1.0	0.0	0.0	0.0	1.0	0.0	1.0	1.0	0.0	0.0	0.0	1.0	0.0015	0.75	0.5	0.6666666666666666	1.0	1.0	0.5	0.2857142857142857	0.8	0.2222222222222222	0.0	0.14285714285714285	0.5	0.6666666666666666	1.0	0.5	
Western x Glaucous-winged Gull (hybrid)	0.5	0.2857142857142857	0.42857142857142855	0.2857142857142857	0.3333333333333333	1.0	1.0	0.0	0.1111111111111111	0.14285714285714285	0.0	0.0	0.0	0.0	0.3333333333333333	1.0	0.0	0.0	0.0	1.0	0.0	0.0	0.0	0.0	0.0	0.0	0.3333333333333333	0.0	0.0	0.0	0.0	0.0	0.0	0.0	0.0	0.0	0.0	0.0	0.0	0.0	0.0	0.2222222222222222	0.75	0.42857142857142855	0.5	0.3333333333333333	0.0	0.5	
Western/Glaucous-winged Gull	0.0	0.14285714285714285	0.14285714285714285	0.0	0.3333333333333333	0.0	0.0	0.0	0.1111111111111111	0.0	0.14285714285714285	0.14285714285714285	0.0	0.0	0.0	0.0	0.0	0.0	0.0	0.0	0.0	0.0	0.0	0.0	0.0	0.0	0.0	0.0	0.0	0.0	0.0	0.0	0.0	0.0	0.0	0.16666666666666666	0.0	0.0	0.0	0.2857142857142857	0.2	0.0	0.0	0.14285714285714285	0.0	0.0	0.0	0.0	
Larus sp.	0.0	0.0	0.14285714285714285	0.0	0.0	0.5	0.0	0.0	0.0	0.0	0.0	0.14285714285714285	0.0	0.0	0.0	0.0	0.0	0.0	0.0	0.0	0.0	0.0	0.0	0.0	0.0	0.0	0.0	0.0	0.0	0.0	0.0	0.0	0.0	0.0	0.0	0.0	0.0	0.0	0.25	0.0	0.0	0.0	0.0	0.0	0.0	0.0	0.0	0.0	
gull sp.	0.0	0.2857142857142857	0.0	0.0	0.3333333333333333	0.0	0.0	0.14285714285714285	0.2222222222222222	0.0	0.2857142857142857	0.14285714285714285	0.0	0.0	0.3333333333333333	0.0	0.0	0.0	0.0	0.0	0.0	0.0	0.0	0.0	0.0	0.0	0.0015	0.2	0.0	0.0	0.0	0.0	0.0	0.0	0.0	0.3333333333333333	0.0	0.0	0.25	0.0	0.2	0.1111111111111111	0.25	0.0	0.5	0.3333333333333333	0.0	0.0	
Caspian Tern	0.0	0.0	0.0	0.0	0.0	0.0	0.0	0.0	0.0	0.0	0.0	0.0	0.0	0.0	0.0	1.0	0.0	0.0015	0.0	0.0	0.0	0.0	0.0	0.0	0.0	0.0	0.0	0.4	0.0	0.0	0.0	0.0	0.0	0.0	0.25	0.0	0.0	0.0	0.0	0.0	0.0	0.0	0.0	0.0	0.0	0.0	0.0	0.0	
Common Tern	0.0	0.0	0.0	0.0	0.0	0.0	0.0	0.0	0.0	0.0	0.0	0.0	0.0	0.0	0.0	0.0	0.0	0.0	0.0	0.0	0.0	0.0	0.0	0.0	0.0	0.0	0.0	0.2	0.0	0.0	0.0	1.0	0.0	0.0	0.0	0.0	1.0	0.0	0.0	0.0	0.0	0.0	0.0	0.0	0.0	0.0	0.0	0.0	
Red-throated Loon	0.0	0.2857142857142857	0.2857142857142857	0.14285714285714285	0.0	0.0	0.0	0.0	0.0	0.14285714285714285	0.14285714285714285	0.2857142857142857	0.0	0.0	0.0	0.0	0.0	0.0	0.0	0.0	0.0	0.0	0.0	0.0	0.0	0.0	0.0	0.0	0.0	0.0	0.0	0.0	0.0	0.0	0.0	0.0	0.0	0.0	0.0	0.0	0.0	0.0	0.25	0.14285714285714285	0.0	0.0	0.0	0.0	
Pacific Loon	0.5	0.0	0.0	0.14285714285714285	0.0	0.5	0.0	0.0	0.0	0.0	0.0	0.42857142857142855	0.0	0.0	0.0	0.0	0.0	0.0	0.0	0.0	0.0	0.0	0.0	0.0	0.0	0.0	0.0	0.0	0.0	0.0	0.0	0.0	0.0	0.0	0.0	0.0	1.0	0.0	0.0	0.0	0.0	0.1111111111111111	0.0	0.14285714285714285	0.0015	0.0	0.0	0.0	
Common Loon	0.75	0.5714285714285714	0.5714285714285714	0.6428571428571429	1.0	1.0	0.5	0.42857142857142855	0.7777777777777778	1.0	0.7142857142857143	0.5714285714285714	1.0	0.0	1.0	1.0	0.5	0.0	0.0	0.0	0.0	0.0	0.0	0.0	0.0	0.0	0.0	0.0	0.0	0.0	0.0	0.0	0.0	0.25	0.25	0.6666666666666666	1.0	0.5	0.75	0.7142857142857143	1.0	0.6666666666666666	1.0	0.2857142857142857	1.0	0.6666666666666666	0.0	0.5	
Yellow-billed Loon	0.0	0.0	0.0	0.07142857142857142	0.0	0.0	0.0	0.0	0.0	0.0	0.0	0.0	0.0	0.0	0.0	0.0	0.0	0.0	0.0	0.0	0.0	0.0	0.0	0.0	0.0	0.0	0.0	0.0	0.0	0.0	0.0	0.0	0.0	0.0	0.0	0.0015	0.0	0.0	0.25	0.0	0.0	0.0	0.0	0.0	0.0	0.0	0.0	0.0	
Brandt's Cormorant	0.5	0.14285714285714285	0.14285714285714285	0.2857142857142857	0.0	0.5	0.5	0.0	0.0	0.0	0.14285714285714285	0.0	0.0	0.0	0.0	0.0	0.0	0.0	0.0	0.0	0.0	0.0	0.0	0.0	0.0	0.0	0.0	0.0	0.0	0.0	0.0	0.0	0.0	0.0	0.0	0.0	0.0	0.0	0.0	0.14285714285714285	0.0	0.0	0.0	0.14285714285714285	0.0015	0.3333333333333333	0.0	0.0	
Pelagic Cormorant	0.0	0.14285714285714285	0.2857142857142857	0.21428571428571427	0.0	0.5	0.0	0.2857142857142857	0.2222222222222222	0.2857142857142857	0.2857142857142857	0.42857142857142855	0.0	0.0	0.0	1.0	0.5	0.0	0.0	0.0	0.0	0.0	0.0	0.0	0.3333333333333333	0.0	0.0	0.0	0.0	0.0	0.0	0.0	0.0	0.0	0.0	0.0	1.0	0.0	0.25	0.2857142857142857	0.2	0.1111111111111111	0.0015	0.14285714285714285	0.0	0.6666666666666666	0.0	0.0	
Double-crested Cormorant	0.5	0.5714285714285714	0.42857142857142855	0.9285714285714286	0.6666666666666666	1.0	1.0	0.2857142857142857	0.3333333333333333	0.5714285714285714	0.42857142857142855	0.42857142857142855	0.5	0.0	0.3333333333333333	0.0	0.0	0.0	0.0	0.0	0.5	0.0	0.0	0.0	0.0	0.0	0.0	0.4	0.0	0.0	0.0	0.0	0.0	0.25	0.75	0.6666666666666666	1.0	1.0	0.75	0.7142857142857143	0.8	0.5555555555555556	0.75	0.7142857142857143	0.5	0.6666666666666666	0.0	0.5	
cormorant sp.	0.0	0.0	0.14285714285714285	0.0	0.0	0.5	0.0	0.0	0.1111111111111111	0.0	0.0	0.42857142857142855	0.0	0.0	0.0	0.0	0.0	0.0	0.0	0.0	0.0	0.0	0.0	0.0	0.0	0.0	0.0	0.0	0.0	0.0	0.0	0.0	0.0	0.0	0.0	0.0	0.0	0.0	0.0	0.0	0.0	0.0	0.0	0.0	0.5	0.3333333333333333	0.0	0.0015	
Great Blue Heron	0.5	0.14285714285714285	0.0	0.14285714285714285	0.0	0.0	0.0	0.42857142857142855	0.1111111111111111	0.14285714285714285	0.14285714285714285	0.14285714285714285	0.0	0.0	0.0	0.0	0.5	0.0	0.0	0.0	0.0	1.0	0.0	0.0	0.3333333333333333	0.0	0.3333333333333333	0.4	0.0	0.0	0.0	1.0	0.0	0.5	0.0	0.5	0.0	0.0	0.25	0.0	0.2	0.1111111111111111	0.25	0.14285714285714285	0.0	0.0	0.0	0.25	
Turkey Vulture	0.0	0.0	0.0	0.0	0.0	0.0	0.0	0.0	0.0	0.0	0.0	0.0	0.0	0.0	0.0	0.0	0.0	0.0	0.0	0.0	0.0	0.0	0.0	0.0	0.0	0.0	0.0	0.0	0.0	0.0	0.0	0.0	0.0	0.0	0.0	0.16666666666666666	0.0	0.0	0.0	0.0	0.0	0.0	0.0	0.0	0.0	0.0	0.0	0.0	
Osprey	0.0	0.0	0.0	0.0	0.0	0.0	0.0	0.0	0.0	0.0	0.0	0.0	0.0	0.0	0.3333333333333333	0.0	0.0	0.0	0.0015	0.0	0.0	1.0	0.0	0.0	0.0	0.0	0.0	0.2	0.0	0.0	0.0	0.0	0.0015	0.75	0.25	0.5	0.0	0.0	0.0	0.0	0.0	0.0	0.0	0.0	0.0	0.0	0.0	0.0	
Cooper's Hawk	0.0	0.0	0.0	0.0	0.0	0.0	0.0	0.0	0.0	0.0	0.0	0.0	0.0	0.0	0.0	0.0	0.0	0.0	0.0	0.0	0.0	0.0	0.0	0.0	0.3333333333333333	0.0	0.0	0.0	0.0	0.0	0.0	0.0	0.0	0.0	0.0	0.0	0.0	0.0	0.0	0.0	0.0	0.0	0.0	0.0	0.0	0.0	0.0	0.0	
Bald Eagle	0.0	0.5714285714285714	0.2857142857142857	0.21428571428571427	1.0	0.5	1.0	0.14285714285714285	0.5555555555555556	0.5714285714285714	0.14285714285714285	0.42857142857142855	0.0	0.0	0.0	1.0	0.0	0.0	0.0	0.0	0.0	0.0	1.0	0.0	0.0	0.0	0.0	0.2	0.0	0.0	0.0	0.0	0.0	0.0	0.0	0.0	0.0	0.0	0.25	0.14285714285714285	0.2	0.1111111111111111	0.25	0.0	0.5	0.3333333333333333	0.0	0.0015	
Barn Owl	0.0	0.0	0.0	0.0	0.0	0.0	0.0	0.0	0.0	0.0	0.0	0.0	0.0015	0.0	0.0	0.0	0.0	0.0	0.0	0.0	0.0	0.0	0.0	0.0	0.0	0.0	0.0	0.0	0.0	0.0	0.0	0.0	0.0	0.0	0.0	0.0	0.0	0.0	0.0	0.0	0.0	0.0	0.0	0.0	0.0	0.0	0.0	0.0	
Barred Owl	0.0	0.0	0.0	0.0	0.0	0.0	0.0	0.0	0.0	0.0	0.0	0.0	0.0	0.0	0.0	0.0	0.0	0.0	0.0	0.0	0.0	0.0	0.0	0.0	0.0	0.0	0.0	0.0	0.0	0.0	0.0	0.0	0.0	0.0	0.0	0.0	0.0015	0.0	0.0	0.0	0.0	0.0	0.0	0.0	0.0	0.0	0.0	0.0	
Belted Kingfisher	0.0	0.0	0.0	0.07142857142857142	0.0	0.0	0.0	0.0	0.0	0.0	0.0	0.2857142857142857	0.0	0.0	0.0	1.0	0.0	0.0	0.0	0.0	0.5	0.0	0.0	0.0	0.0	0.0	0.3333333333333333	0.4	0.0	0.0	0.0	1.0	0.0015	1.0	0.5	0.0	0.0	0.0	0.5	0.2857142857142857	0.2	0.1111111111111111	0.0	0.14285714285714285	0.0	0.3333333333333333	0.0	0.25	
Red-breasted Sapsucker	0.0	0.0	0.0	0.0	0.0	0.0	0.0	0.0	0.0	0.0	0.0	0.0	0.5	0.0	0.0	0.0	0.0	0.0	0.0	1.0	0.0	0.0	0.0	0.0	0.0	0.3333333333333333	0.0	0.0	0.0	0.0	0.0	0.0	0.0	0.0	0.0	0.0	0.0	0.0	0.0	0.0	0.0	0.0	0.0	0.0	0.0	0.0	0.0	0.0	
Downy Woodpecker	0.0	0.0	0.14285714285714285	0.0	0.0	0.0	0.0	0.0	0.0	0.0	0.0	0.14285714285714285	0.5	0.0	0.0	0.0	0.0	0.0	0.0	0.0	0.0	0.0	0.0	0.0	0.0	0.0	0.0	0.2	0.0	0.0	0.0	1.0	0.0	0.25	0.25	0.0	0.0	0.0	0.0	0.0	0.0	0.0	0.25	0.14285714285714285	0.0	0.0	0.0	0.0	
Hairy Woodpecker	0.0	0.14285714285714285	0.0	0.0	0.0	0.0	0.0	0.0	0.0	0.0	0.0	0.0	0.0	0.0	0.0	0.0	0.0	0.0	0.0	0.0	0.0	0.0	0.0	0.0	0.0	0.0	0.0	0.0	0.0	0.0	0.0	0.0	0.0	0.0	0.0	0.0	0.0	0.0	0.0	0.0	0.0	0.0	0.0	0.0	0.0	0.0015	0.0	0.0	
Pileated Woodpecker	0.0	0.14285714285714285	0.0	0.0	0.0	0.0	0.0	0.0	0.0	0.0	0.0	0.0	0.0	0.0	0.0	0.0	0.0	0.0	0.0	0.0	0.0	0.0	0.0	0.0	0.0	0.0	0.0	0.0	0.0	0.0	0.0	0.0	0.0	0.0	0.0	0.0	0.0	0.0	0.0	0.0	0.0	0.0	0.0	0.0	0.0	0.0	0.0	0.0	
Northern Flicker	0.25	0.2857142857142857	0.0	0.21428571428571427	0.0	0.5	0.0	0.0	0.1111111111111111	0.42857142857142855	0.0	0.14285714285714285	0.5	0.0	0.0	0.0	0.0	0.0	0.0	0.0	0.0	0.0	0.0	0.0	0.0	0.3333333333333333	0.0	0.4	0.0	0.0	0.0	0.0	0.0	0.0	0.25	0.16666666666666666	0.0	0.0	0.25	0.0	0.0	0.2222222222222222	0.25	0.14285714285714285	0.5	0.3333333333333333	0.0	0.0	
American Kestrel	0.0	0.0	0.0	0.0	0.0	0.0	0.0	0.0	0.0	0.0	0.0	0.0	0.0	0.0	0.0	0.0	0.0	0.0	0.0	0.0	0.0	0.0	0.0	0.0	0.0	0.0	0.0	0.0	0.0	0.0	0.0015	0.0	0.0	0.0	0.0	0.0	0.0	0.0	0.0	0.0	0.0	0.0	0.0	0.0	0.0	0.0	0.0	0.0	
Peregrine Falcon	0.0	0.2857142857142857	0.0	0.07142857142857142	0.0	0.0	0.0	0.0	0.0	0.14285714285714285	0.0	0.0	0.0	0.0	0.0	0.0	0.0	0.0	0.0	0.0	0.0	0.0	0.0	0.0	0.0	0.0	0.0	0.0	0.0	0.0	0.0	0.0	0.0	0.0	0.0	0.0	0.0	0.0	0.25	0.0	0.2	0.3333333333333333	0.0	0.0	0.0	0.0	0.0	0.25	
Pacific-slope Flycatcher	0.0	0.0	0.0	0.0	0.0	0.0	0.0	0.0	0.0	0.0	0.0	0.0	0.0	0.0	0.0	0.0	0.0	0.0	0.0	1.0	0.5	0.0	0.0	0.0	0.0	0.0	0.0	0.0	0.0	0.0	0.0	0.0	0.0	0.0	0.0	0.0	0.0	0.0	0.0	0.0	0.0	0.0	0.0	0.0	0.0	0.0	0.0	0.0	
Hutton's Vireo	0.0	0.14285714285714285	0.14285714285714285	0.0	0.0	0.0	0.0	0.0	0.0	0.14285714285714285	0.0	0.0	0.0	0.0	0.0	0.0	0.0	0.0	0.0	0.0	0.0	0.0	0.0	0.0	0.3333333333333333	0.0	0.0	0.0	0.0	0.0	0.0	0.0	0.0	0.0	0.0	0.16666666666666666	0.0	0.0	0.0	0.0	0.0	0.0	0.0	0.14285714285714285	0.0	0.3333333333333333	0.0	0.25	
Cassin's Vireo	0.0	0.0	0.0	0.0	0.0	0.0	0.0	0.0	0.0	0.0	0.0	0.0	0.0	0.0	0.0	0.0	0.0	0.0	0.0	0.0	0.0	0.0	0.0	0.0	0.0	0.0	0.0	0.2	0.0	0.0	0.0	0.0	0.0	0.0	0.0	0.0	0.0	0.0	0.0	0.0	0.0	0.0	0.0	0.0	0.0	0.0	0.0	0.0	
Warbling Vireo	0.0	0.0	0.0	0.0	0.0	0.0	0.0	0.0	0.0	0.0	0.0	0.0	0.0	0.0	0.0	0.0	0.0	0.0	0.0	1.0	0.0	0.0	0.0	0.0	0.0	0.0	0.0	0.2	0.0	0.0	0.0	0.0	0.0	0.0	0.0	0.0	0.0	0.0	0.0	0.0	0.0	0.0	0.0	0.0	0.0	0.0	0.0	0.0	
Steller's Jay	0.0	0.0	0.0	0.07142857142857142	0.0	0.5	0.0	0.2857142857142857	0.0	0.14285714285714285	0.0	0.0	0.5	0.0	0.0	0.0	0.0	0.0	0.0	0.0	0.0	0.0	0.0	0.0	0.6666666666666666	0.3333333333333333	0.0	0.2	0.0	0.0	0.0	0.0	0.0	0.25	0.25	0.16666666666666666	0.0	0.0	0.0	0.2857142857142857	0.0	0.0	0.25	0.0	0.0	0.3333333333333333	0.0	0.0	
American Crow	0.25	0.5714285714285714	0.2857142857142857	0.5	0.0	0.5	0.0	0.5714285714285714	0.3333333333333333	0.5714285714285714	0.42857142857142855	0.42857142857142855	0.5	1.0	0.3333333333333333	0.0	0.5	0.0	0.0	0.0	0.5	0.0	0.0	0.0	0.0	0.3333333333333333	0.3333333333333333	1.0	0.0	0.0	0.0	0.0	0.0015	0.5	0.5	0.6666666666666666	1.0	1.0	0.0	0.42857142857142855	0.6	0.4444444444444444	0.5	0.14285714285714285	0.0	0.6666666666666666	0.0	0.25	
American/Northwestern Crow	0.5	0.0	0.0	0.07142857142857142	0.0	0.5	0.0	0.0	0.3333333333333333	0.0	0.14285714285714285	0.42857142857142855	0.0	0.0	0.0	1.0	0.0	0.0	0.0	1.0	0.0	0.0	0.0	0.0	0.0	0.0	0.0	0.0	0.0	0.0	0.0	0.0	0.0	0.0	0.25	0.16666666666666666	0.0	0.0	0.25	0.14285714285714285	0.0	0.1111111111111111	0.25	0.0	0.0	0.0	0.0	0.0	
Common Raven	0.0	0.0	0.0	0.0	0.0	0.0	0.0	0.0	0.0	0.0	0.0	0.14285714285714285	0.0	0.0	0.0	0.0	0.0	0.0	0.0	0.0	0.0	0.0	1.0	0.0	0.0	0.0	0.0	0.2	0.0	0.0	0.0	0.0	0.0	0.0	0.0	0.0	0.0	0.0	0.0	0.0	0.0	0.0	0.0015	0.0	0.0	0.0	0.0	0.0	
Tree Swallow	0.0	0.0	0.0	0.0	0.0	0.0	0.0	0.0	0.0	0.0	0.0	0.0	0.0	0.0	0.0	1.0	0.0	0.0	0.0	0.0	0.5	0.0	0.0	0.0	0.0	0.0	0.0	0.0	0.0	0.0	0.0	0.0	0.0	0.0	0.0	0.0	0.0	0.0	0.0	0.0	0.0	0.0	0.0	0.0	0.0	0.0	0.0	0.0	
Violet-green Swallow	0.0	0.0	0.0	0.0	0.0	0.0	0.0	0.0	0.0	0.0	0.0	0.0	0.0	0.0	0.0	0.0	0.0	0.0	0.0	0.0	0.5	0.0	1.0	0.0	0.3333333333333333	0.3333333333333333	0.3333333333333333	0.4	0.0	0.0	0.0	0.0	0.0	0.0	0.0	0.0	0.0	0.0	0.0	0.0	0.0	0.0	0.0	0.0	0.0	0.0	0.0	0.0	
Barn Swallow	0.0	0.0	0.0	0.0	0.0	0.0	0.0	0.0	0.0	0.0	0.0	0.0	0.0	0.0	0.0	0.0	0.0	0.0	0.0	0.0	0.0	0.0	0.0	0.0	0.3333333333333333	0.0	0.3333333333333333	0.6	0.0	0.0	0.0	1.0	0.0	0.0	0.25	0.0	0.0	0.0	0.0	0.0	0.0	0.0	0.0	0.0	0.0	0.0	0.0	0.0	
Black-capped Chickadee	0.0	0.14285714285714285	0.0	0.07142857142857142	0.3333333333333333	0.0	0.0	0.0	0.1111111111111111	0.42857142857142855	0.0	0.2857142857142857	0.0	0.0	0.0	1.0	0.0	0.0	0.0	0.0	0.0	0.0	0.0	0.0	0.0	0.3333333333333333	0.3333333333333333	0.6	0.0	0.0	0.0	0.0	0.0	0.25	0.25	0.0	0.0	0.0	0.0	0.0	0.0	0.0	0.25	0.0	0.0	0.0	0.0	0.25	
Chestnut-backed Chickadee	0.25	0.14285714285714285	0.14285714285714285	0.0	0.3333333333333333	0.0	0.5	0.0	0.2222222222222222	0.0	0.2857142857142857	0.2857142857142857	0.0	0.0	0.0	1.0	0.0	0.0	0.0	0.0	0.5	0.0	0.0	0.0	0.6666666666666666	0.3333333333333333	0.3333333333333333	0.4	0.0	0.0	0.0	0.0	0.0	0.5	0.0	0.16666666666666666	0.0	0.0	0.25	0.0	0.0	0.0	0.0	0.0	0.0	0.0	0.0	0.25	
Bushtit	0.0	0.0	0.0	0.0	0.0	0.0	0.0	0.0	0.0	0.0	0.0	0.14285714285714285	0.0	0.0	0.0	0.0	0.0	0.0	0.0	0.0	0.0	0.0	0.0	0.0	0.0	0.0	0.0	0.2	0.0	0.0	0.0	0.0	0.0	0.0	0.0	0.16666666666666666	0.0	0.0	0.0	0.0	0.0	0.0	0.0	0.0	0.0	0.0	0.0	0.0	
Red-breasted Nuthatch	0.0	0.14285714285714285	0.14285714285714285	0.0	0.0	0.0	0.0	0.0	0.1111111111111111	0.0	0.0	0.0	0.5	0.0	0.0	0.0	0.0	0.0	0.0	1.0	0.0	0.0	0.0	0.0	0.3333333333333333	0.3333333333333333	0.3333333333333333	0.2	0.0	0.0	0.0	0.0	0.0	0.25	0.0	0.16666666666666666	0.0	0.0	0.0	0.0	0.0	0.1111111111111111	0.0	0.0	0.0	0.0	0.0	0.25	
Brown Creeper	0.0	0.0	0.0	0.0	0.0	0.0	0.0	0.0	0.1111111111111111	0.2857142857142857	0.0	0.14285714285714285	0.0	0.0	0.0	0.0	0.0	0.0	0.0	0.0	0.0	0.0	0.0	0.0	0.3333333333333333	0.3333333333333333	0.0	0.2	0.0	0.0	0.0	0.0	0.0	0.25	0.0	0.16666666666666666	0.0	0.0	0.0	0.0	0.0	0.0	0.25	0.0	0.0	0.3333333333333333	0.0	0.25	
Pacific Wren	0.25	0.2857142857142857	0.14285714285714285	0.07142857142857142	0.0	0.0	0.0	0.0	0.1111111111111111	0.42857142857142855	0.0	0.0	0.0	0.0	0.0	1.0	0.0	0.0	0.0	0.0	0.0	0.0	0.0	0.0	0.0	0.0	0.0	0.0	0.0	0.0	0.0	0.0	0.0	0.25	0.0	0.0	0.0	0.0	0.0	0.0	0.2	0.1111111111111111	0.25	0.14285714285714285	0.5	0.3333333333333333	0.0	0.0	
Bewick's Wren	0.0	0.14285714285714285	0.0	0.0	0.0	0.0	0.0	0.0	0.0	0.14285714285714285	0.0	0.14285714285714285	0.0	0.0	0.0	1.0	0.0	0.0	0.0	0.0	0.0	0.0	0.0	0.0	0.0	0.0	0.0	0.2	0.0	0.0	0.0	0.0	0.0	0.25	0.0	0.0	0.0	0.0	0.0	0.0	0.0	0.0	0.0	0.0	0.0	0.0	0.0	0.25	
Golden-crowned Kinglet	0.0	0.42857142857142855	0.42857142857142855	0.0	0.3333333333333333	0.0	0.5	0.0	0.0	0.2857142857142857	0.2857142857142857	0.2857142857142857	0.5	0.0	0.0	0.0	0.0	0.0	0.0	1.0	0.0	0.0	0.0	0.0	0.0	0.0	0.0	0.0	0.0	0.0	0.0	0.0	0.0	0.0	0.0	0.3333333333333333	0.0	0.0015	0.25	0.14285714285714285	0.0	0.1111111111111111	0.25	0.14285714285714285	0.0	0.0	0.0	0.25	
Ruby-crowned Kinglet	0.0	0.0	0.0	0.14285714285714285	0.3333333333333333	0.0	0.0	0.0	0.1111111111111111	0.2857142857142857	0.0	0.2857142857142857	0.0	0.0	0.0	0.0	0.0	0.0	0.0	0.0	0.0	0.0	0.0	0.0	0.0	0.0	0.0	0.0	0.0	0.0	0.0	0.0	0.0	0.0	0.0	0.0	0.0	0.0	0.0	0.0	0.2	0.2222222222222222	0.25	0.2857142857142857	0.0	0.0015	0.0	0.25	
Varied Thrush	0.0	0.42857142857142855	0.0	0.07142857142857142	0.0	0.0	0.0	0.0	0.0	0.42857142857142855	0.0	0.14285714285714285	0.0	0.0	0.0	0.0	0.0	0.0	0.0	0.0	0.0	0.0	0.0	0.0	0.0	0.0	0.0	0.0	0.0	0.0	0.0	0.0	0.0	0.0	0.0	0.0	0.0	0.0	0.0	0.0	0.0	0.0	0.0	0.0	0.0	0.0	0.0	0.0	
Swainson's Thrush	0.0	0.0	0.0	0.0	0.0	0.0	0.0	0.0	0.0	0.0	0.0	0.0	0.0	0.0	0.0	0.0	0.0	0.0	0.0	1.0	0.0	0.0	0.0	0.0	0.6666666666666666	0.3333333333333333	0.3333333333333333	0.2	0.0	0.0	0.0	0.0	0.0	0.0	0.0	0.0	0.0	0.0	0.0	0.0	0.0	0.0	0.0	0.0	0.0	0.0	0.0	0.0	
American Robin	0.5	0.42857142857142855	0.0	0.2857142857142857	0.0	0.5	0.5	0.5714285714285714	0.4444444444444444	0.42857142857142855	0.5714285714285714	0.5714285714285714	1.0	0.0	0.3333333333333333	1.0	0.5	0.0	0.0	1.0	0.5	1.0	0.0	0.0	1.0	1.0	0.6666666666666666	0.6	0.0	0.0	0.0	0.0	0.0015	0.0	0.0	0.16666666666666666	0.0	0.5	0.0	0.0	0.0	0.1111111111111111	0.25	0.0	0.0	0.0	0.0	0.0	
European Starling	0.25	0.2857142857142857	0.0	0.07142857142857142	0.0	0.5	0.0	0.14285714285714285	0.1111111111111111	0.42857142857142855	0.42857142857142855	0.14285714285714285	0.5	0.0	0.0	1.0	0.5	0.0	0.0	0.0	0.0	0.0	0.0	0.0	0.0	0.0	0.3333333333333333	0.2	0.0	0.0	0.0	0.0	0.0015	0.25	0.25	0.0	0.0	0.0	0.0	0.14285714285714285	0.2	0.1111111111111111	0.0	0.0	0.0	0.0	0.0	0.0	
Cedar Waxwing	0.0	0.0	0.0	0.0	0.0	0.0	0.0	0.0	0.0	0.0	0.0	0.0	0.0	0.0	0.0	0.0	0.0	0.0	0.0	1.0	0.0	0.0	0.0	0.0	0.0	0.3333333333333333	0.0	0.2	0.0	0.0	0.0	0.0	0.0	0.0	0.0	0.0	0.0	0.0	0.0	0.2857142857142857	0.0	0.0	0.0	0.0	0.0	0.0	0.0	0.0	
House Finch	0.0	0.0	0.0	0.0	0.0	0.0	0.0	0.0	0.0	0.14285714285714285	0.14285714285714285	0.0	0.0	0.0	0.0	1.0	0.0	0.0	0.0	0.0	0.0	0.0	0.0	0.0	0.0	0.0	0.3333333333333333	0.0	0.0	0.0	0.0	0.0	0.0	0.0	0.0	0.0	0.0	0.0	0.0	0.14285714285714285	0.0	0.0	0.0	0.0	0.5	0.0	0.0	0.0	
Purple Finch	0.0	0.0	0.0	0.0	0.0	0.0	0.0	0.0	0.0	0.0	0.0	0.14285714285714285	0.0	0.0	0.0	0.0	0.0	0.0	0.0	0.0	0.0	0.0	0.0	0.0	0.0	0.0	0.0	0.0	0.0	0.0	0.0	0.0	0.0	0.0	0.0	0.0	0.0	0.0	0.0	0.0	0.0	0.0	0.0	0.0	0.0	0.0	0.0	0.0	
Pine Siskin	0.25	0.0	0.14285714285714285	0.0	0.0	0.0	0.5	0.0	0.0	0.0	0.0	0.14285714285714285	0.5	0.0	0.0	0.0	0.0	0.0	0.0	0.0	0.0	0.0	0.0	0.0	0.0	0.0	0.0	0.0	0.0	0.0	0.0	0.0	0.0	0.0	0.0	0.0	0.0	0.0	0.0	0.2857142857142857	0.0	0.3333333333333333	0.0	0.0	0.0	0.3333333333333333	0.0	0.25	
American Goldfinch	0.0	0.0	0.0	0.0	0.0	0.0	0.0	0.0	0.0	0.0	0.0	0.0	0.0	0.0	0.3333333333333333	1.0	0.0	0.0	0.0	1.0	0.0	1.0	0.0	0.0	0.0	0.3333333333333333	0.3333333333333333	0.2	0.0	0.0	0.0015	1.0	0.0	0.25	0.25	0.0	0.0	0.0	0.0	0.0	0.2	0.0	0.0	0.0	0.0	0.0	0.0	0.0	
Chipping Sparrow	0.0	0.0	0.0	0.0	0.0	0.0	0.0	0.0	0.0	0.0	0.0	0.0	0.0	0.0	0.0	0.0	0.0	0.0	0.0	1.0	0.0	0.0	0.0	0.0	0.0	0.0	0.0	0.0	0.0	0.0	0.0	0.0	0.0	0.0	0.0	0.0	0.0	0.0	0.0	0.0	0.0	0.0	0.0	0.0	0.0	0.0	0.0	0.0	
Fox Sparrow	0.0	0.14285714285714285	0.0	0.0	0.3333333333333333	0.0	0.0	0.0	0.0	0.14285714285714285	0.0	0.0	0.0	0.0	0.0	0.0	0.0	0.0	0.0	0.0	0.0	0.0	0.0	0.0	0.0	0.0	0.0	0.0	0.0	0.0	0.0	0.0	0.0	0.0	0.0	0.0	0.0	0.0	0.0	0.0	0.0	0.0	0.0	0.0	0.0	0.0	0.0	0.0	
Dark-eyed Junco	0.25	0.2857142857142857	0.14285714285714285	0.0	0.3333333333333333	0.5	0.0	0.0	0.2222222222222222	0.42857142857142855	0.2857142857142857	0.2857142857142857	0.0	0.0	0.0	1.0	0.5	0.0	0.0	1.0	1.0	0.0	0.0	0.0	0.3333333333333333	0.6666666666666666	0.3333333333333333	0.4	0.0	0.0	0.0	0.0	0.0	0.0	0.0	0.5	0.0	0.0	0.0	0.14285714285714285	0.2	0.2222222222222222	0.75	0.14285714285714285	0.0	0.3333333333333333	0.0	0.25	
White-crowned Sparrow	0.25	0.0	0.0	0.0	0.0	0.0	0.0	0.0	0.1111111111111111	0.14285714285714285	0.0	0.0	0.5	0.0	0.3333333333333333	1.0	0.0	0.0	0.0	1.0	1.0	0.0	0.0	0.0	0.3333333333333333	0.6666666666666666	0.6666666666666666	0.2	0.0	0.0	0.0	0.0	0.0	0.0	0.0	0.0	1.0	0.0	0.0	0.0	0.2	0.0	0.0	0.14285714285714285	0.0	0.0	0.0	0.25	
Golden-crowned Sparrow	0.0	0.0	0.0	0.0	0.0	0.0	0.0	0.0	0.0	0.14285714285714285	0.14285714285714285	0.0	0.0	0.0	0.0	0.0	0.0	0.0	0.0	0.0	0.0	0.0	0.0	0.0	0.0	0.0	0.0	0.0	0.0	0.0	0.0	0.0	0.0	0.0	0.0	0.0	0.0	0.0	0.0	0.0	0.0	0.0	0.0	0.0	0.0	0.0	0.0	0.0	
Savannah Sparrow	0.0	0.0	0.0	0.0	0.0	0.0	0.0	0.0	0.0	0.0	0.0	0.0	0.0	0.0	0.0	1.0	0.0	0.0	0.0	0.0	0.0	0.0	0.0	0.0	0.0	0.0	0.0	0.0	0.0	0.0	0.0	0.0	0.0	0.0	0.0	0.0	0.0	0.0	0.0	0.0	0.0	0.0	0.0	0.0	0.0	0.0	0.0	0.0	
Song Sparrow	0.0	0.2857142857142857	0.14285714285714285	0.21428571428571427	0.0	0.5	0.0	0.2857142857142857	0.0	0.2857142857142857	0.5714285714285714	0.2857142857142857	0.5	0.0	0.0	1.0	0.0	0.0	0.0	1.0	0.0	0.0	0.0	0.0	0.3333333333333333	0.3333333333333333	0.3333333333333333	0.6	0.0	0.0	0.0	0.0	0.0	0.25	0.0	0.3333333333333333	1.0	0.5	0.25	0.42857142857142855	0.4	0.3333333333333333	0.75	0.2857142857142857	0.5	1.0	0.0	0.25	
Spotted Towhee	0.0	0.2857142857142857	0.0	0.07142857142857142	0.0	0.0	0.0	0.0	0.1111111111111111	0.42857142857142855	0.0	0.2857142857142857	0.5	0.0	0.3333333333333333	1.0	0.0	0.0	0.0	1.0	0.0	0.0	0.0	0.0	0.0	0.3333333333333333	0.6666666666666666	0.4	0.0	0.0	0.0	0.0	0.0	0.25	0.25	0.0	0.0	0.0	0.0	0.14285714285714285	0.2	0.1111111111111111	0.5	0.0	0.0	0.3333333333333333	0.0	0.25	
Brown-headed Cowbird	0.0	0.0	0.0	0.0	0.0	0.0	0.0	0.0	0.0	0.0	0.0	0.0	0.0	0.0	0.0	1.0	0.0	0.0	0.0	1.0	0.0	0.0	0.0	0.0	0.0	0.0	0.0	0.0	0.0	0.0	0.0	0.0	0.0	0.0	0.0	0.0	0.0	0.0	0.0	0.0	0.0	0.0	0.0	0.0	0.0	0.0	0.0	0.0	
Brewer's Blackbird	0.0	0.0	0.0	0.0	0.0	0.0	0.0	0.0	0.0	0.0	0.0	0.0	0.0	0.0	0.0	0.0	0.0	0.0	0.0	1.0	0.0	0.0	0.0	0.0	0.0	0.0	0.0	0.0	0.0	0.0	0.0	0.0	0.0	0.0	0.0	0.0	0.0	0.0	0.0	0.0	0.0	0.0	0.0	0.0	0.0	0.0	0.0	0.0	
Orange-crowned Warbler	0.0	0.0	0.0	0.0	0.0	0.0	0.0	0.0	0.1111111111111111	0.0	0.0	0.0	0.0	0.0	0.0	1.0	0.0	0.0	0.0	0.0	0.0	0.0	0.0	0.0	0.0	0.0	0.0	0.2	0.0	0.0	0.0	0.0	0.0	0.0	0.0	0.0	0.0	0.0	0.0	0.0	0.0	0.0	0.0	0.0	0.0	0.0	0.0	0.0	
Yellow Warbler	0.0	0.0	0.0	0.0	0.0	0.0	0.0	0.0	0.0	0.0	0.0	0.0	0.0	0.0	0.0	0.0	0.0	0.0	0.0	1.0	0.0	0.0	0.0	0.0	0.0	0.0	0.0	0.0	0.0	0.0	0.0	0.0	0.0	0.0	0.0	0.0	0.0	0.0	0.0	0.0	0.0	0.0	0.0	0.0	0.0	0.0	0.0	0.0	
Yellow-rumped Warbler	0.0	0.0	0.0	0.0	0.0	0.0	0.0	0.0	0.0	0.14285714285714285	0.14285714285714285	0.0	0.0	0.0	0.0	1.0	0.0	0.0	0.0	0.0	0.0	0.0	0.0	0.0	0.0	0.0	0.0	0.0	0.0	0.0	0.0	0.0	0.0	0.0	0.0	0.0	0.0	0.0	0.0	0.0	0.0	0.0	0.0015	0.14285714285714285	0.0	0.0	0.0	0.0	
Black-throated Gray Warbler	0.0	0.0	0.0	0.0	0.0	0.0	0.0	0.0	0.0	0.0	0.0	0.0	0.0	0.0	0.0	1.0	0.0	0.0	0.0	0.0	0.0	0.0	0.0	0.0	0.3333333333333333	0.0	0.0	0.2	0.0	0.0	0.0	0.0	0.0	0.25	0.0	0.0	0.0	0.0	0.0	0.0	0.0	0.0	0.0	0.0	0.0	0.0	0.0	0.0	
Townsend's Warbler	0.0	0.0	0.0	0.0	0.0	0.0	0.0	0.0	0.0	0.0	0.0	0.14285714285714285	0.0	0.0	0.0	0.0	0.0	0.0	0.0	0.0	0.0	0.0	0.0	0.0	0.3333333333333333	0.0	0.0	0.0	0.0	0.0	0.0	0.0	0.0	0.0	0.0	0.0	0.0	0.0	0.0	0.0	0.0	0.0	0.0	0.0	0.0	0.3333333333333333	0.0	0.0	
Hermit Warbler	0.0	0.0	0.0	0.0	0.0	0.0	0.0	0.0	0.0	0.0	0.0	0.0	0.0	0.0	0.0	0.0	0.0	0.0	0.0	1.0	0.0	0.0	0.0	0.0	0.0	0.0	0.0	0.0	0.0	0.0	0.0	0.0	0.0	0.0	0.0	0.0	0.0	0.0	0.0	0.0	0.0	0.0	0.0	0.0	0.0	0.0	0.0	0.0	
Wilson's Warbler	0.0	0.0	0.0	0.0	0.0	0.0	0.0	0.0	0.0	0.0	0.0	0.0	0.0	0.0	0.0	0.0	0.0	0.0	0.0	0.0	0.5	0.0	0.0	0.0	0.0	0.0	0.0	0.2	0.0	0.0	0.0	0.0	0.0	0.25	0.0	0.0	0.0	0.0	0.0	0.0	0.0	0.0	0.0	0.0	0.0	0.0	0.0	0.0	
Black-headed Grosbeak	0.0	0.0	0.0	0.0	0.0	0.0	0.0	0.0	0.0	0.0	0.0	0.0	0.0	0.0	0.0	0.0	0.0	0.0	0.0	1.0	0.0	0.0	0.0	0.0	0.0	0.0	0.0	0.2	0.0	0.0	0.0	0.0	0.0	0.0	0.0	0.0	0.0	0.0	0.0	0.0	0.0	0.0	0.0	0.0	0.0	0.0	0.0	0.0	

