









Frequency of observations in the selected location(s).:
Number of taxa: 	119

	Jan				Feb				Mar				Apr				May				Jun				Jul				Aug				Sep				Oct				Nov				Dec				
Sample Size:	3.0	4.0	1.0	8.0	2.0	3.0	2.0	1.0	6.0	2.0	1.0	12.0	4.0	1.0	5.0	3.0	4.0	3.0	2.0	5.0	0.0	2.0	4.0	1.0	0.0	0.0	1.0	6.0	5.0	0.0	1.0	0.0	2.0	5.0	2.0	1.0	4.0	10.0	10.0	8.0	2.0	7.0	3.0	4.0	2.0	2.0	1.0	7.0	

Snow Goose	0.0	0.0	0.0	0.0	0.0	0.0	0.0	0.0	0.0	0.0	0.0	0.0	0.0	0.0	0.0	0.0	0.0	0.0	0.0	0.0	0.0	0.0	0.0	0.0	0.0	0.0	0.0	0.0	0.0	0.0	0.0	0.0	0.0	0.0	0.0	0.0	0.0	0.1	0.0	0.0	0.0	0.0	0.0	0.0	0.0	0.0	0.0	0.0	
Greater White-fronted Goose	0.0	0.0	0.0	0.0	0.0	0.0	0.0	0.0	0.0	0.0	0.0	0.0	0.0	0.0	0.0	0.0	0.0	0.0	0.0	0.0	0.0	0.0	0.0	0.0	0.0	0.0	0.0	0.0	0.0	0.0	0.0	0.0	0.0	0.0	0.0	0.0	0.0	0.1	0.1	0.0	0.0	0.0	0.0	0.0	0.0	0.0	0.0	0.14285714285714285	
Cackling Goose	0.0	0.0	0.0	0.0	0.0	0.0	0.0	0.0	0.0	0.0	0.0	0.08333333333333333	0.0	0.0	0.0	0.0	0.0	0.0	0.0	0.0	0.0	0.0	0.0	0.0	0.0	0.0	0.0	0.0	0.0	0.0	0.0	0.0	0.0	0.0	0.0	0.0	0.0	0.1	0.1	0.125	0.5	0.0	0.0	0.25	0.0	0.0	0.0	0.14285714285714285	
Canada Goose	0.0	0.25	0.0	0.0	0.0	0.3333333333333333	1.0	0.0	0.3333333333333333	0.0	0.0	0.5833333333333334	0.25	0.0	0.0	0.3333333333333333	0.0	0.6666666666666666	0.5	0.2	0.0	0.5	0.5	0.0	0.0	0.0	1.0	0.0	0.0	0.0	0.0	0.0	0.5	0.0	0.0	0.0	0.0	0.3	0.2	0.25	1.0	0.5714285714285714	0.0	0.25	0.0	0.0	0.0	0.2857142857142857	
Wood Duck	0.0	0.0	0.0	0.0	0.0	0.0	0.5	0.0	0.0	0.0	0.0	0.08333333333333333	0.0015	0.0	0.2	0.0015	0.0	0.0	0.0	0.2	0.0	0.5	0.0	0.0	0.0	0.0	0.0	0.0	0.0	0.0	0.0	0.0	0.0	0.2	0.0	0.0	0.0	0.0	0.0	0.0	0.0	0.0	0.0	0.0	0.0	0.0	0.0	0.0	
Gadwall	0.0	0.0	0.0	0.0	0.0	0.0	0.0	0.0	0.0	0.0	0.0	0.0	0.0	0.0	0.0	0.0	0.0	0.0	0.0	0.0	0.0	0.0	0.0	0.0	0.0	0.0	0.0	0.0	0.0	0.0	0.0	0.0	0.0	0.0	0.0	0.0	0.0	0.1	0.0	0.0	0.0	0.0	0.0	0.0	0.0	0.0	0.0	0.0	
American Wigeon	0.0	0.75	1.0	0.25	0.0	0.3333333333333333	0.5	0.0	0.16666666666666666	0.0	0.0	0.0	0.0	0.0	0.0	0.0	0.0	0.0	0.0	0.0	0.0	0.0	0.0	0.0	0.0	0.0	0.0	0.0	0.0	0.0	0.0	0.0	0.0	0.0	0.0	0.0	0.0	0.0	0.1	0.0	0.0	0.0	0.0	0.0015	0.0	0.0	0.0	0.2857142857142857	
Mallard	0.3333333333333333	0.25	0.0	0.375	0.0	0.6666666666666666	0.5	0.0	0.5	1.0	0.0	0.75	0.5	0.0	0.6	0.3333333333333333	0.5	0.3333333333333333	0.0	0.2	0.0	0.0	0.25	0.0	0.0	0.0	0.0	0.3333333333333333	0.4	0.0	0.0	0.0	0.5	0.4	0.0	1.0	0.25	0.1	0.2	0.25	0.5	0.14285714285714285	0.3333333333333333	0.5	0.5	0.0	0.0	0.42857142857142855	
Green-winged Teal	0.0	0.0	0.0	0.0	0.0	0.3333333333333333	0.0	0.0	0.0	0.0	0.0	0.0	0.0	0.0	0.0	0.0015	0.0	0.0	0.0	0.0	0.0	0.0	0.0	0.0	0.0	0.0	0.0	0.0	0.0	0.0	0.0	0.0	0.0	0.0	0.0	0.0	0.0	0.0	0.0	0.0	0.0	0.0	0.0	0.0	0.0	0.0	0.0	0.0	
Ring-necked Duck	0.6666666666666666	0.5	0.0	0.25	1.0	0.6666666666666666	0.5	0.0	0.16666666666666666	0.0	0.0	0.16666666666666666	0.75	0.0	0.6	0.0015	0.0	0.0	0.0	0.0	0.0	0.0	0.0	0.0	0.0	0.0	0.0	0.0	0.0	0.0	0.0	0.0	0.0	0.0	0.0015	0.0	0.75	0.3	0.5	0.375	1.0	0.8571428571428571	0.6666666666666666	1.0	0.5	0.5	0.0	0.14285714285714285	
Greater Scaup	0.3333333333333333	0.0	0.0	0.125	0.0	0.3333333333333333	0.0	0.0015	0.16666666666666666	0.0	0.0	0.08333333333333333	0.25	0.0	0.0	0.0	0.0	0.0	0.0	0.0	0.0	0.0	0.0	0.0	0.0	0.0	0.0	0.0	0.0	0.0	0.0	0.0	0.0	0.0	0.0	0.0	0.0	0.0	0.0	0.0	0.0	0.0	0.0	0.0015	0.0	0.0	0.0	0.0	
Lesser Scaup	0.0	0.25	0.0	0.125	0.5	0.3333333333333333	1.0	0.0	0.16666666666666666	1.0	0.0	0.5833333333333334	0.25	0.0	0.0	0.0	0.0	0.0	0.0	0.0	0.0	0.0	0.0	0.0	0.0	0.0	0.0	0.0	0.0	0.0	0.0	0.0	0.0	0.0	0.0	0.0	0.0	0.0	0.1	0.0	0.0	0.2857142857142857	0.3333333333333333	0.25	0.0	1.0	0.0	0.0	
Greater/Lesser Scaup	0.0	0.25	0.0	0.0	0.0	0.0	0.0	0.0	0.0	0.0	0.0	0.0	0.0	1.0	0.0	0.0	0.0	0.0	0.0	0.0	0.0	0.0	0.0	0.0	0.0	0.0	0.0	0.0	0.0	0.0	0.0	0.0	0.0	0.0	0.0	0.0	0.0	0.0	0.0	0.0	0.0	0.0	0.0	0.0	0.0	0.0	0.0	0.0	
Bufflehead	0.6666666666666666	1.0	1.0	1.0	1.0	0.6666666666666666	1.0	0.0015	0.6666666666666666	1.0	1.0	0.9166666666666666	1.0	1.0	0.8	0.6666666666666666	0.25	0.0	0.0	0.0	0.0	0.0	0.0	1.0	0.0	0.0	0.0	0.0	0.0	0.0	0.0	0.0	0.0	0.0	0.0	0.0	0.0	0.0	0.6	0.75	1.0	0.8571428571428571	1.0	1.0	1.0	0.5	0.0	1.0	
Common Goldeneye	0.3333333333333333	0.75	0.0	0.25	0.0	0.3333333333333333	0.0	0.0	0.0	0.0	0.0	0.08333333333333333	0.0	0.0	0.0	0.0	0.0	0.0	0.0	0.0	0.0	0.0	0.0	0.0	0.0	0.0	0.0	0.0	0.0	0.0	0.0	0.0	0.0	0.0	0.0	0.0	0.0	0.0	0.0	0.0	0.0	0.0	0.0	0.25	0.0	0.5	0.0	0.0	
Hooded Merganser	0.0	0.25	0.0	0.125	0.0	0.0	0.0	0.0	0.0	0.0	0.0	0.25	0.25	0.0	0.2	0.0	0.0	0.0	0.0	0.0	0.0	0.0	0.0	0.0	0.0	0.0	0.0	0.0	0.0	0.0	0.0	0.0	0.0	0.0	0.0	0.0	0.0	0.0	0.0	0.0	0.5	0.0	0.3333333333333333	0.25	0.0	0.5	0.0	0.14285714285714285	
Ruddy Duck	0.0	0.0	0.0	0.125	0.0	0.0	0.0	0.0	0.0	0.0	0.0	0.08333333333333333	0.0	0.0	0.0	0.3333333333333333	0.0	0.0	0.0	0.0	0.0	0.0	0.0	0.0	0.0	0.0	0.0	0.0	0.0	0.0	0.0	0.0	0.0	0.0	0.0	0.0	0.0	0.0	0.0	0.0	0.0	0.14285714285714285	0.3333333333333333	0.0	0.0	0.0	0.0	0.0	
Ring-necked Pheasant	0.0	0.0	0.0	0.0	0.0	0.0	0.0	0.0	0.16666666666666666	0.0	0.0	0.0	0.0	0.0	0.0	0.0	0.0	0.0	0.0	0.0	0.0	0.0	0.0	0.0	0.0	0.0	0.0	0.0	0.0	0.0	0.0	0.0	0.0	0.0	0.0	0.0	0.0	0.0	0.0	0.0	0.0	0.0	0.0	0.0015	0.0	0.0	0.0	0.0	
Ruffed Grouse	0.0	0.25	0.0	0.0	0.0	0.0	0.0	0.0	0.0	0.0	0.0	0.0	0.0	0.0	0.0	0.0	0.0	0.0	0.0	0.0015	0.0	0.0	0.0	0.0	0.0	0.0	0.0	0.0	0.0	0.0	0.0	0.0	0.0	0.0	0.0	0.0	0.0	0.0	0.0	0.0	0.0	0.0	0.0	0.0	0.0	0.0	0.0	0.0	
Pied-billed Grebe	0.6666666666666666	0.5	0.0	0.375	0.0	0.3333333333333333	0.5	0.0	0.6666666666666666	0.0	0.0	0.3333333333333333	0.0	0.0	0.0	0.6666666666666666	0.0	0.3333333333333333	0.0	0.0	0.0	0.0	0.0	1.0	0.0	0.0	0.0	0.5	0.4	0.0	0.0	0.0	0.5	0.4	0.0	0.0	0.75	0.3	0.4	0.5	0.5	0.5714285714285714	0.3333333333333333	0.5	1.0	0.5	0.0	0.0	
Horned Grebe	0.0	0.0	0.0	0.0	0.0	0.0	0.0	0.0	0.0	0.0	0.0	0.0	0.0	0.0	0.0	0.0	0.0	0.0	0.0	0.0	0.0	0.0	0.0	0.0	0.0	0.0	0.0	0.0	0.0	0.0	0.0	0.0	0.0	0.0	0.0	0.0	0.0	0.0	0.1	0.0	0.0	0.0	0.0	0.0	0.0	0.0	0.0	0.0	
Rock Pigeon	0.0	0.0	0.0	0.0	0.0	0.3333333333333333	0.0	0.0	0.0	0.0	0.0	0.08333333333333333	0.0	0.0	0.2	0.0	0.0	0.0	0.0	0.0	0.0	0.0	0.0	0.0	0.0	0.0	0.0	0.0	0.0	0.0	0.0	0.0	0.0	0.0	0.0	0.0	0.0	0.0	0.0	0.0	0.0	0.0	0.0	0.0	0.0	0.0	0.0	0.0	
Band-tailed Pigeon	0.0	0.0	0.0	0.0	0.0	0.0	0.0	0.0	0.0	0.0	0.0	0.0	0.0	0.0	0.2	0.0	0.0	0.6666666666666666	0.5	0.0	0.0	0.0	0.0	1.0	0.0	0.0	0.0	0.16666666666666666	0.0	0.0	0.0	0.0	0.0	0.0	0.0	0.0	0.0	0.0	0.0	0.0	0.0	0.0	0.0	0.0	0.0	0.0	0.0	0.0	
Eurasian Collared-Dove	0.0	0.0	0.0	0.0	0.0	0.0	0.5	0.0	0.0	0.0	0.0	0.0	0.0	0.0	0.2	0.0	0.0	0.0	0.0	0.0	0.0	0.0	0.25	0.0	0.0	0.0	0.0	0.0	0.0	0.0	0.0	0.0	0.0	0.0	0.0	0.0	0.0	0.1	0.0	0.0	0.0	0.0	0.0	0.0	0.0	0.0	0.0	0.0	
Mourning Dove	0.0	0.0	0.0	0.0	0.0	0.0	0.0	0.0	0.0	0.0	0.0	0.08333333333333333	0.25	0.0	0.0	0.0	0.0	0.0	0.5	0.0	0.0	0.0	0.25	0.0	0.0	0.0	0.0	0.16666666666666666	0.2	0.0	0.0	0.0	0.5	0.0	0.5	0.0	0.25	0.0	0.0	0.0	0.0	0.0	0.0	0.0	0.0	0.0	0.0	0.0	
Vaux's Swift	0.0	0.0	0.0	0.0	0.0	0.0	0.0	0.0	0.0	0.0	0.0	0.0	0.0	0.0	0.0	0.0	0.0	0.3333333333333333	0.0	0.0	0.0	0.0	0.0	0.0	0.0	0.0	0.0	0.0	0.0	0.0	0.0	0.0	0.0	0.0	0.0	0.0	0.0	0.0	0.0	0.0	0.0	0.0	0.0	0.0	0.0	0.0	0.0	0.0	
Anna's Hummingbird	0.0	0.0	0.0	0.125	0.0	0.3333333333333333	0.0	0.0	0.3333333333333333	0.0	0.0	0.4166666666666667	0.0	1.0	0.2	0.0	0.0	0.6666666666666666	0.0	0.0	0.0	0.5	0.0	1.0	0.0	0.0	0.0	0.0	0.2	0.0	0.0	0.0	0.5	0.4	0.0	0.0	0.0	0.1	0.2	0.25	0.5	0.0	0.0	0.5	0.0	0.0	0.0	0.14285714285714285	
Rufous Hummingbird	0.0	0.0	0.0	0.0	0.0	0.0	0.0	0.0	0.0	0.0	0.0	0.4166666666666667	0.25	0.0	0.2	0.3333333333333333	0.0	0.6666666666666666	0.5	0.0	0.0	0.5	0.25	1.0	0.0	0.0	0.0	0.0	0.0	0.0	0.0	0.0	0.0	0.0	0.0	0.0	0.0	0.0	0.0	0.0	0.0	0.0	0.0	0.0	0.0	0.0	0.0	0.0	
hummingbird sp.	0.0	0.0	0.0	0.0	0.0	0.0	0.0	0.0	0.0	0.0	0.0	0.0	0.0	0.0	0.0	0.0	0.0	0.0	0.0	0.2	0.0	0.0	0.0	0.0	0.0	0.0	1.0	0.0	0.0	0.0	0.0	0.0	0.0	0.2	0.0	0.0	0.0	0.0	0.0	0.0	0.0	0.0	0.0	0.0	0.0	0.0	0.0	0.0	
Virginia Rail	0.3333333333333333	0.0	0.0	0.0	0.0	0.0	0.0	0.0	0.0	0.0	0.0	0.0	0.0	0.0	0.0	0.0	0.0	0.0	0.0	0.0	0.0	0.0	0.0	0.0	0.0	0.0	0.0	0.0	0.0	0.0	0.0	0.0	0.5	0.2	0.0	0.0	0.0	0.0	0.1	0.0	0.0	0.0	0.0	0.0	0.0	0.0	0.0	0.0	
American Coot	0.6666666666666666	0.25	0.0	0.0	0.5	0.0	0.5	0.0	0.16666666666666666	0.5	0.0	0.08333333333333333	0.25	0.0	0.0	0.0	0.0	0.0	0.0	0.0	0.0	0.0	0.0	0.0	0.0	0.0	0.0	0.0	0.0	0.0	0.0	0.0	0.0	0.0	0.0	0.0	0.0	0.1	0.1	0.125	1.0	0.42857142857142855	0.0	0.25	0.5	0.0	0.0	0.2857142857142857	
Killdeer	0.0	0.0	0.0	0.0	0.0	0.0	0.0	0.0	0.0	0.0	0.0	0.0	0.0	0.0	0.0	0.0	0.0	0.0	0.0	0.0	0.0	0.0	0.0	0.0	0.0	0.0	0.0	0.0	0.0	0.0	0.0	0.0	0.0	0.0	0.0	0.0	0.0	0.0	0.0	0.0	0.0	0.0	0.0	0.0	0.5	0.0	0.0	0.0	
Marbled Murrelet	0.0	0.0	0.0	0.0	0.0	0.0	0.0	0.0	0.0	0.0	0.0	0.0	0.0	0.0	0.0	0.0	0.0	0.0	0.0	0.0	0.0	0.0	0.0	0.0	0.0	0.0	0.0	0.0	0.0	0.0	0.0	0.0	0.0	0.0	0.0	0.0	0.0	0.0	0.0	0.0	0.0	0.0	0.0	0.0	0.0	0.0	0.0	0.14285714285714285	
Bonaparte's Gull	0.0	0.0	0.0	0.0	0.0	0.0	0.0	0.0	0.0	0.0	0.0	0.0	0.0	0.0	0.0	0.0	0.0	0.0	0.0	0.0	0.0	0.0	0.0	0.0	0.0	0.0	0.0	0.0	0.0	0.0	0.0	0.0	0.0	0.0	0.0	0.0	0.0	0.0	0.1	0.0	0.0	0.0	0.0	0.0	0.0	0.0	0.0	0.0	
Glaucous-winged Gull	0.0	0.0	0.0	0.0	0.0	0.0	0.0	0.0	0.0	0.0	0.0	0.0	0.0	0.0	0.0	0.0	0.0	0.0	0.0	0.0	0.0	0.0	0.0	1.0	0.0	0.0	0.0	0.0	0.0	0.0	0.0	0.0	0.0	0.0	0.0	0.0	0.0	0.0	0.0	0.125	0.0	0.14285714285714285	0.0	0.0015	0.0	0.0	0.0	0.14285714285714285	
gull sp.	0.0	0.0	0.0	0.0	0.0	0.0	0.0	0.0	0.0	0.0	0.0	0.0	0.0	0.0	0.2	0.0	0.0	0.0	0.0	0.0	0.0	0.0	0.0	0.0	0.0	0.0	0.0	0.0	0.0	0.0	0.0	0.0	0.0	0.0	0.0	0.0	0.0	0.0	0.0	0.0	0.0	0.0	0.0	0.0	0.0	0.0	0.0	0.14285714285714285	
Caspian Tern	0.0	0.0	0.0	0.0	0.0	0.0	0.0	0.0	0.0	0.0	0.0	0.0	0.0	0.0	0.0	0.0	0.0	0.0	0.0	0.0	0.0	0.0	0.0	0.0	0.0	0.0	0.0	0.16666666666666666	0.0	0.0	0.0	0.0	0.0	0.0	0.0	0.0	0.0	0.0	0.0	0.0	0.0	0.0	0.0	0.0	0.0	0.0	0.0	0.0	
Double-crested Cormorant	0.3333333333333333	0.0	1.0	0.625	0.0	0.6666666666666666	0.0	1.0	0.3333333333333333	1.0	0.0	0.5	0.0	0.0	0.0	0.0	0.0	0.3333333333333333	0.0	0.0	0.0	0.0	0.0	0.0	0.0	0.0	0.0	0.0	0.0	0.0	0.0	0.0	0.0	0.0	0.0	0.0	0.0	0.1	0.0	0.0	0.5	0.5714285714285714	0.0	0.75	1.0	0.5	0.0	0.2857142857142857	
Great Blue Heron	0.0	0.5	0.0	0.25	0.0	0.3333333333333333	0.0	0.0	0.0	0.0	0.0	0.08333333333333333	0.0	0.0	0.0	0.3333333333333333	0.0	0.3333333333333333	0.0	0.0	0.0	0.0	0.0	0.0	0.0	0.0	0.0	0.16666666666666666	0.0	0.0	0.0	0.0	0.5	0.2	0.0	0.0	0.25	0.0	0.1	0.0	0.0	0.0	0.0	0.25	0.5	0.0	0.0	0.14285714285714285	
Turkey Vulture	0.0	0.0	0.0	0.0	0.0	0.0	0.0	0.0	0.0	0.0	0.0	0.0	0.25	0.0	0.2	0.0	0.0	0.3333333333333333	0.0	0.2	0.0	0.0	0.0	0.0	0.0	0.0	0.0	0.0	0.0	0.0	0.0	0.0	0.0	0.0	0.0	0.0	0.25	0.0	0.0	0.0	0.0	0.0	0.0	0.0	0.0	0.0	0.0	0.0	
Osprey	0.0	0.0	0.0	0.0	0.0	0.0	0.0	0.0	0.0	0.0	0.0	0.0	0.0	0.0	0.2	0.3333333333333333	0.0	0.3333333333333333	0.0	0.0	0.0	0.5	0.25	1.0	0.0	0.0	0.0	0.0	0.4	0.0	1.0	0.0	0.5	0.6	0.0	0.0	0.0	0.0	0.0	0.0	0.0	0.0	0.0	0.0	0.0	0.0	0.0	0.0	
Sharp-shinned Hawk	0.0	0.0	0.0	0.0	0.0	0.0	0.0	0.0	0.0	1.0	0.0	0.0	0.25	0.0	0.0	0.0	0.0	0.0	0.0	0.0	0.0	0.0	0.0	0.0	0.0	0.0	0.0	0.0	0.0	0.0	0.0	0.0	0.0015	0.2	0.0	0.0	0.0	0.0	0.0	0.0	0.0	0.0	0.0	0.0	0.5	0.0	0.0	0.0	
Cooper's Hawk	0.3333333333333333	0.0	0.0	0.0	0.0	0.0	0.0	0.0	0.0	0.0	0.0	0.0	0.0	0.0	0.0	0.0	0.0	0.3333333333333333	0.0	0.0	0.0	0.0	0.0	0.0	0.0	0.0	0.0	0.0	0.0	0.0	0.0	0.0	0.0	0.0	0.0	0.0	0.0	0.0	0.0	0.0	0.0	0.0	0.0	0.25	0.0	0.0	0.0	0.0	
Bald Eagle	0.0	0.0	0.0	0.25	0.5	0.3333333333333333	0.5	1.0	0.16666666666666666	0.0	1.0	0.4166666666666667	0.5	0.0	0.6	0.0	0.0	0.0	0.0	0.0	0.0	0.0	0.5	0.0	0.0	0.0	1.0	0.16666666666666666	0.2	0.0	0.0	0.0	0.0	0.0	0.0	0.0	0.0	0.3	0.1	0.125	0.5	0.42857142857142855	0.0	0.0015	0.0	0.0	0.0	0.14285714285714285	
Red-tailed Hawk	0.0	0.5	0.0	0.125	0.0	0.0	0.0	0.0	0.6666666666666666	0.0	0.0	0.4166666666666667	0.25	0.0	0.0	0.3333333333333333	0.0	0.6666666666666666	0.0	0.2	0.0	0.0	0.0	0.0	0.0	0.0	1.0	0.3333333333333333	0.0	0.0	1.0	0.0	0.0015	0.0	0.0	0.0	0.25	0.0	0.0	0.0	0.0	0.2857142857142857	0.3333333333333333	0.0	0.5	0.0	0.0	0.0	
Great Horned Owl	0.0	0.0	0.0	0.0	0.0015	0.0	0.0	0.0	0.0	0.0	0.0	0.0	0.0	0.0	0.0	0.0	0.0	0.0	0.0	0.0015	0.0	0.0	0.0	0.0	0.0	0.0	0.0	0.0	0.0	0.0	0.0	0.0	0.0	0.0	0.0	0.0	0.0	0.0	0.0	0.0	0.0	0.0	0.0	0.0	0.0	0.0	0.0	0.0	
Barred Owl	0.0	0.0	0.0	0.0	0.0	0.0	0.0	0.0	0.0	0.0	0.0	0.0	0.0	0.0	0.2	0.0	0.0	0.3333333333333333	0.0	0.0	0.0	0.0	0.0	0.0	0.0	0.0	0.0	0.0	0.0	0.0	1.0	0.0	0.0	0.0	0.0015	0.0	0.0	0.1	0.0	0.0	0.0	0.0	0.0	0.0	0.0	0.0	0.0	0.0	
Belted Kingfisher	0.0	0.0	0.0	0.125	0.0	0.3333333333333333	0.0	0.0	0.3333333333333333	0.0	0.0	0.0	0.25	0.0	0.0	0.0	0.0	0.0	0.0	0.0	0.0	0.0	0.0	0.0	0.0	0.0	0.0	0.3333333333333333	0.4	0.0	0.0	0.0	0.0	0.2	0.0	1.0	0.25	0.5	0.1	0.25	0.0	0.14285714285714285	0.0	0.25	0.0	0.5	0.0	0.14285714285714285	
Red-naped Sapsucker	0.0	0.0	0.0	0.0	0.0	0.0	0.0	0.0	0.0	0.0	0.0	0.0	0.0	0.0	0.0	0.0	0.0	0.0	0.0	0.0	0.0	0.0	0.0	0.0	0.0	0.0	0.0	0.0	0.0	0.0	0.0	0.0	0.0	0.0	0.0	0.0	0.25	0.0	0.0	0.0	0.0	0.0	0.0	0.0	0.0	0.0	0.0	0.0	
Red-breasted Sapsucker	0.3333333333333333	0.0	0.0	0.0	0.0	0.0	0.0	0.0	0.16666666666666666	0.0	0.0	0.0	0.5	0.0	0.2	0.0	0.0	0.0	0.5	0.0	0.0	0.5	0.25	0.0	0.0	0.0	0.0	0.0	0.0	0.0	1.0	0.0	0.0	0.2	0.0	0.0	0.0	0.1	0.0	0.0	0.0	0.0	0.0	0.0	0.0	0.0	0.0	0.0	
Downy Woodpecker	0.0	0.25	0.0	0.0	0.5	0.0	0.0	0.0	0.0	0.0	0.0	0.16666666666666666	0.25	0.0	0.2	0.0	0.0	0.0	0.0	0.0	0.0	0.0	0.0	0.0	0.0	0.0	0.0	0.0	0.2	0.0	0.0	0.0	0.0	0.0	0.0	0.0	0.0	0.1	0.2	0.125	0.5	0.0	0.0	0.0	0.0	0.0	0.0	0.0	
Hairy Woodpecker	0.0	0.25	0.0	0.125	0.0	0.0	0.0	0.0	0.0	0.0	0.0	0.16666666666666666	0.0	0.0	0.0	0.0	0.0	0.0	0.5	0.2	0.0	0.0	0.0	0.0	0.0	0.0	0.0	0.0	0.0	0.0	0.0	0.0	0.5	0.2	0.0	0.0	0.0	0.0	0.0	0.0	0.0	0.0	0.0	0.25	0.0	0.0	1.0	0.0	
Pileated Woodpecker	0.0	0.5	0.0	0.0	0.0	0.0	0.0	0.0	0.16666666666666666	0.0	0.0	0.08333333333333333	0.75	0.0	0.2	0.0	0.25	0.3333333333333333	0.0	0.0	0.0	0.0	0.25	0.0	0.0	0.0	0.0	0.16666666666666666	0.2	0.0	0.0	0.0	0.5	0.2	0.0015	0.0	0.5	0.0	0.1	0.125	0.5	0.42857142857142855	0.3333333333333333	0.0	0.0	0.0	0.0	0.14285714285714285	
Northern Flicker	0.3333333333333333	0.75	0.0	0.375	0.5	0.6666666666666666	0.0	0.0	0.16666666666666666	0.0	1.0	0.25	0.5	0.0	0.2	0.0	0.0	0.3333333333333333	1.0	0.2	0.0	0.0	0.25	0.0015	0.0	0.0	0.0	0.6666666666666666	0.4	0.0	0.0	0.0	0.5	0.8	0.5	0.0	1.0	0.5	0.4	0.875	1.0	0.2857142857142857	0.3333333333333333	0.25	0.5	0.0	0.0	0.14285714285714285	
Merlin	0.0	0.0	0.0	0.0	0.0	0.0	0.0	0.0	0.0	0.0	0.0	0.0	0.0	0.0	0.0	0.0	0.0	0.0	0.0	0.0	0.0	0.0	0.0	0.0	0.0	0.0	0.0	0.0	0.0	0.0	0.0	0.0	0.0	0.0	0.0	0.0	0.0	0.0	0.0	0.0	0.5	0.0	0.0	0.0	0.0	0.0	0.0	0.0	
Peregrine Falcon	0.0	0.0	0.0	0.0	0.0	0.0	0.0	0.0	0.0	0.0	0.0	0.0	0.0	0.0	0.0	0.0	0.0	0.3333333333333333	0.0	0.0	0.0	0.0	0.0	0.0	0.0	0.0	0.0	0.0	0.0	0.0	0.0	0.0	0.0	0.0	0.0	0.0	0.0	0.0	0.0	0.0	0.0	0.0	0.0	0.0	0.0	0.0	0.0	0.0	
Olive-sided Flycatcher	0.0	0.0	0.0	0.0	0.0	0.0	0.0	0.0	0.0	0.0	0.0	0.0	0.0	0.0	0.0	0.0	0.0	0.0	0.0	0.2	0.0	0.0	0.5	0.0	0.0	0.0	0.0	0.0	0.0	0.0	0.0	0.0	0.0	0.0	0.0	0.0	0.0	0.0	0.0	0.0	0.0	0.0	0.0	0.0	0.0	0.0	0.0	0.0	
Western Wood-Pewee	0.0	0.0	0.0	0.0	0.0	0.0	0.0	0.0	0.0	0.0	0.0	0.0	0.0	0.0	0.0	0.0	0.0	0.0	0.0	0.4	0.0	0.5	0.75	0.0	0.0	0.0	0.0	0.5	0.6	0.0	0.0	0.0	0.0	0.0	0.0	0.0	0.0	0.0	0.0	0.0	0.0	0.0	0.0	0.0	0.0	0.0	0.0	0.0	
Willow Flycatcher	0.0	0.0	0.0	0.0	0.0	0.0	0.0	0.0	0.0	0.0	0.0	0.0	0.0	0.0	0.0	0.0	0.0	0.0	0.0	0.0	0.0	0.0	0.0	1.0	0.0	0.0	0.0	0.0	0.0	0.0	0.0	0.0	0.0	0.0	0.0	0.0	0.0	0.0	0.0	0.0	0.0	0.0	0.0	0.0	0.0	0.0	0.0	0.0	
Pacific-slope Flycatcher	0.0	0.0	0.0	0.0	0.0	0.0	0.0	0.0	0.0	0.0	0.0	0.0	0.0	0.0	0.2	0.0015	0.75	1.0	0.5	0.6	0.0	0.5	0.25	1.0	0.0	0.0	1.0	0.5	0.2	0.0	0.0	0.0	0.0	0.0	0.0	0.0	0.0	0.0	0.0	0.0	0.0	0.0	0.0	0.0	0.0	0.0	0.0	0.0	
Hutton's Vireo	0.0	0.25	0.0	0.125	0.0	0.3333333333333333	0.0	0.0	0.3333333333333333	0.0	0.0	0.25	0.25	0.0	0.2	0.0	0.0	0.6666666666666666	0.0	0.0	0.0	0.0	0.0	1.0	0.0	0.0	0.0	0.16666666666666666	0.0	0.0	0.0	0.0	0.0	0.0	0.0	0.0	0.0	0.1	0.3	0.125	0.5	0.0	0.0	0.0	0.0	0.0	0.0	0.0	
Warbling Vireo	0.0	0.0	0.0	0.0	0.0	0.0	0.0	0.0	0.0	0.0	0.0	0.0	0.0	0.0	0.0	0.0	0.0	0.0	0.0	0.0	0.0	0.0	0.0	1.0	0.0	0.0	0.0	0.0	0.0	0.0	1.0	0.0	0.5	0.0	0.0	0.0	0.0	0.0	0.0	0.0	0.0	0.0	0.0	0.0	0.0	0.0	0.0	0.0	
Steller's Jay	0.0	0.25	0.0	0.125	0.5	0.0	0.5	0.0	0.3333333333333333	0.0	1.0	0.25	0.25	0.0	1.0	0.6666666666666666	0.0	0.6666666666666666	0.0	0.2	0.0	0.5	0.0	0.0	0.0	0.0	0.0	0.3333333333333333	0.2	0.0	1.0	0.0	0.5	0.6	0.0	0.0	0.5	0.5	0.3	0.875	0.5	0.14285714285714285	0.6666666666666666	0.5	0.5	0.0	0.0	0.14285714285714285	
American Crow	0.0	0.25	0.0	0.25	0.0	0.0	0.0	0.0	0.5	0.0	0.0	0.3333333333333333	0.5	0.0	0.4	0.3333333333333333	0.0	0.0	0.0	0.2	0.0	0.0	0.0	0.0	0.0	0.0	0.0	0.16666666666666666	0.0	0.0	0.0	0.0	0.0	0.2	0.5	0.0	0.0	0.1	0.3	0.5	0.5	0.14285714285714285	0.0	0.0015	0.0	0.0	0.0	0.42857142857142855	
American/Northwestern Crow	0.0	0.0	0.0	0.0	0.0	0.0	0.5	0.0	0.0	0.0	0.0	0.08333333333333333	0.0	0.0	0.0	0.0	0.0	0.0	0.5	0.0	0.0	0.0	0.0	1.0	0.0	0.0	0.0	0.0	0.0	0.0	0.0	0.0	0.0	0.0	0.0	0.0	0.0	0.0	0.0	0.0	0.0	0.0	0.0	0.0	0.0	0.5	0.0	0.0	
Common Raven	0.3333333333333333	0.25	0.0	0.25	0.0	0.0	0.5	1.0	0.5	0.0	0.0	0.5	0.25	0.0	0.2	0.3333333333333333	0.25	1.0	0.5	0.8	0.0	0.0	0.25	1.0	0.0	0.0	1.0	0.3333333333333333	0.0	0.0	0.0	0.0	0.5	0.4	0.5	0.0	0.5	0.4	0.1	0.625	0.0	0.0	0.3333333333333333	0.5	0.5	1.0	0.0	0.14285714285714285	
Northern Rough-winged Swallow	0.0	0.0	0.0	0.0	0.0	0.0	0.0	0.0	0.0	0.0	0.0	0.0	0.0015	0.0	0.2	0.0015	0.0	0.0	0.0	0.0	0.0	0.0	0.0	0.0	0.0	0.0	0.0	0.16666666666666666	0.0	0.0	0.0	0.0	0.0	0.0	0.0	0.0	0.0	0.0	0.0	0.0	0.0	0.0	0.0	0.0	0.0	0.0	0.0	0.0	
Purple Martin	0.0	0.0	0.0	0.0	0.0	0.0	0.0	0.0	0.0	0.0	0.0	0.0	0.0	0.0	0.0	0.0	0.0	0.0	0.0	0.0	0.0	0.0	0.0	1.0	0.0	0.0	0.0	0.16666666666666666	0.0	0.0	0.0	0.0	0.0	0.0	0.0	0.0	0.0	0.0	0.0	0.0	0.0	0.0	0.0	0.0	0.0	0.0	0.0	0.0	
Tree Swallow	0.0	0.0	0.0	0.0	0.0	0.0	0.0	0.0	0.0	0.0	0.0	0.16666666666666666	0.0	0.0	0.2	0.3333333333333333	0.0	0.0	0.0	0.0	0.0	0.0	0.0	1.0	0.0	0.0	0.0	0.3333333333333333	0.0	0.0	0.0	0.0	0.0	0.0	0.0	0.0	0.0	0.0	0.0	0.0	0.0	0.0	0.0	0.0	0.0	0.0	0.0	0.0	
Violet-green Swallow	0.0	0.0	0.0	0.0	0.0	0.0	0.0	0.0	0.0	0.0	0.0	0.08333333333333333	0.25	0.0	0.4	0.3333333333333333	0.25	1.0	1.0	0.2	0.0	0.0	0.25	1.0	0.0	0.0	1.0	0.0	0.0	0.0	0.0	0.0	0.0	0.2	0.0	0.0	0.0	0.0	0.0	0.0	0.0	0.0	0.0	0.0	0.0	0.0	0.0	0.0	
Barn Swallow	0.0	0.0	0.0	0.0	0.0	0.0	0.0	0.0	0.0	0.0	0.0	0.0	0.0	0.0	0.0	0.3333333333333333	0.25	0.6666666666666666	0.5	0.2	0.0	0.5	1.0	1.0	0.0015	0.0	1.0	1.0	1.0	0.0	1.0	0.0	0.5	0.0	0.0	0.0	0.0	0.0	0.0	0.0	0.0	0.0	0.0	0.0	0.0	0.0	0.0	0.0	
Cliff Swallow	0.0	0.0	0.0	0.0	0.0	0.0	0.0	0.0	0.0	0.0	0.0	0.0	0.0	0.0	0.0	0.0015	0.0	0.0	0.0	0.0	0.0	0.0	0.0	1.0	0.0	0.0	0.0	0.16666666666666666	0.0	0.0	0.0	0.0	0.5	0.0	0.0	0.0	0.0	0.0	0.0	0.0	0.0	0.0	0.0	0.0	0.0	0.0	0.0	0.0	
swallow sp.	0.0	0.0	0.0	0.0	0.0	0.0	0.0	0.0	0.0	0.0	0.0	0.0	0.0	0.0	0.0	0.0	0.25	0.0	0.0	0.0	0.0	0.0	0.0	0.0	0.0	0.0	0.0	0.0	0.0	0.0	0.0	0.0	0.0	0.0	0.0	0.0	0.0	0.0	0.0	0.0	0.0	0.0	0.0	0.0	0.0	0.0	0.0	0.0	
Black-capped Chickadee	0.6666666666666666	0.5	0.0	0.25	0.5	0.0	0.0	0.0	0.6666666666666666	0.0	1.0	0.5	0.75	0.0	0.2	0.3333333333333333	0.25	0.0	0.0	0.2	0.0	0.0	0.25	1.0	0.0	0.0	1.0	0.5	0.6	0.0	0.0	0.0	1.0	1.0	0.5	0.0	0.75	0.3	0.7	0.5	1.0	0.5714285714285714	0.0	0.5	0.0	0.0	0.0	0.0	
Chestnut-backed Chickadee	0.3333333333333333	0.0	0.0	0.25	0.0	0.3333333333333333	0.0	0.0	0.6666666666666666	0.0	0.0	0.5	0.25	0.0	0.2	0.3333333333333333	0.5	1.0	0.0	0.2	0.0	0.5	0.25	1.0	0.0	0.0	0.0	0.5	0.4	0.0	0.0	0.0	0.5	0.6	0.5	0.0	0.25	0.3	0.4	0.5	1.0	0.42857142857142855	0.0	0.25	0.0	0.0	0.0	0.0	
chickadee sp.	0.0	0.0	0.0	0.0	0.0	0.0	0.0	0.0	0.0	0.0	0.0	0.0	0.0	0.0	0.0	0.0	0.0	0.0	0.0	0.0	0.0	0.0	0.0	0.0	0.0	0.0	1.0	0.0	0.0	0.0	1.0	0.0	0.0	0.0	0.5	0.0	0.0	0.0	0.0	0.0	0.0	0.0	0.0	0.0	0.0	0.0	0.0	0.0	
Bushtit	0.0	0.25	0.0	0.0	0.0	0.0	0.0	0.0	0.16666666666666666	0.0	1.0	0.25	0.5	0.0	0.0	0.0	0.0	0.3333333333333333	0.5	0.0	0.0	0.0	0.0	0.0	0.0	0.0	0.0	0.16666666666666666	0.0	0.0	0.0	0.0	0.5	0.0	0.0	0.0	0.0	0.1	0.2	0.125	0.0	0.0	0.0	0.0	0.0	0.0	0.0	0.0	
Red-breasted Nuthatch	0.0	0.5	0.0	0.25	0.0	0.0	0.0	0.0	0.5	0.0	0.0	0.08333333333333333	0.25	0.0	0.4	0.3333333333333333	0.25	0.6666666666666666	0.0	0.4	0.0	0.0	0.5	1.0	0.0	0.0	0.0	0.5	0.8	0.0	0.0	0.0	0.5	0.8	0.0	0.0	0.25	0.2	0.5	0.375	0.5	0.42857142857142855	0.0	0.25	0.0	0.5	0.0	0.14285714285714285	
Brown Creeper	0.3333333333333333	0.25	0.0	0.125	0.0	0.0	0.5	0.0	0.5	0.0	0.0	0.08333333333333333	0.25	0.0	0.2	0.0	0.0	0.6666666666666666	0.0	0.4	0.0	0.5	0.0	0.0	0.0	0.0	0.0	0.16666666666666666	0.0	0.0	1.0	0.0	0.5	0.6	0.0	0.0	0.0	0.1	0.4	0.25	0.5	0.42857142857142855	0.0	0.25	0.0	0.0	0.0	0.0	
Pacific Wren	0.3333333333333333	0.0	1.0	0.0	0.0	0.6666666666666666	0.0	0.0	0.3333333333333333	0.0	1.0	0.3333333333333333	0.25	0.0	0.4	0.3333333333333333	0.25	0.3333333333333333	0.5	0.0	0.0	0.0	0.0	0.0	0.0	0.0	0.0	0.3333333333333333	0.2	0.0	1.0	0.0	0.5	0.2	0.0	0.0	0.25	0.3	0.6	0.5	1.0	0.42857142857142855	0.0	0.25	0.0	0.0	0.0	0.2857142857142857	
Marsh Wren	0.0	0.25	0.0	0.0	0.0	0.0	0.5	0.0	0.16666666666666666	0.0	0.0	0.08333333333333333	0.25	0.0	0.2	0.0015	0.0	0.0	0.0	0.0	0.0	0.0	0.25	0.0	0.0	0.0	1.0	0.0	0.0	0.0	0.0	0.0	0.5	0.0	0.0	0.0	0.0	0.0	0.0	0.25	0.0	0.0	0.0	0.25	0.0	0.0	0.0	0.0	
Bewick's Wren	0.0	0.0	0.0	0.25	0.0	0.3333333333333333	0.0	0.0	0.16666666666666666	0.5	1.0	0.4166666666666667	0.25	0.0	0.4	0.3333333333333333	0.25	0.0	0.0	0.0	0.0	0.5	0.0	1.0	0.0	0.0	0.0	0.3333333333333333	0.4	0.0	0.0	0.0	0.5	0.4	0.0	0.0	0.25	0.1	0.1	0.25	1.0	0.14285714285714285	0.0	0.25	0.0	0.0	0.0	0.0	
Golden-crowned Kinglet	0.6666666666666666	0.75	0.0	0.25	0.0	0.3333333333333333	0.0	0.0	0.6666666666666666	0.0	1.0	0.16666666666666666	0.25	0.0	0.2	0.0	0.25	0.6666666666666666	0.0	0.2	0.0	0.0	0.0	0.0	0.0	0.0	0.0	0.3333333333333333	0.0	0.0	0.0	0.0	0.5	0.4	0.0	0.0	0.5	0.3	0.6	0.625	0.0	0.42857142857142855	0.3333333333333333	0.0	0.0	0.0	0.0	0.14285714285714285	
Ruby-crowned Kinglet	0.3333333333333333	0.75	0.0	0.375	0.0	0.3333333333333333	0.0	0.0	0.5	0.0	1.0	0.3333333333333333	0.5	0.0	0.0	0.0	0.0	0.0	0.0	0.0	0.0	0.0	0.0	0.0	0.0	0.0	0.0	0.0	0.0	0.0	0.0	0.0	0.0	0.0	0.0	0.0	0.25	0.4	0.7	0.625	0.5	0.2857142857142857	0.3333333333333333	0.25	0.5	0.5	0.0	0.2857142857142857	
Varied Thrush	0.0	0.75	0.0	0.0	0.0	0.0	0.0	0.0	0.0	0.0	0.0	0.16666666666666666	0.25	0.0	0.2	0.0	0.0	0.0	0.0	0.0	0.0	0.0	0.0	0.0	0.0	0.0	0.0	0.0	0.0	0.0	0.0	0.0	0.0	0.0	0.0	0.0	0.0	0.0	0.2	0.125	0.5	0.0015	0.0	0.0	0.0	0.0	0.0	0.42857142857142855	
Swainson's Thrush	0.0	0.0	0.0	0.0	0.0	0.0	0.0	0.0	0.0	0.0	0.0	0.0	0.0	0.0	0.0	0.0	0.0	0.3333333333333333	0.5	0.6	0.0	0.5	0.5	1.0	0.0	0.0	0.0	0.5	0.0	0.0	1.0	0.0	0.0	0.0	0.0	0.0	0.25	0.0	0.0	0.0	0.0	0.0	0.0	0.0	0.0	0.0	0.0	0.0	
Hermit Thrush	0.0	0.0	0.0	0.0	0.0	0.0	0.0	0.0	0.0	0.0	0.0	0.0	0.0	0.0	0.0	0.0	0.0	0.0	0.0	0.0	0.0	0.0	0.0	0.0	0.0	0.0	0.0	0.0	0.0	0.0	0.0	0.0	0.0	0.0	0.0	0.0	0.0	0.1	0.0	0.0	0.0	0.0	0.0	0.0	0.0	0.0	0.0	0.0	
American Robin	0.3333333333333333	1.0	0.0	0.75	0.5	1.0	0.5	1.0	0.8333333333333334	1.0	1.0	0.75	1.0	1.0	1.0	1.0	1.0	1.0	1.0	0.8	0.0	0.5	0.75	1.0	0.0	0.0	0.0	0.6666666666666666	0.8	0.0	0.0	0.0	0.5	0.6	1.0	0.0	0.5	0.5	0.6	0.75	0.5	0.5714285714285714	0.6666666666666666	0.5	0.5	0.0	0.0	0.2857142857142857	
European Starling	0.0	0.25	0.0	0.5	0.0	0.3333333333333333	0.0	0.0	0.16666666666666666	0.0	0.0	0.25	0.5	0.0	0.4	0.3333333333333333	0.5	0.6666666666666666	0.5	0.4	0.0	0.0	0.25	1.0	0.0	0.0	0.0	0.0	0.2	0.0	0.0	0.0	0.5	0.0	0.5	0.0	0.25	0.0	0.1	0.125	0.5	0.14285714285714285	0.3333333333333333	0.0015	0.0	0.5	0.0	0.14285714285714285	
Cedar Waxwing	0.0	0.0	0.0	0.0	0.0	0.0	0.0	0.0	0.0	0.0	0.0	0.0	0.0	0.0	0.0	0.0	0.0	0.0	0.0	0.6	0.0	0.5	0.5	1.0	0.0	0.0	0.0	0.3333333333333333	0.2	0.0	1.0	0.0	0.0	0.2	0.0	0.0	0.0	0.0	0.0	0.0015	0.0	0.0	0.0	0.0	0.0	0.0	0.0	0.0	
Evening Grosbeak	0.0	0.0	0.0	0.0	0.0	0.0	0.0	0.0	0.0	0.0	0.0	0.0	0.0	0.0	0.0	0.0	0.0	0.3333333333333333	0.0	0.2	0.0	0.0	0.0	0.0	0.0	0.0	0.0	0.0	0.0	0.0	0.0	0.0	0.0	0.0	0.0	0.0	0.0	0.0	0.0	0.0	0.0	0.0	0.0	0.0	0.0	0.0	0.0	0.0	
House Finch	0.0	0.25	0.0	0.0	0.0	0.0	0.0	0.0	0.3333333333333333	0.0	0.0	0.0	0.0	0.0	0.0	0.0	0.0	0.0	0.5	0.0	0.0	0.0	0.0	0.0	0.0	0.0	0.0	0.16666666666666666	0.0	0.0	0.0	0.0	0.5	0.0	0.5	0.0	0.0	0.0	0.0	0.125	0.0	0.0	0.0	0.0	0.0	0.5	0.0	0.0	
Purple Finch	0.0	0.0	0.0	0.0	0.0	0.0	0.0	0.0	0.16666666666666666	0.0	0.0	0.16666666666666666	0.25	0.0	0.2	1.0	0.5	0.6666666666666666	0.0	0.0	0.0	0.0	0.25	1.0	0.0	0.0	0.0	0.16666666666666666	0.2	0.0	0.0	0.0	0.5	0.0	0.0	0.0	0.0	0.0	0.0	0.0	0.0	0.0	0.0	0.0	0.0	0.0	0.0	0.0	
Red Crossbill	0.0	0.25	0.0	0.125	0.0	0.0	0.0	0.0	0.0	0.0	0.0	0.0	0.0015	0.0	0.2	0.0	0.0	0.0	0.0	0.0	0.0	0.5	0.0	0.0	0.0	0.0	0.0	0.16666666666666666	0.2	0.0	0.0	0.0	0.5	0.2	0.0	0.0	0.0015	0.0	0.0	0.125	0.0	0.14285714285714285	0.0	0.0	0.0	0.0	0.0	0.0	
Pine Siskin	0.3333333333333333	0.5	0.0	0.375	0.0	0.6666666666666666	0.0	0.0	0.3333333333333333	0.5	1.0	0.16666666666666666	0.5	0.0	0.4	0.0	0.0	0.3333333333333333	0.0	0.6	0.0	0.0	0.0	0.0	0.0	0.0	0.0	0.0	0.0	0.0	0.0	0.0	0.5	0.0	0.0	0.0	0.0	0.0	0.0	0.25	0.5	0.14285714285714285	0.3333333333333333	0.25	0.5	0.0	0.0	0.14285714285714285	
American Goldfinch	0.0	0.0	0.0	0.0	0.0	0.0	0.0	0.0	0.16666666666666666	0.0	0.0	0.0	0.25	0.0	0.0	0.3333333333333333	0.5	0.6666666666666666	0.0	0.8	0.0	0.0	0.0	1.0	0.0	0.0	0.0	0.3333333333333333	0.6	0.0	0.0	0.0	0.5	0.0	0.0	1.0	0.0	0.0	0.1	0.0	0.0	0.0	0.0	0.25	0.0	0.0	0.0	0.0	
Fox Sparrow	0.3333333333333333	0.75	1.0	0.125	0.0	0.0	0.0	0.0	0.0	0.0	0.0	0.0	0.25	0.0	0.0	0.0	0.25	0.0	0.0	0.0	0.0	0.0	0.0	0.0	0.0	0.0	0.0	0.0	0.0	0.0	0.0	0.0	0.0	0.0	0.0	0.0	0.25	0.1	0.2	0.25	0.5	0.2857142857142857	0.3333333333333333	0.25	0.5	0.5	0.0	0.0	
Dark-eyed Junco	0.0	1.0	0.0	0.375	0.5	0.3333333333333333	0.5	1.0	0.6666666666666666	0.0	0.0	0.5	0.25	0.0	0.4	0.3333333333333333	0.25	0.3333333333333333	0.5	0.2	0.0	0.0	0.5	1.0	0.0	0.0	0.0	0.6666666666666666	0.2	0.0	0.0	0.0	0.5	0.4	0.5	0.0	0.5	0.3	0.5	0.5	0.5	0.14285714285714285	0.0	0.25	0.5	0.5	0.0	0.2857142857142857	
White-crowned Sparrow	0.0	0.0	0.0	0.0	0.0	0.0	0.0	0.0	0.0	0.0	0.0	0.16666666666666666	0.5	0.0	0.6	0.6666666666666666	0.75	0.0	0.0	0.2	0.0	1.0	0.5	1.0	0.0	0.0	0.0	0.3333333333333333	0.0	0.0	0.0	0.0	0.0	0.0	0.5	0.0	0.0	0.0	0.0	0.0	0.0	0.0	0.0	0.0	0.0	0.0	0.0	0.0	
Golden-crowned Sparrow	0.0	0.0	0.0	0.0	0.0	0.0	0.0	0.0	0.0	0.0	0.0	0.0	0.25	0.0	0.2	0.0015	0.25	0.0	0.0	0.0	0.0	0.0	0.0	0.0	0.0	0.0	0.0	0.0	0.0	0.0	0.0	0.0	0.0	0.0	0.0	0.0	0.0	0.0	0.0	0.25	0.0	0.0	0.0	0.0	0.0	0.0	0.0	0.0	
White-throated Sparrow	0.0	0.0	0.0	0.0	0.0	0.0	0.0	0.0	0.0	0.0	0.0	0.0	0.0	0.0	0.0	0.0	0.25	0.0	0.0	0.0	0.0	0.0	0.0	0.0	0.0	0.0	0.0	0.0	0.0	0.0	0.0	0.0	0.0	0.0	0.0	0.0	0.0	0.0	0.0	0.0	0.0	0.0	0.0	0.0	0.0	0.0	0.0	0.0	
Savannah Sparrow	0.0	0.0	0.0	0.0	0.0	0.0	0.0	0.0	0.0	0.0	0.0	0.0	0.0	0.0	0.0	0.0015	0.0	0.0	0.0	0.2	0.0	0.0	0.0	0.0	0.0	0.0	0.0	0.0	0.0	0.0	0.0	0.0	0.0	0.0	0.0	0.0	0.0	0.0	0.0	0.0	0.0	0.0	0.0	0.0	0.0	0.0	0.0	0.0	
Song Sparrow	0.3333333333333333	0.75	1.0	0.5	1.0	0.3333333333333333	0.5	1.0	0.8333333333333334	0.0	1.0	0.6666666666666666	0.5	0.0	1.0	0.6666666666666666	0.75	1.0	1.0	0.4	0.0	1.0	0.5	1.0	0.0	0.0	0.0	0.5	0.8	0.0	1.0	0.0	0.5	0.8	0.5	1.0	0.5	0.5	0.5	0.75	1.0	0.5714285714285714	0.3333333333333333	0.5	0.5	0.5	0.0	0.14285714285714285	
Lincoln's Sparrow	0.0	0.0	0.0	0.0	0.0	0.0	0.0	0.0	0.0	0.0	0.0	0.0	0.0	0.0	0.0	0.0015	0.0	0.0	0.0	0.0	0.0	0.0	0.0	0.0	0.0	0.0	0.0	0.0	0.0	0.0	0.0	0.0	0.0	0.0	0.0	0.0	0.0	0.0	0.0	0.0	0.0	0.0	0.0	0.0	0.0	0.0	0.0	0.0	
Spotted Towhee	0.3333333333333333	1.0	1.0	0.375	0.5	0.0	0.5	1.0	0.5	1.0	1.0	0.5833333333333334	0.5	0.0	0.6	0.6666666666666666	1.0	1.0	0.5	0.6	0.0	0.5	0.25	1.0	0.0	0.0	1.0	0.5	0.2	0.0	1.0	0.0	0.5	0.6	0.0	0.0	0.5	0.4	0.5	0.5	0.5	0.5714285714285714	0.6666666666666666	0.5	0.5	0.0	0.0	0.14285714285714285	
Red-winged Blackbird	0.0	0.75	0.0	0.5	0.5	0.0	0.5	0.0	0.8333333333333334	1.0	1.0	0.6666666666666666	1.0	1.0	0.8	1.0	0.75	0.6666666666666666	1.0	0.6	0.0	0.5	0.75	1.0	0.0	0.0	0.0	0.16666666666666666	0.0	0.0	0.0	0.0	0.0	0.0	0.0	0.0	0.0	0.0	0.2	0.25	0.5	0.14285714285714285	0.3333333333333333	0.0	0.0	0.0	0.0	0.5714285714285714	
Brown-headed Cowbird	0.0	0.0	0.0	0.0	0.0	0.0	0.0	0.0	0.0	0.0	0.0	0.0	0.0	0.0	0.0	0.0	0.25	0.3333333333333333	0.0	0.4	0.0	0.0	0.25	1.0	0.0	0.0	0.0	0.3333333333333333	0.2	0.0	0.0	0.0	0.0	0.0	0.0	0.0	0.0	0.0	0.0	0.0	0.0	0.0	0.0	0.0	0.0	0.0	0.0	0.0	
Brewer's Blackbird	0.0	0.0	0.0	0.0	0.0	0.0	0.0	0.0	0.16666666666666666	0.0	0.0	0.0	0.0	0.0	0.0	0.0	0.0	0.0	0.0	0.0	0.0	0.0	0.0	0.0	0.0	0.0	0.0	0.0	0.0	0.0	0.0	0.0	0.0	0.0	0.0	0.0	0.0	0.0	0.0	0.0	0.0	0.0	0.0	0.0	0.0	0.0	0.0	0.0	
Orange-crowned Warbler	0.0	0.0	0.0	0.0	0.0	0.0	0.0	0.0	0.0	0.0	0.0	0.0	0.0	0.0	0.4	0.0	0.5	0.6666666666666666	0.0	0.0	0.0	0.0	0.0	1.0	0.0	0.0	1.0	0.0	0.0	0.0	0.0	0.0	0.0	0.2	0.0	0.0	0.0	0.0	0.0	0.125	0.0	0.0	0.0	0.0	0.0	0.0	0.0	0.0	
Common Yellowthroat	0.0	0.0	0.0	0.0	0.0	0.0	0.0	0.0	0.0	0.0	0.0	0.0	0.0	0.0	0.2	0.0015	0.0	0.3333333333333333	0.5	0.2	0.0	0.0	0.5	1.0	0.0	0.0	0.0	0.0	0.0	0.0	0.0	0.0	0.5	0.0	0.0	0.0	0.0	0.0	0.0	0.0	0.0	0.0	0.0	0.0	0.0	0.0	0.0	0.0	
Yellow Warbler	0.0	0.0	0.0	0.0	0.0	0.0	0.0	0.0	0.0	0.0	0.0	0.0	0.0	0.0	0.0	0.0	0.0	0.0	0.0	0.0	0.0	0.0	0.0	0.0	0.0	0.0	0.0	0.0	0.0	0.0	0.0	0.0	0.5	0.0	0.0	0.0	0.0	0.0	0.0	0.0	0.0	0.0	0.0	0.0	0.0	0.0	0.0	0.0	
Yellow-rumped Warbler	0.0	0.0	0.0	0.0	0.0	0.0	0.0	0.0	0.0	0.0	0.0	0.6666666666666666	0.5	0.0	0.8	0.0015	0.25	0.3333333333333333	0.0	0.0	0.0	0.0	0.0	0.0	0.0	0.0	0.0	0.16666666666666666	0.0	0.0	0.0	0.0	1.0	0.6	0.0	0.0	0.5	0.0	0.0	0.0	0.0	0.0	0.0	0.0	0.0	0.0	0.0	0.0	
Black-throated Gray Warbler	0.0	0.0	0.0	0.0	0.0	0.0	0.0	0.0	0.0	0.0	0.0	0.0	0.0	0.0	0.0	0.0	0.5	0.3333333333333333	0.0	0.0	0.0	0.0	0.0	1.0	0.0	0.0	0.0	0.0	0.4	0.0	0.0	0.0	0.5	0.0	0.0	0.0	0.0	0.0	0.0	0.0	0.0	0.0	0.0	0.0	0.0	0.0	0.0	0.0	
Townsend's Warbler	0.0	0.25	0.0	0.0	0.0	0.0	0.0	0.0	0.0	0.0	0.0	0.0	0.0	0.0	0.0	0.0	0.25	0.0	0.0	0.0	0.0	0.0	0.0	0.0	0.0	0.0	0.0	0.0	0.0	0.0	0.0	0.0	0.0	0.2	0.0	0.0	0.0	0.0	0.1	0.125	0.0	0.0	0.0	0.0	0.0	0.0	0.0	0.0	
Wilson's Warbler	0.0	0.0	0.0	0.0	0.0	0.0	0.0	0.0	0.0	0.0	0.0	0.0	0.0	0.0	0.0	0.3333333333333333	0.5	1.0	1.0	0.8	0.0	0.5	0.25	1.0	0.0	0.0	0.0	0.16666666666666666	0.4	0.0	0.0	0.0	0.0	0.0	0.0	0.0	0.0	0.0	0.0	0.0	0.0	0.0	0.0	0.0	0.0	0.0	0.0	0.0	
Western Tanager	0.0	0.0	0.0	0.0	0.0	0.0	0.0	0.0	0.0	0.0	0.0	0.0	0.0	0.0	0.0	0.0	0.0	0.3333333333333333	0.5	0.4	0.0	0.5	0.0	1.0	0.0	0.0	0.0	0.3333333333333333	0.2	0.0	0.0	0.0	0.5	0.2	0.0	0.0	0.0	0.0	0.0	0.0	0.0	0.0	0.0	0.0	0.0	0.0	0.0	0.0	
Black-headed Grosbeak	0.0	0.0	0.0	0.0	0.0	0.0	0.0	0.0	0.0	0.0	0.0	0.0	0.0	0.0	0.0	0.0	0.25	0.6666666666666666	1.0	0.8	0.0	0.5	0.5	1.0	0.0	0.0	0.0	0.16666666666666666	0.4	0.0	0.0	0.0	0.0	0.0	0.0	0.0	0.0	0.0	0.0	0.0	0.0	0.0	0.0	0.0	0.0	0.0	0.0	0.0	
House Sparrow	0.0	0.0	0.0	0.0	0.0	0.0	0.0	0.0	0.0	0.0	0.0	0.0	0.0	0.0	0.0	0.0	0.0	0.0	0.0	0.0	0.0	0.0	0.0	0.0015	0.0	0.0	0.0	0.0	0.0	0.0	0.0	0.0	0.0	0.0	0.0	0.0	0.0	0.0	0.0	0.0	0.0	0.0	0.0	0.0	0.0	0.0	0.0	0.0	
passerine sp.	0.0	0.0	0.0	0.0	0.0	0.0	0.0	0.0	0.0	0.0	0.0	0.0	0.0	0.0	0.0	0.0	0.0	0.0	0.0	0.0	0.0	0.0	0.0	0.0	0.0	0.0	0.0	0.0	0.0	0.0	0.0	0.0	0.0	0.0	0.0	0.0	0.0	0.0	0.0	0.0	0.0	0.0	0.0	0.0	0.0	0.5	0.0	0.0	

