









Frequency of observations in the selected location(s).:
Number of taxa: 	214

	Jan				Feb				Mar				Apr				May				Jun				Jul				Aug				Sep				Oct				Nov				Dec				
Sample Size:	23.0	16.0	15.0	32.0	23.0	19.0	23.0	20.0	19.0	18.0	21.0	27.0	15.0	14.0	14.0	20.0	12.0	10.0	15.0	41.0	9.0	10.0	9.0	10.0	5.0	4.0	13.0	10.0	9.0	5.0	6.0	9.0	10.0	12.0	16.0	17.0	17.0	16.0	18.0	21.0	20.0	26.0	20.0	24.0	18.0	20.0	15.0	15.0	

Greater White-fronted Goose	0.0	0.0625	0.0	0.0	0.0	0.05263157894736842	0.0	0.0	0.0	0.0	0.0	0.0	0.0	0.0	0.0	0.0	0.08333333333333333	0.0	0.0	0.0	0.0	0.0	0.0	0.0	0.0	0.0	0.0	0.0	0.0	0.0	0.0	0.0	0.0	0.0	0.0	0.0	0.0	0.0625	0.0	0.0	0.0	0.0	0.0	0.0	0.0	0.0	0.0	0.0	
Brant	0.6956521739130435	0.875	0.8666666666666667	0.84375	0.7391304347826086	0.8421052631578947	0.8695652173913043	0.95	0.9473684210526315	0.6111111111111112	1.0	0.8518518518518519	0.9333333333333333	0.7142857142857143	0.5714285714285714	0.3	0.25	0.1	0.0	0.0	0.0	0.0	0.0	0.0	0.0	0.0	0.0	0.0	0.0	0.0	0.0	0.0	0.0	0.0	0.0	0.0	0.0	0.0625	0.1111111111111111	0.0	0.1	0.11538461538461539	0.55	0.5416666666666666	0.8333333333333334	0.8	0.8	0.9333333333333333	
Cackling Goose	0.0	0.0	0.0	0.0	0.0	0.0	0.0	0.0	0.0	0.0	0.0	0.0	0.0	0.0	0.0	0.0	0.0	0.0	0.0	0.0	0.0	0.0	0.0	0.0	0.0	0.0	0.0	0.0	0.0	0.0	0.0	0.0	0.0	0.0	0.0	0.0	0.058823529411764705	0.0625	0.0	0.0	0.05	0.0	0.0	0.041666666666666664	0.0	0.0	0.0	0.0	
Canada Goose	0.08695652173913043	0.0015	0.26666666666666666	0.21875	0.34782608695652173	0.3157894736842105	0.21739130434782608	0.35	0.3684210526315789	0.5555555555555556	0.7619047619047619	0.5185185185185185	0.5333333333333333	0.35714285714285715	0.5	0.35	0.3333333333333333	0.5	0.4666666666666667	0.2926829268292683	0.0	0.0	0.0	0.0	0.0	0.0	0.0015	0.1	0.0015	0.2	0.0	0.0	0.0	0.16666666666666666	0.0625	0.0	0.0	0.0625	0.0	0.0	0.05	0.15384615384615385	0.2	0.16666666666666666	0.05555555555555555	0.15	0.06666666666666667	0.26666666666666666	
Cackling/Canada Goose	0.0	0.0	0.0	0.0	0.0	0.0	0.0	0.0	0.0	0.0	0.0	0.0	0.0	0.0	0.0	0.0	0.0	0.0	0.0	0.024390243902439025	0.0	0.0	0.0	0.0	0.0	0.0	0.0	0.0	0.0	0.0	0.0	0.0	0.0	0.0	0.0	0.0	0.0	0.0	0.0	0.0	0.0	0.0	0.0	0.0	0.0	0.0	0.0	0.0	
Trumpeter Swan	0.0	0.0	0.0	0.0	0.0	0.0	0.0	0.0	0.0	0.05555555555555555	0.0	0.0	0.0	0.0	0.0	0.0	0.0	0.0	0.0	0.0	0.0	0.0	0.0	0.0	0.0	0.0	0.0	0.0	0.0	0.0	0.0	0.0	0.0	0.0	0.0	0.0	0.0	0.0	0.0	0.0	0.0	0.0	0.0	0.0	0.0	0.0	0.0	0.0	
Wood Duck	0.0	0.0	0.0	0.0	0.0	0.0	0.0	0.0	0.0	0.0	0.0	0.0	0.06666666666666667	0.0	0.0	0.0	0.0	0.0	0.0	0.0	0.0	0.0	0.0	0.0	0.0	0.0	0.0	0.0	0.0	0.0	0.0	0.0	0.0	0.0	0.0	0.0	0.0	0.0	0.0	0.0	0.0	0.0	0.0	0.0	0.0	0.0	0.0	0.0	
Blue-winged Teal	0.0	0.0	0.0	0.0	0.0	0.0	0.0	0.0	0.0	0.0	0.0	0.0	0.0	0.0	0.0	0.0	0.0	0.0	0.06666666666666667	0.0	0.0	0.0	0.0	0.0	0.0	0.0	0.0	0.0	0.0	0.0	0.0	0.0	0.0	0.0	0.0	0.0	0.0	0.0	0.0	0.0	0.0	0.0	0.0	0.0	0.0	0.0	0.0	0.0	
Northern Shoveler	0.21739130434782608	0.25	0.26666666666666666	0.3125	0.2608695652173913	0.15789473684210525	0.30434782608695654	0.3	0.3157894736842105	0.1111111111111111	0.3333333333333333	0.3333333333333333	0.26666666666666666	0.2857142857142857	0.2857142857142857	0.25	0.0	0.0	0.0	0.024390243902439025	0.0	0.0	0.1111111111111111	0.0	0.0	0.0	0.0	0.0	0.0	0.0	0.0	0.0	0.0	0.0	0.0	0.11764705882352941	0.0	0.0	0.2777777777777778	0.0	0.0	0.19230769230769232	0.25	0.16666666666666666	0.0	0.2	0.06666666666666667	0.06666666666666667	
Gadwall	0.043478260869565216	0.0	0.13333333333333333	0.15625	0.13043478260869565	0.10526315789473684	0.17391304347826086	0.05	0.10526315789473684	0.1111111111111111	0.23809523809523808	0.2222222222222222	0.13333333333333333	0.07142857142857142	0.35714285714285715	0.35	0.3333333333333333	0.5	0.2	0.5609756097560976	0.2222222222222222	0.3	0.1111111111111111	0.1	0.0	0.0	0.0	0.1	0.0	0.0	0.16666666666666666	0.1111111111111111	0.1	0.0	0.0625	0.11764705882352941	0.058823529411764705	0.0	0.05555555555555555	0.09523809523809523	0.1	0.0	0.2	0.125	0.1111111111111111	0.0	0.06666666666666667	0.06666666666666667	
Eurasian Wigeon	0.043478260869565216	0.0	0.0	0.03125	0.0	0.0	0.0	0.0	0.0	0.0	0.0	0.0	0.0	0.0	0.0	0.0	0.0	0.0	0.0	0.0	0.0	0.0	0.0	0.0	0.0	0.0	0.0	0.0	0.0	0.0	0.0	0.0	0.0	0.0	0.0	0.0	0.0	0.0	0.0	0.0	0.0	0.0	0.0	0.0	0.0	0.0	0.0	0.0	
American Wigeon	0.34782608695652173	0.375	0.4666666666666667	0.53125	0.30434782608695654	0.42105263157894735	0.5652173913043478	0.4	0.42105263157894735	0.3888888888888889	0.42857142857142855	0.48148148148148145	0.3333333333333333	0.2857142857142857	0.2857142857142857	0.15	0.0	0.0	0.0	0.04878048780487805	0.0	0.0	0.0	0.0	0.0	0.0	0.0	0.0	0.0	0.0	0.0	0.0	0.0	0.0015	0.0625	0.11764705882352941	0.058823529411764705	0.0625	0.2222222222222222	0.3333333333333333	0.35	0.46153846153846156	0.45	0.4166666666666667	0.4444444444444444	0.3	0.26666666666666666	0.2	
Mallard	0.391304347826087	0.3125	0.4	0.40625	0.30434782608695654	0.47368421052631576	0.6521739130434783	0.45	0.42105263157894735	0.4444444444444444	0.5714285714285714	0.4444444444444444	0.4	0.5	0.5	0.4	0.5	0.7	0.5333333333333333	0.5121951219512195	0.3333333333333333	0.3	0.3333333333333333	0.3	0.2	0.0	0.15384615384615385	0.0	0.2222222222222222	0.0	0.5	0.1111111111111111	0.1	0.3333333333333333	0.125	0.11764705882352941	0.17647058823529413	0.25	0.2777777777777778	0.38095238095238093	0.4	0.2692307692307692	0.3	0.375	0.4444444444444444	0.35	0.4	0.26666666666666666	
Northern Pintail	0.0	0.0	0.0	0.03125	0.043478260869565216	0.15789473684210525	0.13043478260869565	0.15	0.3157894736842105	0.0	0.09523809523809523	0.07407407407407407	0.0	0.0	0.07142857142857142	0.0	0.0	0.0	0.0	0.0	0.0	0.0	0.0	0.0	0.0	0.0	0.0	0.0	0.0	0.0	0.0	0.0	0.0	0.0	0.0	0.0	0.0	0.0625	0.0	0.0	0.0	0.0	0.15	0.041666666666666664	0.0	0.05	0.0	0.2	
Green-winged Teal	0.21739130434782608	0.125	0.13333333333333333	0.21875	0.08695652173913043	0.15789473684210525	0.21739130434782608	0.2	0.15789473684210525	0.1111111111111111	0.2857142857142857	0.14814814814814814	0.13333333333333333	0.14285714285714285	0.07142857142857142	0.15	0.08333333333333333	0.0	0.0	0.0	0.0	0.0	0.0	0.0	0.0	0.0	0.0	0.0	0.0	0.0	0.0	0.0	0.0	0.0	0.0625	0.058823529411764705	0.11764705882352941	0.0	0.1111111111111111	0.14285714285714285	0.15	0.23076923076923078	0.3	0.16666666666666666	0.2777777777777778	0.2	0.13333333333333333	0.2	
Canvasback	0.0	0.0	0.0	0.0	0.0	0.0	0.0	0.0	0.0	0.0	0.0	0.0	0.0	0.0	0.0	0.0	0.0	0.0	0.0	0.024390243902439025	0.0	0.0	0.0	0.0	0.0	0.0	0.0	0.0	0.0	0.0	0.0	0.0	0.0	0.0	0.0	0.0	0.0	0.0	0.0	0.0	0.0	0.0	0.0	0.0	0.0	0.0	0.0	0.0	
Ring-necked Duck	0.0	0.0	0.06666666666666667	0.0015	0.043478260869565216	0.0	0.08695652173913043	0.0	0.05263157894736842	0.05555555555555555	0.19047619047619047	0.14814814814814814	0.13333333333333333	0.14285714285714285	0.07142857142857142	0.0	0.0	0.0	0.0	0.0	0.0	0.0	0.0	0.0	0.0	0.0	0.0	0.0	0.0	0.0	0.0	0.0	0.0	0.0	0.0	0.0	0.0	0.0	0.0	0.0	0.0	0.0	0.0	0.0	0.05555555555555555	0.0	0.0	0.06666666666666667	
Greater Scaup	0.0	0.0	0.0	0.0	0.0	0.0	0.043478260869565216	0.0	0.10526315789473684	0.0	0.0	0.07407407407407407	0.0	0.0	0.0	0.0	0.0	0.0	0.0	0.0	0.0	0.0	0.0	0.0	0.0	0.0	0.0	0.0	0.0	0.0	0.0	0.0	0.0	0.0	0.0	0.0	0.0	0.0	0.0	0.0	0.05	0.038461538461538464	0.15	0.0	0.0	0.0	0.0	0.0	
Lesser Scaup	0.0	0.0	0.0	0.0	0.0	0.0	0.043478260869565216	0.0	0.0	0.0	0.0	0.0	0.0	0.0	0.0	0.0	0.0	0.0	0.0	0.0	0.0	0.0	0.0	0.0	0.0	0.0	0.0	0.0	0.0	0.0	0.0	0.0	0.0	0.0	0.0	0.0	0.0	0.0	0.0	0.0	0.0	0.0	0.0	0.0	0.0	0.0	0.0	0.0	
Harlequin Duck	0.8260869565217391	0.75	0.6	0.6875	0.7391304347826086	0.7368421052631579	0.9130434782608695	0.8	0.7894736842105263	0.7222222222222222	0.9523809523809523	0.8888888888888888	0.9333333333333333	0.5714285714285714	0.7142857142857143	0.35	0.75	0.6	0.2	0.0975609756097561	0.0	0.4	0.1111111111111111	0.2	0.4	0.25	0.23076923076923078	0.4	0.2222222222222222	0.6	0.8333333333333334	0.6666666666666666	0.8	0.3333333333333333	0.8125	0.9411764705882353	0.7058823529411765	0.8125	0.8333333333333334	0.9523809523809523	0.85	0.7692307692307693	0.95	0.8333333333333334	0.7777777777777778	0.8	0.8	0.9333333333333333	
Surf Scoter	0.8695652173913043	0.9375	0.7333333333333333	0.90625	0.7391304347826086	0.7368421052631579	0.8695652173913043	0.95	0.8421052631578947	0.6111111111111112	1.0	0.9259259259259259	0.8666666666666667	0.8571428571428571	0.6428571428571429	0.4	0.5833333333333334	0.5	0.4666666666666667	0.07317073170731707	0.0	0.0	0.0	0.0	0.0	0.0	0.0	0.0	0.0	0.0	0.0	0.0	0.0	0.16666666666666666	0.375	0.5294117647058824	0.47058823529411764	0.75	0.6666666666666666	0.8095238095238095	0.85	0.8461538461538461	0.95	0.7916666666666666	0.9444444444444444	0.9	0.9333333333333333	0.9333333333333333	
White-winged Scoter	0.08695652173913043	0.1875	0.2	0.21875	0.17391304347826086	0.05263157894736842	0.043478260869565216	0.05	0.15789473684210525	0.16666666666666666	0.23809523809523808	0.4444444444444444	0.2	0.0	0.21428571428571427	0.15	0.08333333333333333	0.1	0.3333333333333333	0.04878048780487805	0.0	0.0	0.1111111111111111	0.0	0.0	0.0	0.0	0.0	0.0	0.0	0.0	0.0	0.0	0.0	0.0625	0.058823529411764705	0.058823529411764705	0.3125	0.16666666666666666	0.23809523809523808	0.2	0.3076923076923077	0.35	0.20833333333333334	0.3333333333333333	0.25	0.3333333333333333	0.3333333333333333	
Black Scoter	0.0	0.0625	0.0	0.0	0.0	0.0	0.0	0.0	0.0	0.0	0.0	0.037037037037037035	0.0	0.0	0.0	0.05	0.0	0.0	0.0	0.0	0.0	0.0	0.0	0.0	0.0	0.0	0.0	0.0	0.0	0.0	0.0	0.0	0.0	0.0	0.0625	0.0	0.0	0.0	0.0	0.09523809523809523	0.0	0.0	0.1	0.0	0.0	0.05	0.0	0.0	
scoter sp.	0.0	0.0	0.0	0.0	0.0	0.0	0.0	0.0	0.0	0.0	0.0	0.0	0.0	0.0	0.0	0.05	0.0	0.0	0.0	0.0	0.0	0.0	0.0	0.0	0.0	0.0	0.0	0.0	0.0	0.0	0.0	0.0	0.0	0.0	0.0	0.0	0.0	0.0	0.0	0.0	0.0	0.0	0.0	0.0	0.0	0.0	0.0	0.0	
Long-tailed Duck	0.6086956521739131	0.5	0.4666666666666667	0.6875	0.5217391304347826	0.631578947368421	0.4782608695652174	0.55	0.2631578947368421	0.3888888888888889	0.38095238095238093	0.2962962962962963	0.4666666666666667	0.21428571428571427	0.21428571428571427	0.1	0.0	0.0	0.0	0.0	0.0	0.0	0.0	0.0	0.0	0.0	0.0	0.0	0.0	0.0	0.0	0.0	0.0	0.0	0.0	0.0	0.0	0.0	0.0	0.42857142857142855	0.45	0.5769230769230769	0.55	0.7083333333333334	0.6666666666666666	0.5	0.6666666666666666	0.6	
Bufflehead	0.9130434782608695	0.8125	0.8666666666666667	0.875	0.8695652173913043	0.8421052631578947	0.9565217391304348	0.9	0.8947368421052632	0.7222222222222222	0.9523809523809523	0.7777777777777778	1.0	0.9285714285714286	0.7142857142857143	0.45	0.3333333333333333	0.1	0.0	0.0	0.0	0.0	0.0	0.0	0.0	0.0	0.0	0.0	0.0	0.0	0.0	0.0	0.0	0.0	0.0	0.0	0.0	0.0625	0.0	0.5238095238095238	0.75	0.8461538461538461	0.95	0.9166666666666666	0.9444444444444444	0.9	0.9333333333333333	0.9333333333333333	
Common Goldeneye	0.8695652173913043	0.875	0.8666666666666667	0.9375	0.8695652173913043	0.7368421052631579	0.9565217391304348	0.85	0.9473684210526315	0.6666666666666666	1.0	0.7407407407407407	0.5333333333333333	0.42857142857142855	0.21428571428571427	0.05	0.0	0.0	0.0	0.0	0.1111111111111111	0.0	0.0	0.0	0.0	0.0	0.0	0.0	0.0	0.0	0.0	0.0	0.0	0.0	0.0	0.0	0.0	0.0625	0.0	0.047619047619047616	0.05	0.23076923076923078	0.75	0.875	0.8888888888888888	0.85	0.8666666666666667	0.9333333333333333	
Barrow's Goldeneye	0.0015	0.0	0.06666666666666667	0.0	0.08695652173913043	0.05263157894736842	0.043478260869565216	0.0	0.10526315789473684	0.05555555555555555	0.0	0.037037037037037035	0.0	0.0	0.0	0.0	0.0	0.0	0.0	0.0	0.0	0.0	0.0	0.0	0.0	0.0	0.0	0.0	0.0	0.0	0.0	0.0	0.0	0.0	0.0	0.0	0.0	0.0	0.0	0.0	0.0	0.038461538461538464	0.0	0.0	0.0	0.0	0.06666666666666667	0.0	
Common/Barrow's Goldeneye	0.0	0.0	0.0	0.0	0.0	0.0	0.0	0.0	0.0	0.0	0.0	0.0	0.0	0.0	0.0	0.05	0.0	0.0	0.0	0.0	0.0	0.0	0.0	0.0	0.0	0.0	0.0	0.0	0.0	0.0	0.0	0.0	0.0	0.0	0.0	0.0	0.0	0.0	0.0	0.0	0.0	0.0	0.0	0.0	0.0	0.0	0.0	0.0	
Hooded Merganser	0.08695652173913043	0.0	0.0	0.0	0.043478260869565216	0.0	0.0	0.0	0.10526315789473684	0.05555555555555555	0.09523809523809523	0.037037037037037035	0.06666666666666667	0.07142857142857142	0.0	0.0	0.0	0.0	0.0	0.04878048780487805	0.0	0.0	0.0	0.0	0.0	0.0	0.0	0.0	0.0	0.0	0.16666666666666666	0.0	0.0	0.0	0.0	0.0	0.058823529411764705	0.0	0.05555555555555555	0.0	0.1	0.0	0.0	0.0	0.0	0.0	0.0	0.0	
Common Merganser	0.043478260869565216	0.0	0.0	0.03125	0.0015	0.05263157894736842	0.0	0.0	0.0	0.0	0.047619047619047616	0.1111111111111111	0.0	0.0	0.07142857142857142	0.05	0.0	0.0	0.0	0.0	0.0	0.0	0.0	0.0	0.0	0.0	0.0	0.0	0.0	0.0	0.0	0.0	0.0	0.0	0.0	0.058823529411764705	0.0	0.0	0.1111111111111111	0.0	0.05	0.07692307692307693	0.05	0.0	0.05555555555555555	0.05	0.0	0.0	
Red-breasted Merganser	0.7391304347826086	0.6875	0.8	0.90625	0.782608695652174	0.7368421052631579	0.8695652173913043	0.8	0.7894736842105263	0.7222222222222222	0.9523809523809523	0.7037037037037037	0.8	0.8571428571428571	0.7857142857142857	0.45	0.3333333333333333	0.2	0.06666666666666667	0.0	0.0	0.0	0.0	0.0	0.0	0.0	0.0	0.0	0.0	0.0	0.0	0.0	0.0	0.0	0.0	0.0	0.0	0.125	0.3333333333333333	0.7619047619047619	0.9	0.7692307692307693	0.9	0.7916666666666666	0.6666666666666666	0.85	0.6666666666666666	0.9333333333333333	
Ruddy Duck	0.0	0.0	0.0	0.0	0.0	0.0	0.0	0.0	0.0	0.0	0.0	0.037037037037037035	0.0	0.0	0.0	0.0	0.0	0.0	0.0	0.024390243902439025	0.0	0.0	0.0	0.0	0.0	0.0	0.0	0.0	0.0	0.0	0.0	0.0	0.0	0.0	0.0	0.0	0.0	0.0	0.0	0.0	0.0	0.0	0.0	0.0	0.0	0.0	0.0	0.0	
Pied-billed Grebe	0.0	0.0	0.0	0.0	0.0	0.0	0.0	0.0	0.0	0.0	0.0	0.037037037037037035	0.0	0.0	0.0	0.0	0.0	0.0	0.0	0.024390243902439025	0.0	0.0	0.0	0.0	0.0	0.0	0.0	0.0	0.0	0.0	0.0	0.0	0.0	0.0	0.0	0.0	0.0	0.0	0.0	0.047619047619047616	0.0	0.0	0.0	0.0	0.0	0.0	0.0	0.0	
Horned Grebe	0.8260869565217391	0.75	0.8666666666666667	0.96875	0.782608695652174	0.7368421052631579	0.9565217391304348	0.9	0.8947368421052632	0.7222222222222222	0.9047619047619048	0.8888888888888888	0.8	0.6428571428571429	0.5714285714285714	0.45	0.16666666666666666	0.1	0.13333333333333333	0.024390243902439025	0.0	0.0	0.0	0.0	0.0	0.0	0.0	0.0	0.0015	0.0	0.16666666666666666	0.0	0.1	0.08333333333333333	0.25	0.4117647058823529	0.8235294117647058	0.8125	0.7777777777777778	0.9523809523809523	0.85	0.8076923076923077	0.9	0.875	0.9444444444444444	0.85	0.8666666666666667	0.9333333333333333	
Red-necked Grebe	0.21739130434782608	0.375	0.2	0.25	0.2608695652173913	0.3684210526315789	0.43478260869565216	0.15	0.2631578947368421	0.2777777777777778	0.3333333333333333	0.48148148148148145	0.2	0.14285714285714285	0.21428571428571427	0.3	0.25	0.0	0.06666666666666667	0.0	0.0	0.0	0.0	0.0	0.0	0.0	0.0	0.0	0.0	0.2	0.3333333333333333	0.2222222222222222	0.5	0.25	0.5625	0.47058823529411764	0.6470588235294118	0.6875	0.3888888888888889	0.6190476190476191	0.55	0.5384615384615384	0.45	0.5	0.3888888888888889	0.45	0.26666666666666666	0.4666666666666667	
Eared Grebe	0.0	0.0625	0.0	0.03125	0.0	0.05263157894736842	0.043478260869565216	0.0	0.0	0.05555555555555555	0.047619047619047616	0.07407407407407407	0.13333333333333333	0.0	0.07142857142857142	0.0	0.0	0.0	0.0	0.0	0.0	0.0	0.0	0.0	0.0	0.0	0.0	0.0	0.0	0.0	0.16666666666666666	0.0	0.0	0.0	0.0	0.0	0.0	0.0	0.0	0.0	0.0	0.0	0.05	0.041666666666666664	0.05555555555555555	0.0	0.13333333333333333	0.0	
Horned/Eared Grebe	0.0	0.0	0.0	0.0	0.0	0.0	0.0	0.0	0.0	0.0	0.0	0.0	0.0	0.0	0.0	0.0	0.0	0.0	0.0	0.0	0.0	0.0	0.0	0.0	0.0	0.0	0.0	0.0	0.0	0.0	0.0	0.0	0.0	0.0	0.0	0.0	0.0	0.0	0.0	0.0	0.05	0.0	0.0	0.0	0.0	0.0	0.0	0.0	
Western Grebe	0.0	0.0625	0.06666666666666667	0.0625	0.21739130434782608	0.10526315789473684	0.043478260869565216	0.05	0.10526315789473684	0.16666666666666666	0.0	0.07407407407407407	0.0	0.0	0.0	0.05	0.0	0.0	0.0	0.0	0.0	0.0	0.0	0.0	0.0	0.0	0.0	0.0	0.0	0.0	0.0	0.0	0.0	0.0	0.125	0.17647058823529413	0.0	0.125	0.0	0.0	0.05	0.07692307692307693	0.2	0.041666666666666664	0.05555555555555555	0.05	0.0	0.06666666666666667	
Rock Pigeon	0.17391304347826086	0.0	0.0	0.09375	0.13043478260869565	0.05263157894736842	0.08695652173913043	0.05	0.05263157894736842	0.05555555555555555	0.047619047619047616	0.18518518518518517	0.26666666666666666	0.07142857142857142	0.21428571428571427	0.1	0.16666666666666666	0.0	0.2	0.07317073170731707	0.2222222222222222	0.1	0.1111111111111111	0.3	0.0	0.0	0.15384615384615385	0.2	0.1111111111111111	0.0	0.16666666666666666	0.0	0.2	0.08333333333333333	0.125	0.17647058823529413	0.0	0.0625	0.1111111111111111	0.14285714285714285	0.2	0.15384615384615385	0.1	0.041666666666666664	0.16666666666666666	0.05	0.13333333333333333	0.2	
Band-tailed Pigeon	0.0	0.0	0.0	0.0	0.0	0.0	0.0	0.0	0.0	0.0	0.0	0.0	0.0	0.07142857142857142	0.07142857142857142	0.1	0.0	0.0	0.2	0.1951219512195122	0.1111111111111111	0.0	0.2222222222222222	0.2	0.0	0.0	0.0	0.0	0.0	0.0	0.0	0.0	0.0	0.0	0.0	0.0	0.0	0.0	0.0	0.0	0.0	0.038461538461538464	0.0	0.0	0.0	0.0	0.0	0.0	
Eurasian Collared-Dove	0.0	0.0	0.0	0.0	0.0	0.0	0.0	0.0	0.0	0.0	0.0	0.0	0.06666666666666667	0.0	0.07142857142857142	0.0	0.0	0.0	0.0	0.0	0.0	0.0	0.0	0.0	0.0	0.0	0.0	0.0	0.0	0.2	0.0	0.0	0.0	0.0	0.0	0.0	0.0	0.0	0.0	0.0	0.0	0.038461538461538464	0.0	0.0	0.0	0.0	0.0	0.0	
Mourning Dove	0.0	0.0	0.0	0.0	0.0	0.0	0.0	0.0	0.0	0.0	0.0	0.0	0.0	0.07142857142857142	0.0	0.1	0.0	0.1	0.06666666666666667	0.024390243902439025	0.1111111111111111	0.0	0.2222222222222222	0.2	0.0	0.0	0.07692307692307693	0.2	0.0	0.0	0.0	0.0	0.0	0.0	0.0	0.0	0.0	0.0	0.0	0.0	0.0	0.038461538461538464	0.0	0.0	0.0	0.0	0.0	0.0	
Black Swift	0.0	0.0	0.0	0.0	0.0	0.0	0.0	0.0	0.0	0.0	0.0	0.0	0.0	0.0	0.0	0.0	0.0	0.0	0.0	0.024390243902439025	0.0	0.0	0.0	0.0	0.0	0.0	0.0	0.0	0.0	0.0	0.0	0.0015	0.0	0.0	0.0	0.0	0.0	0.0	0.0	0.0	0.0	0.0	0.0	0.0	0.0	0.0	0.0	0.0	
Vaux's Swift	0.0	0.0	0.0	0.0	0.0	0.0	0.0	0.0	0.0	0.0	0.0	0.0	0.0	0.0	0.0	0.0	0.0	0.0	0.0	0.07317073170731707	0.0	0.0	0.0	0.0	0.0	0.0	0.0	0.0	0.0	0.0	0.0	0.0	0.0	0.0	0.0	0.0	0.0	0.0	0.0	0.0	0.0	0.0	0.0	0.0	0.0	0.0	0.0	0.0	
Anna's Hummingbird	0.0	0.0	0.0	0.0	0.0	0.10526315789473684	0.0	0.0	0.05263157894736842	0.0	0.0	0.037037037037037035	0.13333333333333333	0.0	0.0	0.05	0.0	0.0	0.0	0.024390243902439025	0.0	0.0	0.0	0.0	0.2	0.0	0.07692307692307693	0.0	0.0	0.0	0.0	0.0	0.0	0.0	0.0	0.0	0.0	0.0	0.0	0.0	0.0	0.038461538461538464	0.0	0.0	0.05555555555555555	0.0	0.0	0.0	
Rufous Hummingbird	0.0	0.0	0.0	0.0	0.0	0.0	0.0	0.0	0.0	0.05555555555555555	0.0	0.25925925925925924	0.26666666666666666	0.21428571428571427	0.5714285714285714	0.35	0.5833333333333334	0.4	0.4	0.43902439024390244	0.5555555555555556	0.3	0.6666666666666666	0.2	0.6	0.0	0.3076923076923077	0.0	0.0	0.0	0.0	0.0	0.0	0.0	0.0	0.0	0.0	0.0	0.0	0.0	0.0	0.0	0.0	0.0	0.0	0.0	0.0	0.0	
hummingbird sp.	0.0	0.0	0.0	0.0	0.0	0.0	0.0	0.0	0.0	0.0	0.0	0.0	0.0	0.0	0.0	0.0	0.0	0.0	0.0	0.0975609756097561	0.0	0.0	0.0	0.0	0.0	0.0	0.0	0.0	0.0	0.0	0.0	0.0	0.0	0.0	0.0	0.0	0.0	0.0	0.0	0.0	0.0	0.0	0.0	0.0	0.0	0.0	0.0	0.0	
American Coot	0.0	0.0	0.06666666666666667	0.0	0.0	0.0	0.0	0.0	0.0	0.0	0.0	0.0	0.0	0.0	0.0	0.0	0.0	0.0	0.0	0.0	0.0	0.0	0.0	0.0	0.0	0.0	0.0	0.0	0.0	0.0	0.0	0.0	0.0	0.0	0.0	0.0	0.0	0.0	0.0	0.0	0.0	0.0	0.0	0.0	0.0	0.0	0.0	0.0	
Black Oystercatcher	0.13043478260869565	0.1875	0.13333333333333333	0.15625	0.13043478260869565	0.15789473684210525	0.34782608695652173	0.05	0.2631578947368421	0.05555555555555555	0.23809523809523808	0.2962962962962963	0.26666666666666666	0.07142857142857142	0.14285714285714285	0.1	0.0	0.1	0.06666666666666667	0.04878048780487805	0.1111111111111111	0.0	0.1111111111111111	0.0	0.4	0.5	0.0	0.1	0.0	0.2	0.3333333333333333	0.1111111111111111	0.3	0.0	0.25	0.17647058823529413	0.0	0.0625	0.1111111111111111	0.047619047619047616	0.0	0.038461538461538464	0.1	0.0	0.05555555555555555	0.05	0.0	0.2	
Black-bellied Plover	0.8695652173913043	0.6875	0.8	0.84375	0.7391304347826086	0.6842105263157895	0.8260869565217391	0.9	0.7894736842105263	0.6111111111111112	0.8571428571428571	0.5555555555555556	0.8	0.42857142857142855	0.2857142857142857	0.1	0.08333333333333333	0.1	0.13333333333333333	0.024390243902439025	0.0	0.0	0.0	0.0	0.0	0.0	0.0	0.0	0.0	0.2	0.5	0.2222222222222222	0.0015	0.08333333333333333	0.1875	0.17647058823529413	0.35294117647058826	0.375	0.4444444444444444	0.7142857142857143	0.95	0.8846153846153846	0.95	0.75	0.6666666666666666	0.7	0.8	0.6666666666666666	
American Golden-Plover	0.0	0.0	0.0	0.0	0.0	0.0	0.0	0.0	0.0	0.0	0.0	0.0	0.0	0.0	0.0	0.0	0.0	0.0	0.0	0.0	0.0	0.0	0.0	0.0	0.0	0.0	0.0	0.0	0.0	0.0	0.0	0.0	0.0	0.0	0.0	0.0	0.0	0.0	0.0	0.0	0.0	0.038461538461538464	0.0	0.0	0.0	0.0	0.0	0.0	
Semipalmated Plover	0.0	0.0	0.0	0.0	0.0	0.0	0.0	0.0	0.0	0.0	0.0	0.0	0.0	0.0	0.0	0.05	0.0	0.0	0.0	0.0	0.0	0.0	0.0	0.0	0.0	0.0	0.0	0.1	0.0	0.2	0.3333333333333333	0.2222222222222222	0.0015	0.08333333333333333	0.0	0.0	0.0	0.0	0.0	0.0	0.0	0.038461538461538464	0.0	0.0	0.0	0.0	0.0	0.0	
Killdeer	0.08695652173913043	0.0	0.06666666666666667	0.09375	0.17391304347826086	0.05263157894736842	0.13043478260869565	0.15	0.10526315789473684	0.2222222222222222	0.19047619047619047	0.4074074074074074	0.4	0.07142857142857142	0.35714285714285715	0.3	0.3333333333333333	0.2	0.26666666666666666	0.4634146341463415	0.2222222222222222	0.3	0.2222222222222222	0.3	0.2	0.0	0.38461538461538464	0.1	0.1111111111111111	0.2	0.3333333333333333	0.2222222222222222	0.1	0.08333333333333333	0.125	0.11764705882352941	0.058823529411764705	0.1875	0.16666666666666666	0.14285714285714285	0.1	0.19230769230769232	0.15	0.125	0.16666666666666666	0.2	0.0	0.06666666666666667	
Whimbrel	0.0	0.0	0.0	0.0	0.0	0.0	0.0	0.0	0.0	0.0	0.0	0.0	0.0	0.0	0.0	0.1	0.0015	0.1	0.06666666666666667	0.024390243902439025	0.0	0.0	0.0	0.0	0.0	0.0	0.0	0.0	0.0	0.0	0.0	0.0	0.0	0.0	0.0625	0.0	0.0	0.0	0.0	0.0	0.0	0.0	0.0	0.0	0.0	0.0	0.0	0.0	
Marbled Godwit	0.043478260869565216	0.0	0.0	0.0	0.0	0.0	0.0	0.0	0.0	0.0	0.0	0.0	0.0	0.0	0.0	0.0	0.0	0.0	0.0	0.0	0.1111111111111111	0.0	0.0	0.0	0.0	0.0	0.0	0.0	0.0	0.0	0.0	0.0	0.0	0.0	0.0625	0.0	0.0	0.0	0.1111111111111111	0.09523809523809523	0.05	0.11538461538461539	0.15	0.0	0.0	0.05	0.0	0.0	
Ruddy Turnstone	0.0	0.0	0.0	0.0	0.0	0.0	0.0	0.0	0.0	0.0	0.0	0.0	0.0	0.0	0.0	0.0	0.0	0.1	0.0	0.0	0.0	0.0	0.0	0.0	0.0	0.0	0.0	0.0	0.0	0.0	0.16666666666666666	0.2222222222222222	0.0	0.0	0.0	0.0	0.0	0.0	0.0	0.0	0.0	0.0	0.0	0.0	0.0	0.0	0.0	0.0	
Black Turnstone	0.391304347826087	0.3125	0.3333333333333333	0.53125	0.34782608695652173	0.5789473684210527	0.5652173913043478	0.4	0.3684210526315789	0.4444444444444444	0.47619047619047616	0.25925925925925924	0.4666666666666667	0.14285714285714285	0.14285714285714285	0.0	0.0	0.0	0.0	0.0	0.0	0.0	0.0	0.0	0.0	0.0	0.0	0.0	0.0	0.0	0.16666666666666666	0.2222222222222222	0.1	0.0	0.0625	0.17647058823529413	0.11764705882352941	0.25	0.1111111111111111	0.47619047619047616	0.65	0.4230769230769231	0.5	0.20833333333333334	0.3888888888888889	0.15	0.13333333333333333	0.26666666666666666	
Red Knot	0.0	0.0	0.0	0.0	0.08695652173913043	0.0	0.0	0.0	0.0	0.0	0.047619047619047616	0.07407407407407407	0.06666666666666667	0.0	0.0	0.0	0.0	0.0	0.06666666666666667	0.0	0.0	0.0	0.0	0.0	0.0	0.0	0.0	0.0	0.0	0.0	0.0	0.0	0.0	0.0	0.0	0.0	0.0	0.0	0.0	0.0	0.0	0.0	0.0	0.0	0.0	0.0	0.0	0.0	
Surfbird	0.13043478260869565	0.0	0.06666666666666667	0.09375	0.13043478260869565	0.05263157894736842	0.08695652173913043	0.05	0.0	0.1111111111111111	0.0	0.0	0.06666666666666667	0.0	0.0	0.0	0.0	0.0	0.0	0.0	0.0	0.0	0.0	0.0	0.0	0.0	0.0	0.0	0.0	0.0	0.16666666666666666	0.0	0.0	0.0	0.0	0.0	0.058823529411764705	0.0625	0.0	0.14285714285714285	0.1	0.07692307692307693	0.0015	0.0	0.0	0.0	0.0	0.06666666666666667	
Sanderling	0.6956521739130435	0.75	0.8	0.875	0.7391304347826086	0.6842105263157895	0.782608695652174	0.8	0.7894736842105263	0.6111111111111112	0.9047619047619048	0.37037037037037035	0.6666666666666666	0.35714285714285715	0.21428571428571427	0.0	0.0	0.1	0.0	0.0	0.0	0.0	0.0	0.0	0.0	0.0	0.0	0.0	0.1111111111111111	0.0	0.3333333333333333	0.4444444444444444	0.1	0.16666666666666666	0.25	0.23529411764705882	0.23529411764705882	0.3125	0.3888888888888889	0.6666666666666666	0.85	0.7307692307692307	0.9	0.6666666666666666	0.7222222222222222	0.7	0.5333333333333333	0.8	
Dunlin	0.7391304347826086	0.5625	0.7333333333333333	0.71875	0.6956521739130435	0.6842105263157895	0.7391304347826086	0.85	0.631578947368421	0.4444444444444444	0.8571428571428571	0.37037037037037035	0.6666666666666666	0.5	0.2857142857142857	0.2	0.0	0.1	0.06666666666666667	0.0	0.0	0.0	0.0	0.1	0.0	0.0	0.0	0.0	0.1111111111111111	0.0	0.0	0.0	0.0	0.0	0.0	0.0	0.11764705882352941	0.1875	0.2222222222222222	0.6666666666666666	0.85	0.7692307692307693	0.8	0.8333333333333334	0.6666666666666666	0.7	0.7333333333333333	0.7333333333333333	
Rock Sandpiper	0.0	0.0	0.0	0.0	0.0	0.05263157894736842	0.0	0.0	0.0	0.0	0.09523809523809523	0.0	0.0	0.0	0.0	0.0	0.0	0.0	0.0	0.0	0.0	0.0	0.0	0.0	0.0	0.0	0.0	0.0	0.0	0.0	0.0	0.0	0.0	0.0	0.0	0.0	0.0	0.0	0.0	0.0	0.0	0.0	0.05	0.041666666666666664	0.0	0.0	0.0	0.0	
Baird's Sandpiper	0.0	0.0	0.0	0.0	0.0	0.0	0.0	0.0	0.0	0.0	0.0	0.0	0.0	0.0	0.0	0.0	0.0	0.0	0.0	0.0	0.0	0.0	0.0	0.0	0.0	0.0	0.0	0.0	0.0	0.0	0.16666666666666666	0.0	0.1	0.0	0.0	0.0	0.0	0.0	0.0	0.0	0.0	0.0	0.0	0.0	0.0	0.0	0.0	0.0	
Least Sandpiper	0.0	0.0	0.0	0.0015	0.0	0.05263157894736842	0.0	0.0	0.05263157894736842	0.0	0.0	0.0	0.0	0.0	0.0	0.1	0.0	0.0	0.0	0.0	0.0	0.0	0.0	0.0	0.2	0.0	0.07692307692307693	0.0	0.2222222222222222	0.2	0.5	0.3333333333333333	0.0015	0.08333333333333333	0.0	0.0	0.0	0.0	0.0	0.09523809523809523	0.0	0.0	0.05	0.0	0.0	0.0	0.0	0.0	
Pectoral Sandpiper	0.0	0.0	0.0	0.0	0.0	0.0	0.0	0.0	0.0	0.0	0.0	0.0	0.0	0.0	0.0	0.0	0.0	0.0	0.0	0.024390243902439025	0.0	0.0	0.0	0.0	0.0	0.0	0.07692307692307693	0.0	0.0	0.0	0.0	0.0	0.0	0.0	0.0	0.0	0.0	0.0	0.0	0.0	0.0	0.0	0.0	0.0	0.0	0.0	0.0	0.0	
Semipalmated Sandpiper	0.0	0.0	0.0	0.0	0.0	0.0	0.0	0.0	0.0	0.0	0.0	0.0	0.0	0.0	0.0	0.0	0.0	0.0	0.0	0.0	0.0	0.0	0.0	0.0	0.2	0.0	0.0	0.0	0.1111111111111111	0.0	0.0	0.1111111111111111	0.0	0.0	0.0	0.0	0.0	0.0	0.0	0.0	0.0	0.0	0.0	0.0	0.0	0.0	0.0	0.0	
Western Sandpiper	0.21739130434782608	0.0015	0.06666666666666667	0.125	0.08695652173913043	0.10526315789473684	0.13043478260869565	0.2	0.21052631578947367	0.1111111111111111	0.14285714285714285	0.07407407407407407	0.06666666666666667	0.07142857142857142	0.07142857142857142	0.05	0.0	0.0	0.0	0.0	0.0	0.0	0.0	0.0	0.2	0.0	0.0	0.0	0.1111111111111111	0.2	0.5	0.2222222222222222	0.0015	0.16666666666666666	0.125	0.0	0.0	0.0625	0.05555555555555555	0.0	0.1	0.15384615384615385	0.2	0.125	0.1111111111111111	0.1	0.06666666666666667	0.13333333333333333	
peep sp.	0.0	0.0	0.0	0.0	0.0	0.0	0.0	0.0	0.0	0.0	0.0	0.0015	0.0	0.0	0.0	0.05	0.0	0.0	0.0	0.0	0.0	0.0	0.0	0.0	0.0	0.0	0.0	0.0	0.1111111111111111	0.0	0.0	0.0	0.0	0.0	0.0	0.0	0.0	0.0	0.0	0.0	0.0	0.0	0.05	0.0	0.0	0.0	0.0	0.0	
Short-billed Dowitcher	0.0	0.0	0.0	0.0	0.0	0.0	0.0	0.0	0.0	0.0	0.0	0.0	0.0	0.0	0.0	0.0	0.0	0.0	0.0	0.0	0.0	0.0	0.0	0.0	0.0	0.0	0.0	0.0	0.0	0.0	0.0	0.1111111111111111	0.0	0.0	0.0	0.0	0.0	0.0625	0.0	0.0	0.0	0.0	0.0	0.0	0.05555555555555555	0.0	0.0	0.0	
Long-billed Dowitcher	0.043478260869565216	0.0	0.0	0.0	0.0015	0.0	0.0	0.0	0.0	0.0	0.0	0.0	0.0	0.0	0.0	0.0	0.0	0.0	0.0	0.0	0.0	0.0	0.0	0.0	0.0	0.0	0.0	0.0	0.0	0.0	0.0	0.0	0.0	0.0	0.0	0.0	0.0	0.0625	0.0	0.0	0.05	0.038461538461538464	0.0	0.041666666666666664	0.05555555555555555	0.0	0.0	0.0	
Short-billed/Long-billed Dowitcher	0.0	0.0	0.0	0.0	0.0	0.0	0.0	0.0	0.0	0.0	0.0	0.0	0.0	0.0	0.0	0.0	0.0	0.0	0.06666666666666667	0.024390243902439025	0.0	0.0	0.0	0.0	0.0	0.0	0.0	0.0	0.0	0.0	0.0	0.0	0.0	0.0	0.0	0.0	0.0	0.0	0.0	0.0	0.0	0.0	0.0	0.0	0.0	0.0	0.0	0.0	
Wilson's Snipe	0.0	0.0	0.0	0.0	0.0	0.0	0.0	0.0	0.0	0.0	0.0	0.0	0.0	0.0	0.0	0.0	0.0	0.0	0.0	0.0	0.0	0.0	0.0	0.0	0.0	0.0	0.0	0.0	0.0	0.0	0.0	0.0	0.0	0.0	0.0625	0.0	0.0	0.0	0.0	0.0	0.0	0.038461538461538464	0.0	0.0	0.0	0.0	0.0	0.0	
Red-necked Phalarope	0.0	0.0	0.0	0.0	0.0	0.0	0.0	0.0	0.0	0.0	0.0	0.0	0.0	0.0	0.0	0.0	0.0	0.0	0.0	0.0	0.0	0.0	0.0	0.0	0.0	0.0	0.0	0.0	0.0	0.0	0.16666666666666666	0.0	0.0	0.0	0.0	0.0	0.0	0.0	0.0	0.0	0.0	0.0	0.0	0.0	0.0	0.0	0.0	0.0	
Red Phalarope	0.0	0.0	0.0	0.0	0.0	0.0	0.0	0.0	0.0	0.0	0.0	0.0	0.0	0.0	0.0	0.0	0.0	0.0	0.0	0.0	0.0	0.0	0.0	0.0	0.0	0.0	0.0	0.0	0.0	0.0	0.0	0.1111111111111111	0.0	0.0	0.0	0.0	0.0	0.0	0.0	0.0	0.0	0.0	0.0	0.0	0.0	0.0	0.0	0.0	
Spotted Sandpiper	0.0	0.0	0.0	0.0	0.0	0.0	0.0	0.0	0.0	0.0	0.0	0.0	0.0	0.0	0.0	0.0	0.0	0.0	0.0	0.024390243902439025	0.0	0.0	0.0	0.0	0.0	0.0	0.07692307692307693	0.0	0.1111111111111111	0.0	0.0	0.1111111111111111	0.0	0.0	0.0	0.0	0.0	0.0	0.0	0.0	0.0	0.0	0.0	0.0	0.0	0.0	0.0	0.0	
Greater Yellowlegs	0.043478260869565216	0.0625	0.0	0.0	0.043478260869565216	0.05263157894736842	0.043478260869565216	0.0	0.05263157894736842	0.0	0.0	0.0	0.06666666666666667	0.0	0.07142857142857142	0.0	0.0	0.1	0.0	0.0	0.0	0.0	0.0	0.0	0.0	0.0	0.0	0.0	0.0	0.0	0.0	0.0	0.0	0.0	0.0	0.0	0.058823529411764705	0.0	0.05555555555555555	0.0	0.05	0.07692307692307693	0.05	0.0	0.05555555555555555	0.0	0.0	0.06666666666666667	
Lesser Yellowlegs	0.0	0.0	0.0	0.0	0.0	0.0	0.0	0.0	0.0	0.0	0.0	0.0	0.0	0.0	0.0	0.0	0.0	0.0	0.0	0.0	0.0	0.0	0.0	0.0	0.0	0.0	0.0	0.0	0.0	0.0	0.0	0.0	0.0	0.0	0.0625	0.058823529411764705	0.0	0.0	0.0	0.0	0.0	0.0	0.0	0.0	0.0	0.0	0.0	0.0	
Parasitic Jaeger	0.0	0.0	0.0	0.0	0.0	0.0	0.0	0.0	0.0	0.0	0.0	0.0	0.0	0.0	0.0	0.0	0.0	0.0	0.0	0.0	0.0	0.0	0.0	0.0	0.0	0.0	0.0	0.0	0.0	0.0	0.0	0.0	0.0	0.0	0.0	0.0	0.0	0.0	0.0	0.047619047619047616	0.0	0.0	0.0	0.0	0.0	0.0	0.0	0.0	
Common Murre	0.17391304347826086	0.25	0.2	0.28125	0.21739130434782608	0.10526315789473684	0.17391304347826086	0.05	0.05263157894736842	0.16666666666666666	0.047619047619047616	0.1111111111111111	0.13333333333333333	0.0	0.0	0.05	0.0	0.0	0.0	0.0	0.0	0.0	0.0	0.0	0.0	0.0	0.0	0.2	0.0	0.0	0.16666666666666666	0.0	0.0	0.0	0.125	0.11764705882352941	0.058823529411764705	0.1875	0.0	0.047619047619047616	0.15	0.2692307692307692	0.1	0.375	0.2222222222222222	0.15	0.13333333333333333	0.3333333333333333	
Pigeon Guillemot	0.34782608695652173	0.3125	0.26666666666666666	0.625	0.43478260869565216	0.5789473684210527	0.5652173913043478	0.4	0.5789473684210527	0.4444444444444444	0.6190476190476191	0.6666666666666666	0.6666666666666666	0.6428571428571429	0.7142857142857143	0.5	0.75	0.8	0.6	0.5609756097560976	0.7777777777777778	0.7	0.6666666666666666	0.5	0.4	0.75	0.5384615384615384	0.6	0.7777777777777778	0.8	1.0	0.3333333333333333	0.9	0.4166666666666667	0.6875	0.6470588235294118	0.47058823529411764	0.625	0.4444444444444444	0.5238095238095238	0.25	0.5	0.45	0.5416666666666666	0.4444444444444444	0.55	0.6	0.6666666666666666	
Marbled Murrelet	0.0015	0.25	0.2	0.1875	0.13043478260869565	0.10526315789473684	0.08695652173913043	0.1	0.15789473684210525	0.05555555555555555	0.14285714285714285	0.1111111111111111	0.0	0.0	0.07142857142857142	0.1	0.0	0.1	0.0	0.024390243902439025	0.0	0.4	0.0	0.0	0.2	0.0	0.0	0.0	0.0	0.0	0.3333333333333333	0.1111111111111111	0.1	0.0	0.0625	0.0	0.058823529411764705	0.0	0.1111111111111111	0.047619047619047616	0.05	0.15384615384615385	0.05	0.08333333333333333	0.16666666666666666	0.1	0.13333333333333333	0.26666666666666666	
Ancient Murrelet	0.043478260869565216	0.0	0.0	0.03125	0.0015	0.05263157894736842	0.0	0.0	0.0	0.0	0.0	0.0	0.0	0.0	0.0	0.0	0.0	0.0	0.0	0.0	0.0	0.0	0.0	0.0	0.0	0.0	0.0	0.0	0.0	0.0	0.0	0.0	0.0	0.0	0.0	0.0	0.0	0.0	0.0	0.0	0.0	0.038461538461538464	0.05	0.0	0.1111111111111111	0.05	0.06666666666666667	0.06666666666666667	
murrelet sp.	0.0	0.0	0.0	0.0	0.0	0.0	0.0	0.05	0.0	0.0	0.0	0.0	0.0	0.0	0.0	0.0	0.0	0.0	0.0	0.0	0.0	0.0	0.0	0.0	0.0	0.0	0.0	0.0	0.0	0.0	0.0	0.0	0.0	0.0	0.0	0.0	0.0	0.0	0.0	0.0	0.0	0.0	0.0	0.0	0.0	0.0	0.0	0.0	
Cassin's Auklet	0.0	0.0	0.0	0.0	0.0	0.0	0.0	0.0	0.0	0.0	0.0	0.0	0.0	0.0	0.0	0.0	0.0	0.0	0.0	0.0	0.0	0.0	0.0	0.0	0.0	0.0	0.0	0.0	0.0015	0.0	0.0	0.0	0.0	0.0	0.0	0.0	0.0	0.0	0.0	0.0	0.0	0.0	0.0	0.0	0.0	0.0	0.0	0.0	
Rhinoceros Auklet	0.043478260869565216	0.0	0.0	0.0	0.043478260869565216	0.05263157894736842	0.0	0.05	0.10526315789473684	0.16666666666666666	0.14285714285714285	0.25925925925925924	0.2	0.35714285714285715	0.2857142857142857	0.15	0.16666666666666666	0.2	0.2	0.4146341463414634	0.3333333333333333	0.6	0.3333333333333333	0.2	0.4	0.5	0.6153846153846154	0.4	0.5555555555555556	0.8	0.6666666666666666	0.2222222222222222	0.1	0.08333333333333333	0.125	0.17647058823529413	0.0	0.125	0.0	0.14285714285714285	0.1	0.19230769230769232	0.1	0.041666666666666664	0.05555555555555555	0.0	0.0	0.2	
alcid sp.	0.0	0.0	0.0	0.0	0.0	0.0	0.0	0.0	0.0	0.0	0.0	0.0	0.0	0.0	0.0	0.0	0.0	0.0	0.0	0.0	0.0	0.0	0.0	0.0	0.0	0.0	0.0	0.0	0.0	0.0	0.0	0.0	0.0	0.0	0.0	0.0	0.0	0.0	0.0	0.0	0.0	0.0	0.0	0.0	0.0	0.05	0.0	0.0	
Black-legged Kittiwake	0.0	0.0	0.0	0.0	0.0	0.0	0.0	0.0	0.0	0.05555555555555555	0.0	0.0	0.0	0.0	0.0	0.0	0.0	0.0	0.0	0.0	0.0	0.0	0.0	0.0	0.0	0.0	0.0	0.0	0.0	0.0	0.0	0.0	0.0	0.0	0.0	0.0	0.0	0.0	0.0	0.0	0.0	0.0	0.0	0.0	0.0	0.0	0.0	0.0	
Bonaparte's Gull	0.0	0.0015	0.0	0.0	0.0	0.0	0.0	0.0	0.0	0.0	0.0	0.0	0.0	0.0	0.07142857142857142	0.1	0.08333333333333333	0.0	0.0	0.0	0.0	0.0	0.0	0.0	0.0	0.0	0.0	0.1	0.2222222222222222	0.2	0.3333333333333333	0.2222222222222222	0.0	0.0	0.0625	0.058823529411764705	0.0	0.0625	0.0	0.0	0.0	0.038461538461538464	0.0	0.041666666666666664	0.05555555555555555	0.0	0.0	0.0	
Heermann's Gull	0.0	0.0	0.0	0.0	0.0	0.0	0.0	0.0	0.05263157894736842	0.0	0.0	0.0	0.0	0.0	0.0	0.0	0.0	0.0	0.0	0.0	0.0	0.0	0.0	0.2	0.4	0.25	0.5384615384615384	0.2	0.8888888888888888	0.6	0.8333333333333334	0.2222222222222222	0.2	0.08333333333333333	0.375	0.23529411764705882	0.35294117647058826	0.125	0.0	0.19047619047619047	0.05	0.038461538461538464	0.0	0.0	0.05555555555555555	0.0	0.0	0.0	
Mew Gull	0.6086956521739131	0.5	0.4	0.625	0.4782608695652174	0.42105263157894735	0.4782608695652174	0.55	0.5263157894736842	0.2777777777777778	0.2857142857142857	0.25925925925925924	0.13333333333333333	0.0	0.07142857142857142	0.05	0.0	0.0	0.0	0.04878048780487805	0.0	0.0	0.0	0.0	0.0	0.0	0.0	0.1	0.0	0.0	0.0	0.1111111111111111	0.0	0.0	0.25	0.058823529411764705	0.17647058823529413	0.25	0.16666666666666666	0.42857142857142855	0.3	0.34615384615384615	0.5	0.4166666666666667	0.2777777777777778	0.55	0.3333333333333333	0.8	
Ring-billed Gull	0.0	0.0	0.0	0.0	0.0	0.0	0.0	0.0	0.0	0.0	0.0	0.0	0.0	0.0	0.0	0.0	0.0	0.0	0.0	0.0	0.0	0.0	0.0	0.0	0.0	0.0	0.0	0.0	0.0	0.0	0.16666666666666666	0.1111111111111111	0.0	0.0	0.0625	0.0	0.0	0.0	0.0	0.0	0.0	0.038461538461538464	0.0	0.041666666666666664	0.0	0.05	0.0	0.0	
Western Gull	0.0	0.0	0.06666666666666667	0.0625	0.0	0.05263157894736842	0.0	0.0	0.05263157894736842	0.0	0.047619047619047616	0.07407407407407407	0.06666666666666667	0.07142857142857142	0.0	0.0	0.0	0.2	0.0	0.04878048780487805	0.0	0.2	0.1111111111111111	0.1	0.2	0.0	0.0	0.0	0.1111111111111111	0.2	0.16666666666666666	0.0	0.1	0.0	0.1875	0.058823529411764705	0.0	0.0625	0.0	0.14285714285714285	0.0	0.0	0.0	0.0	0.0	0.0	0.06666666666666667	0.0	
California Gull	0.08695652173913043	0.125	0.06666666666666667	0.125	0.13043478260869565	0.10526315789473684	0.043478260869565216	0.05	0.05263157894736842	0.0	0.14285714285714285	0.037037037037037035	0.06666666666666667	0.0	0.0	0.0	0.0	0.0	0.0	0.0	0.0	0.0	0.0	0.0	0.2	0.25	0.07692307692307693	0.3	0.6666666666666666	0.0	0.3333333333333333	0.0	0.1	0.08333333333333333	0.25	0.0	0.11764705882352941	0.125	0.16666666666666666	0.2857142857142857	0.15	0.19230769230769232	0.1	0.041666666666666664	0.0	0.0	0.06666666666666667	0.0	
Herring Gull	0.0	0.0	0.0	0.0625	0.0	0.0	0.08695652173913043	0.05	0.0	0.0	0.0	0.0	0.0	0.0	0.0	0.0	0.0	0.0	0.0	0.0	0.0	0.0	0.0	0.0	0.0	0.0	0.0	0.0	0.0	0.0	0.0	0.0	0.0	0.0	0.0625	0.0	0.0	0.0	0.0	0.047619047619047616	0.05	0.0	0.0	0.041666666666666664	0.0	0.0	0.0	0.0	
Iceland Gull	0.043478260869565216	0.0	0.0	0.03125	0.0	0.0	0.0	0.05	0.10526315789473684	0.0	0.047619047619047616	0.0	0.0	0.0	0.0	0.0	0.08333333333333333	0.0	0.0	0.0	0.0	0.0	0.0	0.0	0.0	0.0	0.0	0.0	0.0	0.0	0.0	0.0	0.0	0.0	0.0	0.0	0.0	0.0	0.0	0.0	0.0	0.0	0.0	0.0	0.05555555555555555	0.0	0.0	0.0	
Glaucous-winged Gull	0.6521739130434783	0.5625	0.5333333333333333	0.6875	0.6521739130434783	0.5789473684210527	0.6521739130434783	0.75	0.7368421052631579	0.6111111111111112	0.5238095238095238	0.6666666666666666	0.8	0.5	0.5	0.5	0.75	0.7	0.4	0.7073170731707317	0.7777777777777778	0.7	0.5555555555555556	0.3	0.4	0.5	0.6923076923076923	0.3	0.8888888888888888	0.8	0.8333333333333334	0.4444444444444444	0.8	0.5833333333333334	0.8125	0.6470588235294118	0.7647058823529411	0.875	0.6666666666666666	0.7619047619047619	0.6	0.6538461538461539	0.65	0.625	0.5555555555555556	0.6	0.7333333333333333	0.7333333333333333	
Western x Glaucous-winged Gull (hybrid)	0.043478260869565216	0.0625	0.0	0.0625	0.13043478260869565	0.10526315789473684	0.17391304347826086	0.05	0.15789473684210525	0.16666666666666666	0.09523809523809523	0.14814814814814814	0.13333333333333333	0.07142857142857142	0.07142857142857142	0.0	0.0	0.1	0.06666666666666667	0.024390243902439025	0.0	0.0	0.0	0.0	0.2	0.25	0.0	0.0	0.0	0.0	0.16666666666666666	0.0	0.0	0.0	0.125	0.058823529411764705	0.0	0.125	0.0	0.047619047619047616	0.05	0.038461538461538464	0.2	0.041666666666666664	0.05555555555555555	0.15	0.06666666666666667	0.13333333333333333	
Herring x Glaucous-winged Gull (hybrid)	0.0	0.0	0.0	0.03125	0.0	0.0	0.0	0.0	0.0	0.0	0.0	0.0	0.0	0.0	0.0	0.0	0.0	0.0	0.0	0.0	0.0	0.0	0.0	0.0	0.0	0.0	0.0	0.0	0.0	0.0	0.0	0.0	0.0	0.0	0.0	0.0	0.0	0.0	0.0	0.047619047619047616	0.0	0.0	0.0	0.0	0.0	0.0	0.0	0.0	
Western/Glaucous-winged Gull	0.0	0.0	0.0	0.03125	0.0	0.05263157894736842	0.0	0.0	0.0	0.0	0.09523809523809523	0.0	0.0	0.0	0.0	0.0	0.0	0.0	0.0	0.0	0.0	0.0	0.0	0.0	0.0	0.0	0.07692307692307693	0.0	0.1111111111111111	0.0	0.0	0.2222222222222222	0.0	0.0015	0.0	0.0	0.058823529411764705	0.0	0.0	0.0	0.0	0.0	0.0	0.041666666666666664	0.0	0.0	0.0	0.06666666666666667	
Larus sp.	0.043478260869565216	0.0	0.06666666666666667	0.0	0.043478260869565216	0.0	0.0	0.05	0.0	0.05555555555555555	0.0	0.0	0.0	0.07142857142857142	0.0	0.0	0.0	0.0	0.0	0.0	0.0	0.0	0.0	0.0	0.0	0.0	0.0	0.0	0.1111111111111111	0.0	0.0	0.0	0.0	0.0	0.0	0.0	0.0	0.0	0.0	0.0	0.0	0.0	0.05	0.041666666666666664	0.0	0.05	0.06666666666666667	0.0	
gull sp.	0.17391304347826086	0.25	0.2	0.125	0.2608695652173913	0.21052631578947367	0.08695652173913043	0.1	0.10526315789473684	0.1111111111111111	0.23809523809523808	0.2222222222222222	0.2	0.14285714285714285	0.14285714285714285	0.0	0.25	0.1	0.2	0.04878048780487805	0.2222222222222222	0.1	0.1111111111111111	0.0	0.0	0.0	0.23076923076923078	0.0	0.6666666666666666	0.2	0.16666666666666666	0.0	0.2	0.25	0.4375	0.058823529411764705	0.17647058823529413	0.1875	0.2222222222222222	0.0	0.15	0.0	0.25	0.16666666666666666	0.05555555555555555	0.15	0.26666666666666666	0.13333333333333333	
Caspian Tern	0.0	0.0	0.0	0.0	0.0	0.0	0.0	0.0	0.0	0.0	0.0	0.0	0.06666666666666667	0.0	0.2857142857142857	0.2	0.25	0.5	0.0	0.24390243902439024	0.1111111111111111	0.4	0.3333333333333333	0.1	0.2	0.5	0.46153846153846156	0.4	0.4444444444444444	0.4	0.5	0.3333333333333333	0.2	0.08333333333333333	0.0625	0.0	0.058823529411764705	0.0	0.0	0.0	0.0	0.0	0.0	0.0	0.0	0.0	0.0	0.0	
Common Tern	0.0	0.0	0.0	0.0	0.0	0.0	0.0	0.0	0.0	0.0	0.0	0.0	0.0	0.0	0.0	0.0	0.0	0.0	0.0	0.0	0.0	0.0	0.0	0.1	0.0	0.0	0.0	0.0	0.0	0.0	0.0	0.1111111111111111	0.0	0.0	0.0	0.0	0.0	0.0	0.0	0.0	0.0	0.0	0.0	0.0	0.0	0.0	0.0	0.0	
Red-throated Loon	0.0015	0.125	0.0	0.0625	0.043478260869565216	0.05263157894736842	0.043478260869565216	0.1	0.10526315789473684	0.1111111111111111	0.047619047619047616	0.0	0.0	0.0	0.0	0.0	0.0	0.0	0.0	0.0	0.0	0.0	0.0	0.0	0.0	0.0	0.0	0.0	0.0	0.0	0.0	0.0	0.0	0.0	0.0	0.0	0.0	0.0625	0.0	0.047619047619047616	0.05	0.0	0.0	0.08333333333333333	0.05555555555555555	0.1	0.0015	0.06666666666666667	
Pacific Loon	0.2608695652173913	0.1875	0.06666666666666667	0.21875	0.21739130434782608	0.10526315789473684	0.34782608695652173	0.15	0.21052631578947367	0.1111111111111111	0.23809523809523808	0.25925925925925924	0.13333333333333333	0.07142857142857142	0.07142857142857142	0.05	0.0	0.0	0.0	0.07317073170731707	0.0	0.0	0.0	0.0	0.0	0.0	0.0	0.0	0.0015	0.0	0.0	0.0	0.0	0.08333333333333333	0.0625	0.0	0.11764705882352941	0.25	0.0	0.23809523809523808	0.05	0.38461538461538464	0.3	0.25	0.05555555555555555	0.25	0.3333333333333333	0.26666666666666666	
Common Loon	0.6956521739130435	0.5625	0.7333333333333333	0.78125	0.6521739130434783	0.6842105263157895	0.7391304347826086	0.75	0.7894736842105263	0.5555555555555556	0.5714285714285714	0.6296296296296297	0.6666666666666666	0.5714285714285714	0.6428571428571429	0.3	0.4166666666666667	0.2	0.0	0.024390243902439025	0.1111111111111111	0.0	0.2222222222222222	0.0	0.0	0.0	0.0	0.1	0.0	0.2	0.16666666666666666	0.0	0.4	0.16666666666666666	0.75	0.6470588235294118	0.7058823529411765	0.9375	0.6666666666666666	0.9523809523809523	0.75	0.7692307692307693	0.75	0.7916666666666666	0.9444444444444444	0.8	0.5333333333333333	0.8666666666666667	
Yellow-billed Loon	0.0	0.0	0.0	0.03125	0.043478260869565216	0.0	0.0	0.0	0.0	0.05555555555555555	0.0	0.037037037037037035	0.0	0.0	0.0	0.0	0.0	0.0	0.0	0.0	0.0	0.0	0.0	0.0	0.0	0.0	0.0	0.0	0.0	0.0	0.0	0.0	0.0	0.0	0.0	0.0	0.0	0.0625	0.0	0.0	0.05	0.0	0.0	0.0	0.05555555555555555	0.0	0.0	0.0	
loon sp.	0.0	0.0	0.0	0.0	0.0	0.05263157894736842	0.0	0.0	0.0	0.0	0.0	0.0	0.0	0.0	0.0	0.05	0.0	0.0	0.0	0.04878048780487805	0.0	0.0	0.0	0.0	0.0	0.0	0.0	0.0	0.0	0.0	0.0	0.0	0.0	0.0	0.0	0.0	0.0	0.0	0.0	0.0	0.0	0.0	0.0	0.0	0.0	0.0	0.0	0.0	
Leach's Storm-Petrel	0.0	0.0	0.0	0.0	0.0	0.0	0.0	0.0	0.0	0.0	0.0	0.0	0.0	0.0	0.0	0.0	0.0	0.0	0.0	0.0	0.0	0.0	0.0	0.0	0.0	0.0	0.0	0.0	0.0	0.0	0.16666666666666666	0.0	0.0	0.0	0.0	0.0	0.0	0.0	0.0	0.0	0.0	0.0	0.0	0.0	0.0	0.0	0.0	0.0	
Short-tailed Shearwater	0.0	0.0	0.0	0.0	0.0	0.0	0.0	0.0	0.0	0.0	0.0	0.0	0.0	0.0	0.0	0.0	0.0	0.0	0.0	0.0	0.0	0.0	0.0	0.0	0.0	0.0	0.0	0.0	0.0	0.0	0.0	0.0	0.0	0.0	0.0	0.0	0.0	0.0	0.0	0.0	0.0	0.0	0.0	0.0	0.0	0.0	0.0	0.06666666666666667	
Sooty/Short-tailed Shearwater	0.0	0.0	0.0	0.0	0.0	0.0	0.0	0.0	0.0	0.0	0.0	0.0	0.0	0.0	0.0	0.0	0.0	0.0	0.0	0.0	0.0	0.0	0.0	0.0	0.0	0.0	0.0	0.0	0.0	0.0	0.0	0.0	0.0	0.0	0.0	0.0	0.0	0.0	0.0	0.0	0.05	0.0	0.0	0.0	0.0	0.0	0.0	0.0	
Brandt's Cormorant	0.043478260869565216	0.0	0.13333333333333333	0.15625	0.08695652173913043	0.05263157894736842	0.13043478260869565	0.15	0.21052631578947367	0.1111111111111111	0.19047619047619047	0.3333333333333333	0.2	0.07142857142857142	0.0	0.1	0.0	0.0	0.06666666666666667	0.024390243902439025	0.1111111111111111	0.0	0.0	0.0	0.2	0.25	0.0	0.1	0.0	0.0	0.16666666666666666	0.0	0.1	0.0	0.1875	0.23529411764705882	0.23529411764705882	0.0625	0.16666666666666666	0.09523809523809523	0.15	0.15384615384615385	0.2	0.20833333333333334	0.2777777777777778	0.1	0.3333333333333333	0.2	
Pelagic Cormorant	0.782608695652174	0.8125	0.8666666666666667	0.8125	0.782608695652174	0.7368421052631579	0.782608695652174	0.7	0.8421052631578947	0.5555555555555556	0.9047619047619048	0.8888888888888888	0.8666666666666667	0.7857142857142857	0.6428571428571429	0.4	0.75	0.5	0.6	0.4146341463414634	0.7777777777777778	0.6	0.2222222222222222	0.2	0.6	0.5	0.23076923076923078	0.3	0.4444444444444444	0.8	0.8333333333333334	0.5555555555555556	0.9	0.6666666666666666	0.9375	0.8235294117647058	0.7647058823529411	0.75	0.8333333333333334	0.9047619047619048	0.9	0.7692307692307693	0.9	0.8333333333333334	0.9444444444444444	0.85	0.9333333333333333	0.8666666666666667	
Double-crested Cormorant	0.6956521739130435	0.75	0.9333333333333333	0.875	0.782608695652174	0.7368421052631579	0.9130434782608695	0.85	0.7894736842105263	0.5555555555555556	0.8571428571428571	0.8518518518518519	0.8	0.7857142857142857	0.42857142857142855	0.45	0.4166666666666667	0.5	0.2	0.1951219512195122	0.3333333333333333	0.1	0.2222222222222222	0.3	0.4	0.0	0.07692307692307693	0.3	0.4444444444444444	0.8	0.8333333333333334	0.6666666666666666	0.9	0.75	0.9375	0.9411764705882353	0.8235294117647058	0.9375	0.8333333333333334	0.9523809523809523	0.95	0.8461538461538461	0.95	0.875	0.9444444444444444	0.85	0.8666666666666667	0.8666666666666667	
cormorant sp.	0.0	0.0625	0.0	0.0	0.0	0.0	0.0	0.05	0.0	0.05555555555555555	0.14285714285714285	0.037037037037037035	0.0	0.0	0.0	0.05	0.0	0.0	0.06666666666666667	0.14634146341463414	0.0	0.2	0.1111111111111111	0.0	0.0	0.0	0.0	0.0	0.2222222222222222	0.0	0.0	0.0	0.0	0.0	0.0625	0.058823529411764705	0.0	0.0	0.0	0.0	0.0	0.0	0.05	0.041666666666666664	0.0	0.05	0.0	0.0	
Brown Pelican	0.0	0.0	0.0	0.0	0.0	0.0	0.0	0.0	0.0	0.0	0.0	0.0	0.0	0.0	0.0	0.0	0.0	0.0	0.0	0.0	0.0	0.0	0.0	0.0	0.0	0.0	0.07692307692307693	0.1	0.0	0.0	0.0	0.0	0.0	0.0	0.0	0.11764705882352941	0.0	0.0	0.0	0.0	0.0	0.0	0.0	0.0	0.0	0.0	0.0	0.0	
Great Blue Heron	0.13043478260869565	0.125	0.06666666666666667	0.125	0.21739130434782608	0.3157894736842105	0.391304347826087	0.3	0.3684210526315789	0.3333333333333333	0.23809523809523808	0.25925925925925924	0.26666666666666666	0.14285714285714285	0.21428571428571427	0.2	0.25	0.1	0.26666666666666666	0.21951219512195122	0.1111111111111111	0.3	0.4444444444444444	0.3	0.2	0.25	0.07692307692307693	0.4	0.2222222222222222	0.6	0.6666666666666666	0.1111111111111111	0.4	0.5	0.5	0.17647058823529413	0.4117647058823529	0.4375	0.2777777777777778	0.09523809523809523	0.3	0.19230769230769232	0.3	0.041666666666666664	0.05555555555555555	0.1	0.0	0.3333333333333333	
Turkey Vulture	0.0	0.0	0.0	0.0	0.0	0.0	0.0	0.0	0.0	0.0	0.0	0.0	0.0	0.0	0.0	0.05	0.0	0.0	0.0	0.024390243902439025	0.0	0.0	0.0	0.0	0.0	0.0	0.0	0.0	0.0	0.0	0.0	0.0	0.0	0.0	0.0	0.0	0.0	0.0	0.0	0.0	0.0	0.0	0.05	0.0	0.0	0.0	0.0	0.0	
Osprey	0.0	0.0	0.0	0.0	0.0	0.0	0.0	0.0	0.0	0.0	0.0	0.0	0.0	0.0	0.0	0.0	0.0	0.0	0.0	0.0	0.0	0.0	0.0015	0.0	0.2	0.0	0.07692307692307693	0.0	0.0	0.0	0.0	0.1111111111111111	0.0	0.0	0.0	0.0	0.0	0.0	0.0	0.0	0.0	0.0	0.0	0.0	0.0	0.0	0.0	0.0	
Northern Harrier	0.08695652173913043	0.0625	0.13333333333333333	0.03125	0.13043478260869565	0.05263157894736842	0.08695652173913043	0.05	0.05263157894736842	0.05555555555555555	0.23809523809523808	0.037037037037037035	0.0	0.0	0.14285714285714285	0.0	0.0	0.0	0.0	0.0	0.0	0.0	0.0	0.0	0.0	0.0	0.0	0.0	0.0	0.0	0.0	0.1111111111111111	0.0	0.0	0.0	0.058823529411764705	0.0	0.0625	0.16666666666666666	0.047619047619047616	0.05	0.11538461538461539	0.15	0.125	0.05555555555555555	0.1	0.0	0.06666666666666667	
Sharp-shinned Hawk	0.0	0.0	0.0	0.0	0.0	0.0	0.0	0.0	0.0	0.0	0.047619047619047616	0.037037037037037035	0.0	0.0	0.0	0.0	0.08333333333333333	0.0	0.0	0.0	0.0	0.0	0.0	0.0	0.0	0.25	0.0	0.0	0.0	0.0	0.0	0.0	0.0	0.0	0.0	0.0	0.0	0.0	0.0	0.0	0.05	0.0	0.05	0.0	0.0	0.0	0.06666666666666667	0.0	
Cooper's Hawk	0.0	0.0	0.06666666666666667	0.0	0.0	0.0	0.043478260869565216	0.0	0.0	0.0	0.047619047619047616	0.037037037037037035	0.0	0.0	0.0	0.0	0.0	0.0	0.0	0.0	0.0	0.0	0.0	0.0	0.0	0.0	0.0	0.1	0.1111111111111111	0.2	0.0	0.0	0.1	0.0	0.0625	0.058823529411764705	0.0	0.0	0.0	0.047619047619047616	0.05	0.038461538461538464	0.0	0.041666666666666664	0.0	0.05	0.0	0.0	
Bald Eagle	0.6521739130434783	0.6875	0.8666666666666667	0.71875	0.7391304347826086	0.7368421052631579	0.7391304347826086	0.8	0.8421052631578947	0.5555555555555556	0.6666666666666666	0.7777777777777778	0.7333333333333333	0.7857142857142857	0.7142857142857143	0.4	0.8333333333333334	0.7	0.7333333333333333	0.5365853658536586	0.3333333333333333	0.6	0.6666666666666666	0.3	0.8	0.5	0.5384615384615384	0.3	0.2222222222222222	0.4	0.6666666666666666	0.2222222222222222	0.0	0.0	0.25	0.29411764705882354	0.35294117647058826	0.125	0.5	0.5714285714285714	0.75	0.6923076923076923	0.65	0.7916666666666666	0.6666666666666666	0.8	0.8	0.9333333333333333	
Red-tailed Hawk	0.08695652173913043	0.125	0.0	0.1875	0.043478260869565216	0.05263157894736842	0.13043478260869565	0.0	0.0	0.1111111111111111	0.14285714285714285	0.14814814814814814	0.13333333333333333	0.07142857142857142	0.21428571428571427	0.1	0.0	0.2	0.13333333333333333	0.0	0.0	0.0	0.1111111111111111	0.0	0.2	0.0	0.0	0.1	0.0	0.0	0.0	0.0	0.0	0.0	0.125	0.0	0.0	0.0625	0.0	0.09523809523809523	0.0	0.15384615384615385	0.1	0.041666666666666664	0.1111111111111111	0.15	0.0	0.2	
Barred Owl	0.0	0.0	0.0	0.03125	0.0	0.0	0.0	0.0	0.0	0.0	0.0	0.0	0.0	0.0	0.0	0.05	0.0	0.0	0.0	0.0	0.0	0.0	0.0	0.0	0.0	0.0	0.0	0.0	0.0	0.2	0.0	0.0	0.0	0.0	0.0	0.0	0.0	0.0	0.05555555555555555	0.0	0.0	0.0	0.0	0.0015	0.0	0.0	0.0	0.0	
Short-eared Owl	0.0	0.0625	0.0	0.0	0.0	0.0	0.0	0.0	0.0	0.0	0.0	0.0	0.0	0.0	0.0	0.0	0.0	0.0	0.0	0.0	0.0	0.0	0.0	0.0	0.0	0.0	0.0	0.0	0.0	0.0	0.0	0.0	0.0	0.0	0.0	0.0	0.0	0.0	0.05555555555555555	0.0	0.0	0.0	0.0	0.0	0.0	0.0	0.0	0.06666666666666667	
Northern Saw-whet Owl	0.0	0.0	0.0	0.0	0.0	0.0	0.0	0.0	0.0	0.0	0.0	0.0	0.0	0.0	0.0	0.0	0.0	0.0	0.0	0.0	0.0	0.0	0.0	0.0	0.0	0.0	0.0	0.0	0.0	0.0	0.0	0.0	0.0	0.0	0.0	0.0	0.0	0.0	0.0	0.0	0.0	0.0	0.0	0.041666666666666664	0.0	0.0	0.0	0.0	
Belted Kingfisher	0.043478260869565216	0.0	0.06666666666666667	0.0625	0.043478260869565216	0.0	0.08695652173913043	0.0	0.0	0.05555555555555555	0.047619047619047616	0.037037037037037035	0.0	0.0	0.07142857142857142	0.05	0.0	0.0	0.0	0.0	0.2222222222222222	0.0	0.0	0.1	0.2	0.0	0.07692307692307693	0.1	0.0015	0.2	0.16666666666666666	0.0	0.2	0.25	0.25	0.29411764705882354	0.17647058823529413	0.0	0.1111111111111111	0.09523809523809523	0.2	0.038461538461538464	0.05	0.041666666666666664	0.16666666666666666	0.1	0.0	0.13333333333333333	
Red-breasted Sapsucker	0.0	0.0	0.0	0.0	0.0	0.0	0.0	0.0	0.0	0.0	0.047619047619047616	0.0	0.0	0.0	0.0	0.0	0.0	0.0	0.0	0.024390243902439025	0.2222222222222222	0.1	0.1111111111111111	0.0	0.0	0.0	0.0	0.0	0.0	0.0	0.0	0.0	0.0	0.0	0.0	0.0	0.058823529411764705	0.0	0.0	0.0	0.0	0.0	0.0	0.0	0.0	0.05	0.0	0.0	
Downy Woodpecker	0.0	0.0	0.0	0.03125	0.0	0.05263157894736842	0.043478260869565216	0.05	0.10526315789473684	0.0	0.0	0.037037037037037035	0.06666666666666667	0.0	0.0	0.05	0.0	0.0	0.0	0.024390243902439025	0.0	0.0	0.2222222222222222	0.0	0.0	0.0	0.0	0.0	0.0	0.0	0.0	0.0	0.0	0.0	0.0625	0.058823529411764705	0.058823529411764705	0.0	0.05555555555555555	0.0	0.05	0.038461538461538464	0.0	0.0	0.05555555555555555	0.0	0.0	0.06666666666666667	
Hairy Woodpecker	0.043478260869565216	0.0	0.0	0.03125	0.0	0.05263157894736842	0.0	0.0	0.0	0.0	0.0	0.14814814814814814	0.0	0.07142857142857142	0.0	0.0	0.0	0.1	0.06666666666666667	0.0	0.0	0.0	0.1111111111111111	0.0	0.0	0.0	0.0	0.0	0.0	0.4	0.0	0.0	0.2	0.0	0.1875	0.058823529411764705	0.058823529411764705	0.125	0.0	0.0	0.0	0.038461538461538464	0.0	0.041666666666666664	0.0	0.05	0.0	0.0	
Pileated Woodpecker	0.0	0.125	0.0	0.03125	0.0	0.0	0.043478260869565216	0.05	0.0	0.0	0.09523809523809523	0.07407407407407407	0.06666666666666667	0.0	0.14285714285714285	0.05	0.16666666666666666	0.1	0.13333333333333333	0.07317073170731707	0.0	0.0	0.0	0.1	0.0	0.25	0.15384615384615385	0.1	0.0	0.0	0.0	0.0	0.1	0.08333333333333333	0.0625	0.058823529411764705	0.058823529411764705	0.125	0.0	0.047619047619047616	0.0	0.0	0.0	0.0	0.0	0.0	0.06666666666666667	0.0	
Northern Flicker	0.43478260869565216	0.25	0.5333333333333333	0.28125	0.21739130434782608	0.21052631578947367	0.30434782608695654	0.45	0.2631578947368421	0.16666666666666666	0.38095238095238093	0.2222222222222222	0.26666666666666666	0.14285714285714285	0.0	0.1	0.0	0.0	0.13333333333333333	0.0	0.0015	0.0	0.3333333333333333	0.0	0.2	0.0	0.0	0.1	0.1111111111111111	0.0	0.16666666666666666	0.0	0.0	0.08333333333333333	0.3125	0.23529411764705882	0.29411764705882354	0.375	0.2222222222222222	0.23809523809523808	0.2	0.3076923076923077	0.6	0.4166666666666667	0.2777777777777778	0.4	0.3333333333333333	0.6	
American Kestrel	0.0	0.0	0.0	0.0	0.0	0.0	0.0	0.0	0.0	0.0	0.0	0.0	0.0	0.0	0.0	0.0	0.0	0.0	0.0	0.0	0.0	0.0	0.0	0.0	0.0	0.0	0.0	0.0	0.0	0.0	0.0	0.0	0.0	0.0	0.0	0.0	0.0	0.0	0.0	0.0	0.0	0.0	0.0	0.0	0.0	0.05	0.0	0.0	
Merlin	0.043478260869565216	0.0	0.0	0.0	0.043478260869565216	0.0	0.0	0.0	0.0	0.0	0.0	0.0	0.06666666666666667	0.0	0.0	0.0	0.0	0.0	0.0	0.0	0.0	0.0	0.0	0.0	0.0	0.0	0.0	0.0	0.0	0.0	0.0	0.0	0.0	0.0	0.0	0.0	0.0	0.0	0.0	0.0	0.1	0.038461538461538464	0.1	0.0	0.05555555555555555	0.0	0.0	0.0	
Peregrine Falcon	0.0	0.0625	0.0	0.03125	0.043478260869565216	0.0	0.043478260869565216	0.05	0.0	0.0	0.0	0.0	0.0	0.0	0.0	0.0	0.0	0.0	0.0	0.0	0.0	0.0	0.0	0.0	0.0	0.0	0.0	0.0	0.0	0.0	0.0	0.0	0.0	0.0	0.0	0.0	0.0	0.0625	0.0	0.047619047619047616	0.0	0.038461538461538464	0.0	0.0	0.0	0.0	0.06666666666666667	0.13333333333333333	
Olive-sided Flycatcher	0.0	0.0	0.0	0.0	0.0	0.0	0.0	0.0	0.0	0.0	0.0	0.0	0.0	0.0	0.0	0.0	0.08333333333333333	0.2	0.4	0.17073170731707318	0.3333333333333333	0.5	0.2222222222222222	0.4	0.0	0.25	0.23076923076923078	0.4	0.2222222222222222	0.0	0.0	0.0	0.0	0.0	0.0	0.0	0.0	0.0	0.0	0.0	0.0	0.0	0.0	0.0	0.0	0.0	0.0	0.0	
Western Wood-Pewee	0.0	0.0	0.0	0.0	0.0	0.0	0.0	0.0	0.0	0.0	0.0	0.0	0.0	0.0	0.0	0.0	0.0	0.1	0.0	0.07317073170731707	0.0	0.0	0.0	0.0	0.0	0.25	0.07692307692307693	0.1	0.0	0.0	0.0	0.0	0.0	0.0	0.0	0.0	0.0	0.0	0.0	0.0	0.0	0.0	0.0	0.0	0.0	0.0	0.0	0.0	
Willow Flycatcher	0.0	0.0	0.0	0.0	0.0	0.0	0.0	0.0	0.0	0.0	0.0	0.0	0.0	0.0	0.0	0.0	0.0	0.0	0.0	0.07317073170731707	0.3333333333333333	0.4	0.3333333333333333	0.1	0.4	0.5	0.23076923076923078	0.0	0.2222222222222222	0.0	0.0	0.0	0.0	0.0	0.0	0.0	0.0	0.0	0.0	0.0	0.0	0.0	0.0	0.0	0.0	0.0	0.0	0.0	
Hammond's Flycatcher	0.0	0.0	0.0	0.0	0.0	0.0	0.0	0.0	0.0	0.0	0.0	0.0	0.0	0.0	0.0	0.0	0.0	0.0	0.06666666666666667	0.024390243902439025	0.0	0.0	0.0	0.0	0.0	0.0	0.0	0.0	0.0	0.0	0.0	0.0	0.0	0.0	0.0	0.0	0.0	0.0	0.0	0.0	0.0	0.0	0.0	0.0	0.0	0.0	0.0	0.0	
Pacific-slope Flycatcher	0.0	0.0	0.0	0.0	0.0	0.0	0.0	0.0	0.0	0.0	0.0	0.0	0.0	0.0	0.0	0.35	0.5833333333333334	0.5	0.6666666666666666	0.6829268292682927	0.6666666666666666	0.6	0.3333333333333333	0.5	0.6	1.0	0.6923076923076923	0.4	0.3333333333333333	0.2	0.0	0.0	0.0	0.0	0.0	0.0	0.0	0.0	0.0	0.0	0.0	0.0	0.0	0.0	0.0	0.0	0.0	0.0	
Northern Shrike	0.0	0.0	0.0	0.0	0.0015	0.0	0.0	0.0	0.0	0.0	0.0	0.0	0.0	0.0	0.0	0.0	0.0	0.0	0.0	0.0	0.0	0.0	0.0	0.0	0.0	0.0	0.0	0.0	0.0	0.0	0.0	0.0	0.0	0.0	0.0	0.0	0.0	0.0	0.0	0.0	0.05	0.0	0.0	0.0	0.0	0.0	0.0	0.0	
Hutton's Vireo	0.0	0.0625	0.0	0.0	0.0	0.05263157894736842	0.0	0.0	0.0	0.05555555555555555	0.047619047619047616	0.07407407407407407	0.06666666666666667	0.0	0.07142857142857142	0.15	0.08333333333333333	0.1	0.06666666666666667	0.04878048780487805	0.0	0.0	0.0	0.2	0.0	0.0	0.0	0.0	0.0	0.0	0.0	0.0	0.1	0.0	0.0	0.0	0.0	0.0625	0.0	0.0	0.05	0.038461538461538464	0.0	0.0	0.0	0.0	0.0	0.0	
Cassin's Vireo	0.0	0.0	0.0	0.0	0.0	0.0	0.0	0.0	0.0	0.0	0.0	0.0	0.0	0.0	0.0	0.0	0.16666666666666666	0.0	0.0	0.0	0.0	0.0	0.0	0.0	0.0	0.0	0.0	0.0	0.0	0.0	0.0	0.0	0.0	0.0	0.0	0.0	0.0	0.0	0.0	0.0	0.0	0.0	0.0	0.0	0.0	0.0	0.0	0.0	
Warbling Vireo	0.0	0.0	0.0	0.0	0.0	0.0	0.0	0.0	0.0	0.0	0.0	0.0	0.0	0.0	0.0	0.0	0.0	0.1	0.2	0.0	0.0	0.2	0.0	0.1	0.0	0.0	0.0	0.0	0.0	0.0	0.0	0.0	0.0	0.0	0.0	0.0	0.0	0.0	0.0	0.0	0.0	0.0	0.0	0.0	0.0	0.0	0.0	0.0	
Steller's Jay	0.0	0.0	0.06666666666666667	0.0	0.08695652173913043	0.0	0.0	0.05	0.0	0.1111111111111111	0.047619047619047616	0.0015	0.0	0.0	0.0	0.0	0.0	0.1	0.06666666666666667	0.14634146341463414	0.0	0.0	0.0	0.1	0.0	0.0	0.0	0.0	0.0015	0.0	0.16666666666666666	0.0	0.1	0.16666666666666666	0.0	0.058823529411764705	0.058823529411764705	0.25	0.05555555555555555	0.047619047619047616	0.05	0.11538461538461539	0.0	0.041666666666666664	0.0	0.05	0.0	0.0	
American Crow	0.13043478260869565	0.1875	0.4666666666666667	0.375	0.5217391304347826	0.3684210526315789	0.5217391304347826	0.35	0.47368421052631576	0.3333333333333333	0.6666666666666666	0.7777777777777778	0.7333333333333333	0.7857142857142857	0.6428571428571429	0.35	0.75	0.6	0.6	0.7804878048780488	0.5555555555555556	0.6	0.4444444444444444	0.4	0.4	0.5	0.46153846153846156	0.3	0.3333333333333333	0.6	0.3333333333333333	0.1111111111111111	0.6	0.16666666666666666	0.5	0.4117647058823529	0.4117647058823529	0.625	0.4444444444444444	0.6666666666666666	0.45	0.46153846153846156	0.5	0.375	0.3888888888888889	0.35	0.26666666666666666	0.5333333333333333	
Northwestern Crow	0.08695652173913043	0.0	0.0	0.0	0.0	0.0	0.08695652173913043	0.0	0.05263157894736842	0.0	0.047619047619047616	0.07407407407407407	0.06666666666666667	0.0	0.0	0.15	0.08333333333333333	0.2	0.0	0.04878048780487805	0.0	0.0	0.1111111111111111	0.1	0.2	0.0	0.0	0.1	0.2222222222222222	0.0	0.16666666666666666	0.1111111111111111	0.1	0.0	0.0	0.11764705882352941	0.058823529411764705	0.1875	0.1111111111111111	0.14285714285714285	0.05	0.0	0.0	0.0	0.0	0.0	0.0	0.0	
American/Northwestern Crow	0.08695652173913043	0.0	0.13333333333333333	0.09375	0.17391304347826086	0.15789473684210525	0.0	0.05	0.05263157894736842	0.1111111111111111	0.14285714285714285	0.14814814814814814	0.13333333333333333	0.14285714285714285	0.14285714285714285	0.2	0.0	0.1	0.2	0.024390243902439025	0.3333333333333333	0.1	0.2222222222222222	0.1	0.0	0.0	0.07692307692307693	0.0	0.1111111111111111	0.2	0.16666666666666666	0.3333333333333333	0.2	0.16666666666666666	0.25	0.058823529411764705	0.17647058823529413	0.125	0.2222222222222222	0.23809523809523808	0.25	0.15384615384615385	0.05	0.20833333333333334	0.05555555555555555	0.15	0.26666666666666666	0.2	
crow sp.	0.0	0.0	0.0	0.0	0.0	0.0	0.0	0.0	0.0	0.0	0.0	0.0	0.0	0.0	0.0	0.0	0.0	0.0	0.0	0.0	0.0	0.0	0.0	0.0	0.0	0.0	0.0	0.1	0.0	0.0	0.16666666666666666	0.0	0.0	0.0	0.0	0.0	0.0	0.0	0.0	0.0	0.0	0.0	0.0	0.0	0.0	0.0	0.0	0.0	
Common Raven	0.13043478260869565	0.25	0.26666666666666666	0.15625	0.13043478260869565	0.3157894736842105	0.30434782608695654	0.3	0.10526315789473684	0.16666666666666666	0.2857142857142857	0.4074074074074074	0.26666666666666666	0.21428571428571427	0.7857142857142857	0.35	0.3333333333333333	0.3	0.3333333333333333	0.24390243902439024	0.4444444444444444	0.2	0.2222222222222222	0.1	0.2	0.25	0.07692307692307693	0.2	0.1111111111111111	0.2	0.3333333333333333	0.3333333333333333	0.2	0.16666666666666666	0.25	0.23529411764705882	0.29411764705882354	0.25	0.2777777777777778	0.2857142857142857	0.3	0.15384615384615385	0.35	0.16666666666666666	0.1111111111111111	0.15	0.3333333333333333	0.4	
Northern Rough-winged Swallow	0.0	0.0	0.0	0.0	0.0	0.0	0.0	0.0	0.0	0.0	0.0	0.0	0.0	0.07142857142857142	0.14285714285714285	0.2	0.25	0.5	0.4	0.12195121951219512	0.3333333333333333	0.2	0.2222222222222222	0.2	0.0	0.0	0.23076923076923078	0.3	0.1111111111111111	0.0	0.0	0.0	0.0	0.0	0.0	0.0	0.0	0.0	0.0	0.0	0.0	0.0	0.0	0.0	0.0	0.0	0.0	0.0	
Purple Martin	0.0	0.0	0.0	0.0	0.0	0.0	0.0	0.0	0.0	0.0	0.0	0.0	0.0	0.0	0.0	0.0	0.0	0.1	0.06666666666666667	0.024390243902439025	0.0	0.0	0.0	0.0	0.2	0.0	0.0	0.0	0.2222222222222222	0.0	0.0	0.0	0.0	0.0	0.0	0.0	0.0	0.0	0.0	0.0	0.0	0.0	0.0	0.0	0.0	0.0	0.0	0.0	
Tree Swallow	0.0	0.0	0.0	0.03125	0.0	0.0	0.0	0.0	0.0	0.0	0.0	0.0	0.06666666666666667	0.07142857142857142	0.14285714285714285	0.25	0.08333333333333333	0.4	0.13333333333333333	0.24390243902439024	0.2222222222222222	0.0	0.2222222222222222	0.2	0.0	0.0	0.23076923076923078	0.1	0.0	0.0	0.0	0.1111111111111111	0.0	0.0	0.0	0.0	0.0	0.0	0.0	0.0	0.0	0.0	0.0	0.0	0.0	0.0	0.0	0.0	
Violet-green Swallow	0.0	0.0	0.0	0.0	0.0	0.0	0.0	0.0	0.0	0.0	0.0	0.1111111111111111	0.06666666666666667	0.07142857142857142	0.35714285714285715	0.45	0.4166666666666667	0.9	0.7333333333333333	0.6829268292682927	0.7777777777777778	0.6	0.7777777777777778	0.3	0.4	0.75	0.46153846153846156	0.2	0.2222222222222222	0.0	0.16666666666666666	0.1111111111111111	0.2	0.0	0.1875	0.0	0.0	0.0	0.0	0.0	0.0	0.0	0.0	0.0	0.0	0.0	0.0	0.0	
Barn Swallow	0.0	0.0	0.0	0.0	0.0	0.0	0.0	0.0	0.0	0.0	0.0	0.0	0.0	0.07142857142857142	0.07142857142857142	0.45	0.5833333333333334	0.6	0.8666666666666667	0.9024390243902439	0.8888888888888888	0.8	0.6666666666666666	0.8	0.8	1.0	0.8461538461538461	0.8	1.0	0.8	0.8333333333333334	0.6666666666666666	0.6	0.08333333333333333	0.125	0.0	0.058823529411764705	0.0	0.0	0.0	0.0	0.0	0.0	0.0	0.0	0.0	0.0	0.0	
Cliff Swallow	0.0	0.0	0.0	0.0	0.0	0.0	0.0	0.0	0.0	0.0	0.0	0.0	0.0	0.0	0.14285714285714285	0.2	0.08333333333333333	0.2	0.3333333333333333	0.5121951219512195	0.2222222222222222	0.2	0.3333333333333333	0.2	0.2	0.25	0.3076923076923077	0.1	0.1111111111111111	0.0	0.0	0.0	0.0	0.0	0.0	0.0	0.0	0.0	0.0	0.0	0.0	0.0	0.0	0.0	0.0	0.0	0.0	0.0	
swallow sp.	0.0	0.0	0.0	0.0	0.0	0.0	0.0	0.0	0.0	0.0	0.0	0.0	0.0	0.0	0.0	0.05	0.0	0.0	0.0	0.0	0.0	0.0	0.0	0.0	0.0	0.0	0.0	0.0	0.2222222222222222	0.0	0.0	0.0	0.0	0.0	0.0	0.0	0.0	0.0	0.0	0.0	0.0	0.0	0.0	0.0	0.0	0.0	0.0	0.0	
Black-capped Chickadee	0.0	0.0	0.06666666666666667	0.0	0.13043478260869565	0.10526315789473684	0.0	0.05	0.21052631578947367	0.0	0.0	0.0	0.0	0.07142857142857142	0.07142857142857142	0.0	0.0	0.2	0.06666666666666667	0.024390243902439025	0.0	0.0	0.2222222222222222	0.0	0.2	0.0	0.23076923076923078	0.0	0.0015	0.2	0.16666666666666666	0.1111111111111111	0.4	0.0	0.25	0.23529411764705882	0.058823529411764705	0.125	0.0	0.09523809523809523	0.05	0.038461538461538464	0.0015	0.041666666666666664	0.05555555555555555	0.1	0.06666666666666667	0.06666666666666667	
Chestnut-backed Chickadee	0.21739130434782608	0.25	0.26666666666666666	0.3125	0.2608695652173913	0.3684210526315789	0.30434782608695654	0.3	0.2631578947368421	0.05555555555555555	0.19047619047619047	0.3333333333333333	0.3333333333333333	0.21428571428571427	0.5714285714285714	0.3	0.4166666666666667	0.4	0.3333333333333333	0.21951219512195122	0.4444444444444444	0.3	0.3333333333333333	0.3	0.6	0.5	0.38461538461538464	0.3	0.4444444444444444	0.6	0.6666666666666666	0.3333333333333333	0.4	0.5	0.5625	0.35294117647058826	0.5294117647058824	0.4375	0.3333333333333333	0.38095238095238093	0.2	0.11538461538461539	0.15	0.25	0.1111111111111111	0.1	0.3333333333333333	0.3333333333333333	
Bushtit	0.0	0.0625	0.0	0.0015	0.043478260869565216	0.0	0.043478260869565216	0.0	0.0	0.0	0.0	0.07407407407407407	0.13333333333333333	0.07142857142857142	0.07142857142857142	0.05	0.0	0.0	0.0	0.024390243902439025	0.2222222222222222	0.1	0.1111111111111111	0.0	0.2	0.0	0.0	0.0	0.0	0.0	0.0	0.0	0.0	0.0	0.0	0.0	0.0	0.0	0.0	0.0	0.0	0.0	0.0	0.0	0.0	0.05	0.06666666666666667	0.0	
Red-breasted Nuthatch	0.13043478260869565	0.25	0.13333333333333333	0.1875	0.17391304347826086	0.2631578947368421	0.21739130434782608	0.15	0.10526315789473684	0.05555555555555555	0.23809523809523808	0.25925925925925924	0.13333333333333333	0.07142857142857142	0.5714285714285714	0.4	0.3333333333333333	0.4	0.4	0.3902439024390244	0.2222222222222222	0.2	0.5555555555555556	0.5	0.4	0.5	0.23076923076923078	0.4	0.2222222222222222	0.6	0.3333333333333333	0.2222222222222222	0.5	0.4166666666666667	0.5	0.35294117647058826	0.47058823529411764	0.5	0.5	0.38095238095238093	0.35	0.15384615384615385	0.1	0.125	0.4444444444444444	0.1	0.26666666666666666	0.3333333333333333	
Brown Creeper	0.08695652173913043	0.1875	0.06666666666666667	0.09375	0.13043478260869565	0.15789473684210525	0.13043478260869565	0.0	0.10526315789473684	0.05555555555555555	0.047619047619047616	0.14814814814814814	0.2	0.07142857142857142	0.0	0.05	0.08333333333333333	0.2	0.06666666666666667	0.07317073170731707	0.2222222222222222	0.1	0.1111111111111111	0.1	0.2	0.5	0.07692307692307693	0.0	0.0	0.4	0.16666666666666666	0.0	0.4	0.0	0.1875	0.17647058823529413	0.058823529411764705	0.1875	0.05555555555555555	0.047619047619047616	0.05	0.07692307692307693	0.0	0.0	0.1111111111111111	0.05	0.13333333333333333	0.2	
House Wren	0.0	0.0	0.0	0.0	0.0	0.0	0.0	0.0	0.0	0.0	0.0	0.0	0.0	0.0	0.0	0.1	0.0	0.0	0.13333333333333333	0.12195121951219512	0.0	0.0	0.0	0.0	0.2	0.0	0.3076923076923077	0.0	0.0	0.0	0.0	0.0	0.0	0.0	0.0	0.0	0.0	0.0	0.0	0.0	0.0	0.0	0.0	0.0	0.0	0.0	0.0	0.0	
Pacific Wren	0.21739130434782608	0.5	0.3333333333333333	0.46875	0.34782608695652173	0.3684210526315789	0.43478260869565216	0.45	0.47368421052631576	0.2777777777777778	0.38095238095238093	0.48148148148148145	0.5333333333333333	0.5	0.8571428571428571	0.55	0.6666666666666666	0.6	0.6666666666666666	0.4146341463414634	0.6666666666666666	0.5	0.5555555555555556	0.6	0.4	0.5	0.15384615384615385	0.0	0.0	0.2	0.16666666666666666	0.0	0.2	0.25	0.25	0.4117647058823529	0.5882352941176471	0.5	0.5	0.47619047619047616	0.45	0.15384615384615385	0.3	0.25	0.3888888888888889	0.25	0.6	0.5333333333333333	
Marsh Wren	0.0	0.0	0.0	0.03125	0.0	0.0	0.08695652173913043	0.1	0.0	0.0	0.09523809523809523	0.0	0.06666666666666667	0.0	0.0	0.0	0.0	0.0	0.0	0.024390243902439025	0.0	0.0	0.0	0.1	0.0	0.0	0.0	0.0	0.0	0.0	0.0	0.0	0.0	0.0	0.0	0.058823529411764705	0.0	0.0	0.0	0.047619047619047616	0.0	0.07692307692307693	0.1	0.125	0.05555555555555555	0.0	0.0	0.0	
Bewick's Wren	0.08695652173913043	0.125	0.13333333333333333	0.125	0.17391304347826086	0.21052631578947367	0.08695652173913043	0.1	0.10526315789473684	0.05555555555555555	0.14285714285714285	0.14814814814814814	0.2	0.14285714285714285	0.21428571428571427	0.15	0.16666666666666666	0.2	0.13333333333333333	0.14634146341463414	0.3333333333333333	0.0	0.2222222222222222	0.0	0.2	0.25	0.23076923076923078	0.1	0.0	0.2	0.16666666666666666	0.0	0.2	0.08333333333333333	0.1875	0.11764705882352941	0.058823529411764705	0.1875	0.0	0.047619047619047616	0.05	0.0	0.05	0.125	0.1111111111111111	0.0	0.06666666666666667	0.2	
Golden-crowned Kinglet	0.30434782608695654	0.25	0.06666666666666667	0.34375	0.391304347826087	0.42105263157894735	0.30434782608695654	0.25	0.21052631578947367	0.2222222222222222	0.047619047619047616	0.3333333333333333	0.3333333333333333	0.07142857142857142	0.14285714285714285	0.15	0.0	0.1	0.06666666666666667	0.024390243902439025	0.0	0.0	0.0	0.0	0.0	0.0	0.0	0.0	0.0	0.2	0.16666666666666666	0.1111111111111111	0.1	0.0	0.3125	0.23529411764705882	0.47058823529411764	0.375	0.4444444444444444	0.3333333333333333	0.2	0.19230769230769232	0.25	0.2916666666666667	0.2777777777777778	0.3	0.5333333333333333	0.4666666666666667	
Ruby-crowned Kinglet	0.17391304347826086	0.3125	0.2	0.28125	0.30434782608695654	0.2631578947368421	0.21739130434782608	0.25	0.3157894736842105	0.16666666666666666	0.23809523809523808	0.4074074074074074	0.4	0.2857142857142857	0.5714285714285714	0.25	0.16666666666666666	0.1	0.06666666666666667	0.024390243902439025	0.0	0.0	0.0	0.0	0.0	0.0	0.0	0.0	0.0	0.0	0.0	0.0	0.0	0.0	0.0625	0.11764705882352941	0.35294117647058826	0.1875	0.2777777777777778	0.19047619047619047	0.15	0.23076923076923078	0.25	0.375	0.2777777777777778	0.35	0.5333333333333333	0.26666666666666666	
Mountain Bluebird	0.0	0.0	0.0	0.0	0.0	0.0	0.0	0.0	0.0	0.0	0.0	0.0	0.0	0.07142857142857142	0.0	0.0	0.0	0.0	0.0	0.0	0.0	0.0	0.0	0.0	0.0	0.0	0.0	0.0	0.0	0.0	0.0	0.0	0.0	0.0	0.0	0.0	0.0	0.0	0.0	0.0	0.0	0.0	0.0	0.0	0.0	0.0	0.0	0.0	
Townsend's Solitaire	0.0	0.0	0.0	0.0	0.0	0.0	0.0	0.0	0.0	0.0	0.0	0.0	0.06666666666666667	0.07142857142857142	0.0	0.0	0.0	0.0	0.0	0.0	0.0	0.0	0.0	0.0	0.0	0.0	0.0	0.0	0.0	0.0	0.0	0.0	0.0	0.0	0.0	0.0	0.0	0.0	0.0	0.0	0.0	0.0	0.0	0.0	0.0	0.0	0.0	0.0	
Varied Thrush	0.5652173913043478	0.375	0.26666666666666666	0.25	0.08695652173913043	0.10526315789473684	0.21739130434782608	0.35	0.0	0.1111111111111111	0.2857142857142857	0.18518518518518517	0.2	0.21428571428571427	0.07142857142857142	0.05	0.08333333333333333	0.0	0.13333333333333333	0.0	0.1111111111111111	0.0	0.1111111111111111	0.0	0.0	0.0	0.0	0.0	0.0	0.0	0.0	0.0	0.0	0.0	0.125	0.11764705882352941	0.11764705882352941	0.375	0.0	0.047619047619047616	0.1	0.038461538461538464	0.1	0.125	0.2222222222222222	0.25	0.5333333333333333	0.4666666666666667	
Swainson's Thrush	0.0	0.0	0.0	0.0	0.0	0.0	0.0	0.0	0.0	0.0	0.0	0.0	0.0	0.0	0.0	0.0	0.08333333333333333	0.0	0.3333333333333333	0.43902439024390244	0.3333333333333333	0.8	0.6666666666666666	0.7	0.6	1.0	0.46153846153846156	0.1	0.1111111111111111	0.0	0.0	0.0	0.0	0.0	0.0625	0.0	0.0	0.0	0.0	0.0	0.0	0.0	0.0	0.0	0.0	0.0	0.0	0.0	
Hermit Thrush	0.043478260869565216	0.0	0.0	0.0625	0.043478260869565216	0.0	0.0	0.05	0.0	0.0	0.0	0.0	0.13333333333333333	0.0	0.14285714285714285	0.15	0.08333333333333333	0.1	0.0	0.0	0.0	0.0	0.0	0.0	0.0	0.0	0.0	0.0	0.0	0.0	0.0	0.0	0.0	0.0	0.0625	0.0	0.058823529411764705	0.0	0.05555555555555555	0.0	0.0	0.038461538461538464	0.0	0.0	0.0	0.05	0.06666666666666667	0.0	
American Robin	0.5652173913043478	0.4375	0.26666666666666666	0.3125	0.5652173913043478	0.3684210526315789	0.782608695652174	0.8	0.6842105263157895	0.8333333333333334	0.9523809523809523	0.8518518518518519	0.9333333333333333	0.8571428571428571	1.0	0.8	0.8333333333333334	0.9	0.8666666666666667	0.926829268292683	0.8888888888888888	0.9	0.7777777777777778	0.8	0.6	0.75	0.7692307692307693	0.4	0.5555555555555556	0.2	0.3333333333333333	0.1111111111111111	0.3	0.16666666666666666	0.25	0.35294117647058826	0.35294117647058826	0.375	0.2222222222222222	0.42857142857142855	0.15	0.15384615384615385	0.2	0.16666666666666666	0.3888888888888889	0.5	0.3333333333333333	0.6	
European Starling	0.17391304347826086	0.125	0.3333333333333333	0.125	0.21739130434782608	0.2631578947368421	0.17391304347826086	0.2	0.3157894736842105	0.2777777777777778	0.09523809523809523	0.2222222222222222	0.26666666666666666	0.14285714285714285	0.42857142857142855	0.3	0.25	0.5	0.4	0.4634146341463415	0.3333333333333333	0.3	0.7777777777777778	0.4	0.4	0.0	0.3076923076923077	0.2	0.1111111111111111	0.0	0.3333333333333333	0.1111111111111111	0.1	0.08333333333333333	0.125	0.11764705882352941	0.0	0.0625	0.1111111111111111	0.23809523809523808	0.05	0.34615384615384615	0.05	0.16666666666666666	0.16666666666666666	0.15	0.06666666666666667	0.2	
American Pipit	0.0	0.0	0.0	0.0	0.0	0.0	0.0	0.0	0.0	0.0	0.0	0.0	0.0	0.0	0.0	0.05	0.0	0.1	0.0	0.0	0.0	0.0	0.0	0.0	0.0	0.0	0.07692307692307693	0.0	0.0	0.0	0.0	0.0	0.0	0.0	0.0625	0.0	0.058823529411764705	0.0625	0.05555555555555555	0.0	0.05	0.0	0.05	0.0	0.0	0.0	0.0	0.0	
Cedar Waxwing	0.0	0.0	0.0	0.0	0.0	0.0	0.0	0.0	0.0	0.0	0.0	0.0	0.0	0.0	0.0	0.0	0.0	0.0	0.06666666666666667	0.04878048780487805	0.4444444444444444	0.0	0.4444444444444444	0.2	0.2	0.25	0.46153846153846156	0.1	0.4444444444444444	0.2	0.3333333333333333	0.2222222222222222	0.2	0.0015	0.0625	0.0	0.0	0.0	0.0	0.047619047619047616	0.0	0.0	0.0	0.0	0.0	0.0	0.0	0.0	
Evening Grosbeak	0.0	0.0	0.0	0.0	0.0	0.0	0.0	0.0	0.0	0.0	0.0	0.0	0.0	0.0	0.0	0.0	0.0	0.0	0.0	0.0	0.0	0.0	0.0	0.0	0.0	0.0	0.0	0.0	0.0	0.0	0.0	0.0	0.0	0.0	0.0625	0.0	0.0	0.0	0.0	0.0	0.0	0.0	0.0	0.0	0.0	0.0	0.0	0.0	
House Finch	0.0	0.0015	0.0	0.03125	0.0	0.0	0.043478260869565216	0.05	0.05263157894736842	0.0	0.14285714285714285	0.037037037037037035	0.13333333333333333	0.07142857142857142	0.21428571428571427	0.25	0.25	0.2	0.2	0.4146341463414634	0.0015	0.1	0.2222222222222222	0.3	0.0	0.25	0.0	0.3	0.3333333333333333	0.2	0.16666666666666666	0.1111111111111111	0.1	0.0	0.25	0.17647058823529413	0.11764705882352941	0.1875	0.16666666666666666	0.2857142857142857	0.3	0.19230769230769232	0.1	0.16666666666666666	0.1111111111111111	0.0	0.06666666666666667	0.06666666666666667	
Purple Finch	0.0	0.0	0.0	0.03125	0.0	0.0	0.0	0.0	0.0	0.0	0.047619047619047616	0.037037037037037035	0.13333333333333333	0.14285714285714285	0.07142857142857142	0.1	0.16666666666666666	0.1	0.2	0.14634146341463414	0.0015	0.3	0.2222222222222222	0.2	0.0	0.0	0.0	0.0	0.0	0.0	0.0	0.1111111111111111	0.0	0.0	0.0625	0.058823529411764705	0.0	0.0	0.0	0.047619047619047616	0.0	0.0	0.0	0.041666666666666664	0.05555555555555555	0.0	0.0	0.06666666666666667	
House/Purple Finch	0.0	0.0	0.0	0.03125	0.0	0.0	0.0	0.0	0.0	0.0	0.0	0.0	0.0	0.0	0.0	0.0	0.0	0.0	0.0	0.0	0.0	0.0	0.0	0.0	0.0	0.0	0.0	0.0	0.0	0.0	0.0	0.0	0.0	0.0	0.0	0.0	0.0	0.0	0.0	0.0	0.0	0.0	0.0	0.0	0.0	0.0	0.0	0.0	
Red Crossbill	0.0	0.0625	0.0	0.0	0.043478260869565216	0.0	0.0	0.05	0.0	0.0	0.0	0.0	0.0	0.0	0.0	0.05	0.0	0.0	0.0	0.07317073170731707	0.0	0.0	0.1111111111111111	0.0	0.0	0.0	0.0	0.1	0.0	0.0	0.0	0.0	0.1	0.08333333333333333	0.0625	0.0	0.0	0.1875	0.1111111111111111	0.047619047619047616	0.05	0.038461538461538464	0.0	0.041666666666666664	0.0	0.05	0.0	0.0	
Pine Siskin	0.08695652173913043	0.0625	0.0	0.09375	0.08695652173913043	0.05263157894736842	0.13043478260869565	0.05	0.10526315789473684	0.0	0.09523809523809523	0.2222222222222222	0.26666666666666666	0.07142857142857142	0.21428571428571427	0.05	0.08333333333333333	0.1	0.26666666666666666	0.024390243902439025	0.0	0.1	0.1111111111111111	0.0	0.0	0.0	0.15384615384615385	0.0	0.0	0.2	0.0	0.0	0.2	0.0	0.25	0.0	0.0	0.0625	0.16666666666666666	0.0	0.05	0.19230769230769232	0.05	0.08333333333333333	0.05555555555555555	0.05	0.13333333333333333	0.13333333333333333	
American Goldfinch	0.0	0.0	0.0	0.03125	0.0	0.0	0.0	0.0	0.0	0.0	0.0	0.0	0.0	0.0	0.0	0.25	0.4166666666666667	0.2	0.4666666666666667	0.6341463414634146	0.4444444444444444	0.6	0.4444444444444444	0.5	0.4	0.5	0.6153846153846154	0.5	0.4444444444444444	0.2	0.3333333333333333	0.4444444444444444	0.3	0.3333333333333333	0.125	0.0	0.0	0.0625	0.0	0.0	0.0	0.038461538461538464	0.0	0.0	0.0	0.0	0.0	0.0	
finch sp.	0.0	0.0	0.0	0.0	0.0	0.05263157894736842	0.0	0.0	0.0	0.0	0.0	0.0	0.0	0.0	0.0	0.0	0.0	0.0	0.0	0.0	0.0	0.0	0.0	0.0	0.0	0.0	0.0	0.0	0.0	0.0	0.0	0.0	0.0	0.0	0.0	0.0	0.0	0.0	0.0	0.0	0.0	0.0	0.0	0.0	0.0	0.0	0.0	0.0	
Lapland Longspur	0.0	0.0	0.0	0.0	0.0	0.0	0.0	0.0	0.0	0.0	0.0	0.0	0.0	0.0	0.0	0.0	0.0	0.0	0.0	0.0	0.0	0.0	0.0	0.0	0.0	0.0	0.0	0.0	0.0	0.0	0.0	0.0	0.0	0.0	0.0	0.058823529411764705	0.058823529411764705	0.0	0.0	0.0	0.0	0.0	0.0	0.0	0.0	0.0	0.0	0.0	
Snow Bunting	0.0	0.0	0.0	0.0	0.0	0.0	0.0	0.0	0.0	0.0	0.09523809523809523	0.0	0.0	0.0	0.0	0.0	0.0	0.0	0.0	0.0	0.0	0.0	0.0	0.0	0.0	0.0	0.0	0.0	0.0	0.0	0.0	0.0	0.0	0.0	0.0	0.0	0.0	0.0	0.0	0.0	0.0	0.0	0.15	0.0	0.0	0.0	0.0	0.0	
Fox Sparrow	0.043478260869565216	0.0625	0.06666666666666667	0.03125	0.043478260869565216	0.05263157894736842	0.043478260869565216	0.0	0.0	0.0	0.047619047619047616	0.0	0.2	0.0	0.0	0.0	0.0	0.0	0.0	0.0	0.0	0.0	0.0	0.0	0.0	0.0	0.0	0.0	0.0	0.0	0.0	0.0	0.0	0.0	0.1875	0.11764705882352941	0.058823529411764705	0.0625	0.0	0.047619047619047616	0.0	0.11538461538461539	0.05	0.0	0.1111111111111111	0.05	0.06666666666666667	0.13333333333333333	
Dark-eyed Junco	0.5217391304347826	0.3125	0.3333333333333333	0.4375	0.391304347826087	0.2631578947368421	0.34782608695652173	0.6	0.6842105263157895	0.5555555555555556	0.8095238095238095	0.5185185185185185	0.8	0.5	0.8571428571428571	0.65	0.6666666666666666	0.6	0.6666666666666666	0.6829268292682927	0.5555555555555556	0.6	0.6666666666666666	0.7	0.6	0.75	0.6923076923076923	0.5	0.6666666666666666	0.4	0.16666666666666666	0.4444444444444444	0.6	0.5	0.5	0.5882352941176471	0.47058823529411764	0.375	0.3333333333333333	0.2857142857142857	0.4	0.19230769230769232	0.2	0.3333333333333333	0.3888888888888889	0.4	0.6666666666666666	0.5333333333333333	
White-crowned Sparrow	0.2608695652173913	0.25	0.4666666666666667	0.21875	0.21739130434782608	0.05263157894736842	0.30434782608695654	0.2	0.21052631578947367	0.1111111111111111	0.3333333333333333	0.48148148148148145	0.8	0.7142857142857143	0.9285714285714286	0.75	0.9166666666666666	0.9	0.8666666666666667	0.8780487804878049	0.8888888888888888	1.0	0.7777777777777778	0.8	0.4	0.75	0.8461538461538461	0.5	1.0	0.6	0.6666666666666666	0.6666666666666666	0.7	0.75	0.75	0.5882352941176471	0.35294117647058826	0.3125	0.3333333333333333	0.3333333333333333	0.35	0.23076923076923078	0.4	0.5833333333333334	0.3333333333333333	0.2	0.13333333333333333	0.2	
Golden-crowned Sparrow	0.13043478260869565	0.0625	0.06666666666666667	0.1875	0.043478260869565216	0.10526315789473684	0.13043478260869565	0.1	0.21052631578947367	0.05555555555555555	0.14285714285714285	0.07407407407407407	0.13333333333333333	0.14285714285714285	0.35714285714285715	0.2	0.3333333333333333	0.2	0.26666666666666666	0.024390243902439025	0.0	0.0	0.0	0.0	0.0	0.0	0.0	0.0	0.0	0.0	0.0	0.0	0.0	0.0	0.1875	0.058823529411764705	0.058823529411764705	0.125	0.1111111111111111	0.23809523809523808	0.1	0.23076923076923078	0.15	0.3333333333333333	0.2777777777777778	0.05	0.06666666666666667	0.26666666666666666	
White-throated Sparrow	0.0	0.0	0.0	0.0	0.0	0.0	0.0	0.0	0.0	0.0	0.0	0.0	0.0	0.0	0.0	0.05	0.0	0.0	0.0	0.0	0.0	0.0	0.0	0.0	0.0	0.0	0.0	0.0	0.0	0.0	0.0	0.0	0.0	0.0	0.0	0.0	0.0	0.0	0.0	0.0	0.0	0.0	0.0	0.041666666666666664	0.0	0.0	0.0	0.0	
Savannah Sparrow	0.0	0.0	0.0	0.0	0.0	0.0	0.0	0.0	0.0	0.0	0.0	0.1111111111111111	0.26666666666666666	0.35714285714285715	0.35714285714285715	0.6	0.6666666666666666	0.7	0.4666666666666667	0.5609756097560976	0.5555555555555556	0.4	0.5555555555555556	0.3	0.2	0.0	0.3076923076923077	0.2	0.3333333333333333	0.4	0.3333333333333333	0.2222222222222222	0.4	0.3333333333333333	0.875	0.5294117647058824	0.4117647058823529	0.1875	0.16666666666666666	0.047619047619047616	0.05	0.0	0.0	0.041666666666666664	0.0	0.0	0.0	0.0	
Song Sparrow	0.21739130434782608	0.1875	0.26666666666666666	0.40625	0.4782608695652174	0.5263157894736842	0.43478260869565216	0.45	0.631578947368421	0.2222222222222222	0.3333333333333333	0.5185185185185185	0.6666666666666666	0.42857142857142855	0.7857142857142857	0.6	0.6666666666666666	0.8	0.6666666666666666	0.8048780487804879	0.7777777777777778	0.5	0.7777777777777778	0.5	0.6	0.5	0.5384615384615384	0.1	0.1111111111111111	0.6	0.8333333333333334	0.2222222222222222	0.5	0.25	0.5	0.5294117647058824	0.5294117647058824	0.625	0.3888888888888889	0.42857142857142855	0.45	0.34615384615384615	0.6	0.5	0.2222222222222222	0.35	0.6666666666666666	0.6666666666666666	
Lincoln's Sparrow	0.0	0.0	0.0	0.0	0.0	0.0	0.0	0.0	0.0	0.0	0.0	0.0	0.0	0.0	0.0	0.0	0.0	0.0	0.0	0.0	0.0	0.0	0.0	0.0	0.0	0.0	0.0	0.0	0.0	0.0	0.0	0.0	0.0	0.0	0.0625	0.0	0.0	0.0	0.05555555555555555	0.047619047619047616	0.0	0.0	0.0	0.0	0.0	0.0	0.0	0.0	
Spotted Towhee	0.2608695652173913	0.1875	0.26666666666666666	0.25	0.21739130434782608	0.2631578947368421	0.2608695652173913	0.45	0.21052631578947367	0.1111111111111111	0.42857142857142855	0.4074074074074074	0.3333333333333333	0.21428571428571427	0.6428571428571429	0.35	0.4166666666666667	0.7	0.5333333333333333	0.6097560975609756	0.5555555555555556	0.4	0.5555555555555556	0.8	0.4	0.75	0.7692307692307693	0.5	0.3333333333333333	0.4	0.3333333333333333	0.2222222222222222	0.5	0.4166666666666667	0.5	0.5294117647058824	0.5882352941176471	0.5625	0.4444444444444444	0.5714285714285714	0.3	0.19230769230769232	0.15	0.25	0.3888888888888889	0.25	0.4666666666666667	0.3333333333333333	
sparrow sp.	0.0	0.0	0.0	0.0	0.0	0.0	0.0	0.0	0.0	0.0	0.0	0.0	0.0	0.0	0.0	0.0	0.0	0.0	0.0	0.0	0.0	0.0	0.0	0.0	0.0	0.0	0.0	0.0	0.0	0.0	0.0	0.0	0.0	0.08333333333333333	0.0	0.0	0.0	0.0	0.0	0.0	0.0	0.0	0.0	0.0	0.0	0.0	0.0	0.0	
Western Meadowlark	0.0	0.0	0.0	0.125	0.17391304347826086	0.10526315789473684	0.17391304347826086	0.0	0.0	0.05555555555555555	0.047619047619047616	0.0	0.06666666666666667	0.0	0.0	0.0	0.0	0.0	0.0	0.0	0.0	0.0	0.0	0.0	0.0	0.0	0.0	0.0	0.0	0.0	0.0	0.0	0.0	0.0	0.0	0.058823529411764705	0.058823529411764705	0.0625	0.1111111111111111	0.14285714285714285	0.05	0.07692307692307693	0.05	0.125	0.05555555555555555	0.0	0.0	0.06666666666666667	
Red-winged Blackbird	0.0	0.0	0.0	0.0	0.0015	0.0	0.08695652173913043	0.0	0.05263157894736842	0.05555555555555555	0.09523809523809523	0.2962962962962963	0.13333333333333333	0.2857142857142857	0.35714285714285715	0.35	0.3333333333333333	0.4	0.26666666666666666	0.34146341463414637	0.2222222222222222	0.1	0.2222222222222222	0.3	0.2	0.0	0.07692307692307693	0.0	0.0	0.0	0.0	0.0	0.0	0.0	0.0	0.0	0.0	0.0625	0.0	0.047619047619047616	0.0	0.0	0.05	0.0	0.0	0.0	0.0	0.0	
Brown-headed Cowbird	0.0	0.0	0.0	0.0	0.0	0.0	0.0	0.0	0.0	0.0	0.0	0.0	0.0	0.0	0.07142857142857142	0.15	0.16666666666666666	0.4	0.3333333333333333	0.5121951219512195	0.1111111111111111	0.1	0.4444444444444444	0.2	0.2	0.0	0.23076923076923078	0.0	0.1111111111111111	0.2	0.5	0.0	0.1	0.0	0.0	0.0	0.0	0.0	0.0	0.0	0.0	0.0	0.0	0.0	0.0	0.0	0.0	0.0	
Brewer's Blackbird	0.0	0.0	0.0	0.0	0.0	0.0	0.0	0.0	0.0	0.0	0.0	0.0	0.0	0.0	0.0	0.0	0.0	0.0	0.0	0.0	0.0	0.0	0.0	0.1	0.0	0.0	0.0	0.0	0.0	0.0	0.0	0.0	0.0	0.0	0.0	0.058823529411764705	0.0	0.0	0.0	0.0	0.0	0.0	0.0	0.0	0.0	0.0	0.0	0.0	
Orange-crowned Warbler	0.0	0.0	0.0	0.0	0.0	0.0	0.0	0.0	0.0	0.0	0.0	0.07407407407407407	0.2	0.5	0.8571428571428571	0.5	0.6666666666666666	0.9	0.8	0.6585365853658537	0.8888888888888888	0.6	0.6666666666666666	0.7	0.6	0.25	0.07692307692307693	0.0	0.0	0.0	0.0	0.0	0.0	0.08333333333333333	0.0	0.058823529411764705	0.0	0.0	0.0	0.0	0.0	0.0	0.0	0.0	0.0	0.0	0.0	0.0	
MacGillivray's Warbler	0.0	0.0	0.0	0.0	0.0	0.0	0.0	0.0	0.0	0.0	0.0	0.0	0.0	0.0	0.0	0.0	0.0	0.0	0.0	0.0015	0.0	0.0	0.0	0.0	0.0	0.0	0.0	0.0	0.0	0.0	0.0	0.0	0.0	0.0	0.0	0.0	0.0	0.0	0.0	0.0	0.0	0.0	0.0	0.0	0.0	0.0	0.0	0.0	
Common Yellowthroat	0.0	0.0	0.0	0.0	0.0	0.0	0.0	0.0	0.0	0.0	0.0	0.0	0.0	0.0	0.0	0.05	0.0	0.0	0.0	0.0	0.0	0.1	0.0	0.1	0.0	0.0	0.0	0.0	0.0	0.0	0.16666666666666666	0.0	0.0	0.0	0.0625	0.0	0.0	0.0	0.0	0.0	0.0	0.0	0.0	0.0	0.0	0.0	0.0	0.0	
Yellow Warbler	0.0	0.0	0.0	0.0	0.0	0.0	0.0	0.0	0.0	0.0	0.0	0.0	0.0	0.0	0.0	0.0	0.0	0.0	0.2	0.04878048780487805	0.0	0.0	0.0	0.0	0.0	0.0	0.0	0.0	0.0	0.0	0.0	0.0	0.0	0.0	0.0	0.0	0.0	0.0	0.0	0.0	0.0	0.0	0.0	0.0	0.0	0.0	0.0	0.0	
Yellow-rumped Warbler	0.0	0.0	0.0	0.0015	0.043478260869565216	0.0	0.0	0.0	0.0	0.05555555555555555	0.047619047619047616	0.0	0.13333333333333333	0.0	0.2857142857142857	0.3	0.0	0.2	0.2	0.024390243902439025	0.0	0.0	0.0	0.0	0.0	0.0	0.0	0.0	0.0	0.0	0.0	0.0	0.0	0.0	0.0625	0.0	0.0	0.0	0.0	0.0	0.05	0.038461538461538464	0.0	0.0	0.0	0.0	0.0	0.0	
Black-throated Gray Warbler	0.0	0.0	0.0	0.0	0.0	0.0	0.0	0.0	0.0	0.0	0.0	0.0	0.0	0.0	0.0	0.05	0.08333333333333333	0.0	0.13333333333333333	0.0	0.0	0.1	0.0	0.0	0.0	0.25	0.0	0.0	0.0	0.2	0.0	0.0	0.0	0.0	0.0625	0.0	0.0	0.0	0.0	0.0	0.0	0.0	0.0	0.0	0.0	0.0	0.0	0.0	
Townsend's Warbler	0.0	0.0	0.0	0.0	0.0	0.0	0.0	0.0	0.0	0.0	0.0	0.037037037037037035	0.0	0.0	0.07142857142857142	0.1	0.16666666666666666	0.1	0.13333333333333333	0.04878048780487805	0.0	0.0	0.0	0.1	0.0	0.0	0.0	0.0	0.0	0.0	0.0	0.0	0.0	0.08333333333333333	0.0625	0.058823529411764705	0.0	0.0625	0.0	0.0	0.0	0.0	0.0	0.0	0.0	0.0	0.0	0.0	
Wilson's Warbler	0.0	0.0	0.0	0.0	0.0	0.0	0.0	0.0	0.0	0.0	0.0	0.0	0.0	0.0	0.0	0.25	0.5	0.6	0.8	0.6097560975609756	0.5555555555555556	0.4	0.6666666666666666	0.4	0.6	0.25	0.38461538461538464	0.1	0.0	0.0	0.0	0.0	0.2	0.0	0.0	0.0	0.0	0.0	0.0	0.0	0.0	0.0	0.0	0.0	0.0	0.0	0.0	0.0	
Western Tanager	0.0	0.0	0.0	0.0	0.0	0.0	0.0	0.0	0.0	0.0	0.0	0.0	0.0	0.0	0.0	0.0	0.0	0.3	0.06666666666666667	0.0975609756097561	0.0	0.0	0.1111111111111111	0.0	0.0	0.25	0.07692307692307693	0.0	0.0	0.0	0.0	0.0	0.0	0.0	0.0625	0.0	0.0	0.0	0.0	0.0	0.0	0.0	0.0	0.0	0.0	0.0	0.0	0.0	
Black-headed Grosbeak	0.0	0.0	0.0	0.0	0.0	0.0	0.0	0.0	0.0	0.0	0.0	0.0	0.0	0.0	0.0	0.0	0.08333333333333333	0.0	0.06666666666666667	0.17073170731707318	0.1111111111111111	0.1	0.2222222222222222	0.2	0.0	0.25	0.07692307692307693	0.0	0.0	0.0	0.0	0.0	0.0	0.0	0.0	0.0	0.0	0.0	0.0	0.0	0.0	0.0	0.0	0.0	0.0	0.0	0.0	0.0	
House Sparrow	0.0	0.0	0.0	0.0	0.0015	0.0	0.0	0.0	0.05263157894736842	0.0	0.047619047619047616	0.0	0.0	0.0	0.0	0.0	0.0	0.0	0.06666666666666667	0.024390243902439025	0.0	0.0	0.2222222222222222	0.0	0.0	0.0	0.07692307692307693	0.0	0.0015	0.0	0.0	0.0	0.0	0.0	0.0	0.0	0.0	0.0	0.0	0.0	0.0	0.0	0.05	0.0	0.0	0.0	0.0	0.13333333333333333	

