









Frequency of observations in the selected location(s).:
Number of taxa: 	196

	Jan				Feb				Mar				Apr				May				Jun				Jul				Aug				Sep				Oct				Nov				Dec				
Sample Size:	20.0	12.0	6.0	17.0	7.0	8.0	7.0	8.0	2.0	6.0	10.0	12.0	14.0	10.0	18.0	10.0	2.0	1.0	1.0	4.0	3.0	2.0	5.0	6.0	3.0	6.0	2.0	12.0	3.0	8.0	5.0	5.0	4.0	10.0	10.0	9.0	12.0	3.0	10.0	19.0	10.0	14.0	11.0	13.0	10.0	11.0	6.0	10.0	

Brant	0.45	0.3333333333333333	0.3333333333333333	0.058823529411764705	0.42857142857142855	0.25	0.2857142857142857	0.25	0.0	0.16666666666666666	0.6	0.3333333333333333	0.42857142857142855	0.4	0.2222222222222222	0.2	0.5	0.0	1.0	0.0	0.0	0.0	0.0	0.0	0.0	0.0	0.0	0.0	0.0	0.0	0.0	0.0	0.0	0.0	0.0	0.0	0.0	0.0	0.0	0.05263157894736842	0.0	0.2857142857142857	0.18181818181818182	0.15384615384615385	0.2	0.09090909090909091	0.3333333333333333	0.1	
Cackling Goose	0.0	0.0	0.0	0.0	0.0	0.0	0.0	0.0	0.0	0.0	0.0	0.0	0.0	0.0	0.0	0.1	0.0	0.0	0.0	0.0	0.0	0.0	0.0	0.0	0.0	0.0	0.0	0.0	0.0	0.0	0.0	0.0	0.0	0.0	0.0	0.0	0.0	0.0	0.2	0.0	0.1	0.0	0.0	0.0	0.0	0.0	0.0	0.0	
Canada Goose	0.0	0.0	0.0	0.058823529411764705	0.0	0.0	0.0	0.0	0.0	0.0	0.1	0.08333333333333333	0.07142857142857142	0.0	0.1111111111111111	0.3	0.0	0.0	0.0	0.0	0.0	0.0	0.2	0.0	0.0	0.16666666666666666	0.0	0.08333333333333333	0.0	0.0	0.0	0.0	0.0	0.1	0.0	0.2222222222222222	0.08333333333333333	0.0	0.2	0.05263157894736842	0.0	0.21428571428571427	0.0	0.07692307692307693	0.0	0.0	0.0	0.2	
Trumpeter/Tundra Swan	0.0	0.0	0.0	0.0	0.0	0.0	0.0	0.0	0.0	0.0	0.0	0.0	0.0	0.0	0.0	0.0	0.0	0.0	0.0	0.0	0.0	0.0	0.0	0.0	0.0	0.0	0.0	0.0	0.0	0.0	0.0	0.0	0.0	0.0	0.0	0.0	0.0	0.0	0.0	0.0	0.0	0.0	0.0	0.07692307692307693	0.0	0.0	0.0	0.0	
Cinnamon Teal	0.0	0.0	0.0	0.0	0.0	0.0	0.0	0.0	0.0	0.0	0.0	0.0	0.0	0.0	0.0	0.0	0.0	0.0	1.0	0.0	0.0	0.0	0.0	0.0	0.0	0.0	0.0	0.0	0.0	0.0	0.0	0.0	0.0	0.0	0.0	0.0	0.0	0.0	0.0	0.0	0.0	0.0	0.0	0.0	0.0	0.0	0.0	0.0	
Northern Shoveler	0.0	0.0	0.0	0.0	0.0	0.0	0.0	0.0	0.0	0.0	0.0	0.0	0.0	0.0	0.0	0.0	0.0	0.0	0.0	0.0	0.0	0.0	0.0	0.0	0.0	0.0	0.0	0.0	0.0	0.0	0.0	0.0	0.0	0.0	0.0	0.0	0.0	0.0	0.0	0.0	0.0	0.0	0.0	0.0	0.0	0.09090909090909091	0.0	0.0	
American Wigeon	0.0	0.0	0.0	0.0	0.0	0.0	0.0	0.0	0.0	0.0	0.0	0.0	0.07142857142857142	0.1	0.0	0.0	0.0	0.0	0.0	0.0	0.0	0.0	0.0	0.0	0.0	0.0	0.0	0.0	0.0	0.0	0.0	0.0	0.0	0.0	0.0	0.0	0.0	0.0	0.0	0.0015	0.1	0.07142857142857142	0.09090909090909091	0.0	0.0	0.09090909090909091	0.0	0.0	
Mallard	0.0	0.0	0.0	0.0	0.0	0.0	0.0	0.0	0.0	0.0	0.0	0.0	0.07142857142857142	0.0	0.0	0.0	0.5	0.0	0.0	0.0	0.0	0.0	0.0	0.0	0.0	0.0	0.0	0.0	0.0	0.0	0.0	0.0	0.0	0.0	0.0	0.0	0.0	0.0	0.0	0.0	0.0	0.21428571428571427	0.0	0.0	0.0	0.0	0.0	0.1	
Northern Pintail	0.0	0.0	0.0	0.0	0.0	0.125	0.0	0.0	0.0	0.0	0.0	0.0	0.0	0.0	0.0	0.0	0.0	0.0	0.0	0.0	0.0	0.0	0.0	0.0	0.0	0.0	0.0	0.0	0.0	0.0	0.0	0.0	0.0	0.0	0.0	0.0	0.0	0.0	0.1	0.0015	0.0	0.0	0.0	0.0	0.0	0.09090909090909091	0.0	0.1	
Green-winged Teal	0.05	0.0	0.0	0.0	0.0	0.0	0.0	0.0	0.0	0.0	0.0	0.0	0.0	0.0	0.0	0.0	0.0	0.0	0.0	0.0	0.0	0.0	0.0	0.0	0.0	0.0	0.0	0.0	0.0	0.0	0.0	0.0	0.0	0.0	0.0	0.0	0.0	0.0	0.0	0.0	0.0	0.0	0.0	0.0	0.0	0.0	0.0	0.0	
Greater Scaup	0.05	0.0	0.0	0.0	0.0	0.0	0.0	0.0	0.0	0.0	0.0	0.0	0.07142857142857142	0.0	0.0	0.0	0.0	0.0	0.0	0.0	0.0	0.0	0.0	0.0	0.0	0.0	0.0	0.0	0.0	0.0	0.0	0.0	0.0	0.0	0.0	0.0	0.0	0.0	0.0	0.05263157894736842	0.0	0.0	0.09090909090909091	0.07692307692307693	0.0	0.0	0.0	0.1	
Lesser Scaup	0.0	0.0	0.0	0.0	0.0	0.0	0.0	0.0	0.0	0.0	0.0	0.0	0.0	0.0	0.0	0.0	0.0	0.0	0.0	0.0	0.0	0.0	0.0	0.0	0.0	0.0	0.0	0.0	0.0	0.0	0.0	0.0	0.0	0.0	0.0	0.0	0.0	0.0	0.0	0.0	0.0	0.0	0.0	0.0	0.0	0.0	0.0	0.1	
Greater/Lesser Scaup	0.0	0.0	0.0	0.0	0.0	0.0	0.0	0.0	0.0	0.0	0.0	0.0	0.0	0.1	0.05555555555555555	0.0	0.0	0.0	0.0	0.0	0.0	0.0	0.0	0.0	0.0	0.0	0.0	0.0	0.0	0.0	0.0	0.0	0.0	0.0	0.0	0.0	0.0	0.0	0.0	0.0	0.0	0.0	0.0	0.0	0.0	0.0	0.0	0.0	
Steller's Eider	0.0015	0.0	0.0	0.0015	0.0	0.0	0.0	0.0	0.0	0.0	0.0	0.0	0.0	0.0	0.0	0.0	0.0	0.0	0.0	0.0	0.0	0.0	0.0	0.0	0.0	0.0	0.0	0.0	0.0	0.0	0.0	0.0	0.0	0.0	0.0	0.0	0.0	0.0	0.0	0.0	0.0	0.0015	0.0015	0.0015	0.0	0.0	0.0	0.0	
Harlequin Duck	0.85	0.5833333333333334	0.8333333333333334	0.8235294117647058	0.5714285714285714	0.375	0.7142857142857143	0.5	0.5	0.16666666666666666	0.3	0.0	0.35714285714285715	0.2	0.05555555555555555	0.0	0.5	0.0	1.0	0.0	0.0	0.0	0.0	0.0	0.0	0.0	0.0	0.08333333333333333	0.0	0.0	0.0	0.0	0.25	0.2	0.2	0.3333333333333333	0.5	0.6666666666666666	0.3	0.6842105263157895	0.6	0.7857142857142857	0.8181818181818182	0.7692307692307693	0.8	0.5454545454545454	0.8333333333333334	0.7	
Surf Scoter	0.95	0.75	0.8333333333333334	0.8823529411764706	0.7142857142857143	0.375	0.8571428571428571	0.5	0.0	0.16666666666666666	0.7	0.08333333333333333	0.35714285714285715	0.2	0.2222222222222222	0.5	1.0	0.0	1.0	0.0015	0.0	0.0	0.0	0.3333333333333333	0.3333333333333333	0.16666666666666666	0.0	0.08333333333333333	0.0	0.125	0.2	0.0	0.25	0.3	0.4	0.4444444444444444	0.5833333333333334	0.6666666666666666	0.3	0.5789473684210527	0.8	0.8571428571428571	0.8181818181818182	0.8461538461538461	0.8	0.6363636363636364	0.8333333333333334	0.9	
White-winged Scoter	0.4	0.25	0.6666666666666666	0.35294117647058826	0.2857142857142857	0.25	0.14285714285714285	0.0	0.5	0.0	0.1	0.0015	0.2857142857142857	0.0	0.1111111111111111	0.2	0.5	0.0	0.0	0.0	0.0	0.0	0.0	0.0	0.0	0.0	0.0015	0.0	0.0	0.0	0.0	0.0	0.0	0.3	0.0	0.1111111111111111	0.16666666666666666	0.6666666666666666	0.2	0.3157894736842105	0.5	0.7142857142857143	0.45454545454545453	0.6923076923076923	0.3	0.36363636363636365	0.6666666666666666	0.3	
Black Scoter	0.1	0.08333333333333333	0.0	0.058823529411764705	0.0	0.0	0.14285714285714285	0.125	0.0	0.0	0.1	0.0	0.07142857142857142	0.0	0.1111111111111111	0.0	0.0	0.0	0.0	0.0	0.0	0.0	0.0	0.0	0.0	0.0	0.0	0.0	0.0	0.0	0.0	0.0	0.0	0.0	0.0	0.0	0.0	0.0	0.0	0.0	0.0	0.0015	0.0	0.15384615384615385	0.0	0.09090909090909091	0.0	0.0	
scoter sp.	0.0	0.0	0.0	0.0	0.0	0.0	0.0	0.0	0.0	0.0	0.0	0.0	0.0	0.0	0.0	0.1	0.0	0.0	0.0	0.0	0.0	0.0	0.0	0.0	0.0	0.0	0.0	0.0	0.0	0.0	0.0	0.0	0.25	0.0	0.0	0.0	0.08333333333333333	0.0	0.0	0.0	0.0	0.0	0.0	0.0	0.0	0.0	0.0	0.0	
Long-tailed Duck	0.3	0.16666666666666666	0.3333333333333333	0.23529411764705882	0.0	0.125	0.14285714285714285	0.125	0.0	0.16666666666666666	0.0	0.0	0.07142857142857142	0.0	0.0	0.0	0.0	0.0	0.0	0.0	0.0	0.0	0.0	0.0	0.0	0.0	0.0	0.0	0.0	0.0	0.0	0.0	0.0	0.0	0.0	0.0	0.0	0.0	0.0	0.10526315789473684	0.2	0.5	0.45454545454545453	0.23076923076923078	0.0015	0.09090909090909091	0.16666666666666666	0.3	
Bufflehead	0.95	0.6666666666666666	0.8333333333333334	0.8823529411764706	1.0	0.75	0.7142857142857143	0.875	0.0	0.5	0.8	0.16666666666666666	0.5	0.2	0.16666666666666666	0.2	0.0	0.0	0.0	0.0	0.0	0.0	0.0	0.0	0.0	0.0	0.0	0.0	0.0	0.0	0.0	0.0	0.0	0.0	0.0	0.0	0.0	0.0	0.0	0.05263157894736842	0.4	0.7857142857142857	0.7272727272727273	0.9230769230769231	0.7	1.0	0.8333333333333334	0.7	
Common Goldeneye	0.4	0.3333333333333333	0.5	0.29411764705882354	0.5714285714285714	0.25	0.5714285714285714	0.375	0.0	0.5	0.4	0.08333333333333333	0.2857142857142857	0.0	0.16666666666666666	0.0	0.0	0.0	0.0	0.0	0.0	0.0	0.0	0.0	0.0	0.0	0.0	0.0	0.0	0.0	0.0	0.0	0.0	0.0	0.0	0.0	0.0	0.0	0.0	0.0	0.0	0.35714285714285715	0.5454545454545454	0.07692307692307693	0.2	0.09090909090909091	0.5	0.6	
Barrow's Goldeneye	0.05	0.08333333333333333	0.16666666666666666	0.0	0.0	0.0	0.0	0.0	0.0	0.0	0.0	0.0	0.0	0.0	0.0	0.0	0.0	0.0	0.0	0.0	0.0	0.0	0.0	0.0	0.0	0.0	0.0	0.0	0.0	0.0	0.0	0.0	0.0	0.0	0.0	0.0	0.0	0.0	0.0	0.0	0.0	0.0	0.0	0.0	0.0	0.0	0.0	0.0015	
Hooded Merganser	0.0	0.0	0.0	0.0	0.0	0.0	0.0	0.0	0.0	0.0	0.0	0.0	0.0	0.0	0.0	0.0	0.0	0.0	0.0	0.0	0.0	0.0	0.0	0.0	0.0	0.0	0.0	0.0	0.0	0.0	0.0	0.0	0.0	0.0	0.0	0.0	0.0	0.0	0.0	0.0	0.0	0.0	0.0	0.0	0.0	0.09090909090909091	0.16666666666666666	0.1	
Common Merganser	0.15	0.3333333333333333	0.5	0.11764705882352941	0.2857142857142857	0.25	0.14285714285714285	0.375	0.0	0.0	0.0	0.08333333333333333	0.07142857142857142	0.0	0.0	0.0	0.0	0.0	0.0	0.0	0.0	0.0	0.0	0.0	0.0	0.0	0.0	0.0	0.0	0.0	0.0	0.0	0.0	0.0	0.0	0.0	0.0	0.0	0.0	0.0	0.1	0.14285714285714285	0.09090909090909091	0.15384615384615385	0.0	0.18181818181818182	0.16666666666666666	0.0	
Red-breasted Merganser	0.95	0.5833333333333334	0.8333333333333334	0.7647058823529411	0.8571428571428571	0.75	0.5714285714285714	0.875	0.0	1.0	0.9	0.5	0.9285714285714286	0.7	0.6111111111111112	0.5	1.0	0.0	0.0	0.0	0.0	0.0	0.0	0.0	0.0	0.0	0.0	0.0	0.0	0.0	0.0	0.0	0.0	0.0	0.0	0.0	0.08333333333333333	0.0	0.1	0.5263157894736842	0.5	0.8571428571428571	0.8181818181818182	0.6923076923076923	0.8	0.6363636363636364	0.8333333333333334	0.8	
Ruddy Duck	0.0	0.0	0.0	0.058823529411764705	0.0	0.0	0.0	0.0	0.0	0.0	0.0	0.0	0.0	0.0	0.0	0.0	0.0	0.0	0.0	0.0	0.0	0.0	0.0	0.0	0.0	0.0	0.0	0.0	0.0	0.0	0.0	0.0	0.0	0.0	0.0	0.0	0.0	0.0	0.0	0.0	0.0	0.0	0.0	0.0	0.0	0.0	0.0	0.1	
duck sp.	0.0	0.0	0.0	0.0	0.0	0.0	0.0	0.0	0.0	0.0	0.0	0.0	0.07142857142857142	0.0	0.0	0.0	0.0	0.0	0.0	0.0	0.0	0.0	0.0	0.0	0.0	0.0	0.0	0.0	0.0	0.0	0.0	0.0	0.0	0.0	0.0	0.0	0.0	0.0	0.0	0.0	0.0	0.0	0.0	0.0	0.0	0.0	0.0	0.0	
California Quail	0.0	0.0	0.0	0.0	0.0	0.0	0.0	0.0	0.0	0.0	0.0	0.0	0.0	0.0	0.0015	0.0	0.0	0.0	0.0	0.0	0.0	0.0	0.0	0.0	0.0	0.0	0.5	0.0	0.0	0.0	0.0	0.0	0.0	0.0	0.0	0.0	0.0	0.0	0.0	0.05263157894736842	0.0	0.0	0.0	0.0	0.0	0.0	0.0	0.0	
Pied-billed Grebe	0.0	0.0	0.0	0.0	0.0	0.0	0.0	0.0	0.0	0.16666666666666666	0.0	0.0	0.0	0.1	0.0	0.0	0.0	0.0	0.0	0.0	0.0	0.0	0.0	0.0	0.0	0.0	0.0	0.0	0.0	0.0	0.0	0.0	0.0	0.0	0.0	0.0	0.0	0.0	0.0	0.0	0.0	0.0	0.0	0.0	0.0	0.0	0.0	0.1	
Horned Grebe	0.75	0.6666666666666666	0.6666666666666666	0.6470588235294118	0.5714285714285714	0.5	0.42857142857142855	0.5	0.0	0.16666666666666666	0.7	0.25	0.5714285714285714	0.3	0.5	0.5	0.5	0.0	0.0	0.0	0.0	0.0	0.0	0.0	0.0	0.0	0.0	0.0	0.0	0.0	0.0	0.0	0.0	0.0	0.0	0.2222222222222222	0.4166666666666667	1.0	0.5	0.6842105263157895	0.5	0.7857142857142857	0.9090909090909091	0.7692307692307693	0.3	0.7272727272727273	0.8333333333333334	0.6	
Red-necked Grebe	0.55	0.5	0.6666666666666666	0.7058823529411765	0.2857142857142857	0.125	0.5714285714285714	0.375	0.5	0.3333333333333333	0.5	0.25	0.5	0.4	0.3888888888888889	0.3	0.5	0.0	0.0	0.0	0.0	0.0	0.0	0.0	0.0	0.0	0.0	0.0	0.0	0.0	0.0	0.0	0.0	0.0	0.4	0.1111111111111111	0.3333333333333333	0.3333333333333333	0.2	0.3157894736842105	0.5	0.35714285714285715	0.45454545454545453	0.46153846153846156	0.5	0.5454545454545454	0.6666666666666666	0.5	
Eared Grebe	0.0	0.0	0.0	0.0015	0.0	0.0	0.0	0.0	0.0	0.0	0.0	0.0	0.07142857142857142	0.0	0.0	0.0	0.0	0.0	0.0	0.0	0.0	0.0	0.0	0.0	0.0	0.0	0.0	0.0	0.0	0.0	0.0	0.0	0.0	0.0	0.0	0.0	0.0	0.0	0.0	0.0	0.1	0.0	0.0	0.07692307692307693	0.0	0.0	0.0	0.0015	
Western Grebe	0.15	0.0	0.0015	0.11764705882352941	0.14285714285714285	0.0	0.0	0.125	0.0	0.0	0.0	0.0	0.14285714285714285	0.0	0.0	0.0	0.5	0.0	0.0	0.0	0.0	0.0	0.0	0.0	0.0	0.0	0.0	0.0	0.0	0.0	0.0	0.0	0.0	0.0	0.0	0.0	0.16666666666666666	0.3333333333333333	0.0	0.15789473684210525	0.1	0.07142857142857142	0.2727272727272727	0.23076923076923078	0.1	0.18181818181818182	0.16666666666666666	0.1	
Rock Pigeon	0.3	0.25	0.0	0.058823529411764705	0.14285714285714285	0.125	0.14285714285714285	0.0	0.0	0.16666666666666666	0.2	0.16666666666666666	0.21428571428571427	0.2	0.2222222222222222	0.2	0.0	0.0	0.0	0.25	0.3333333333333333	1.0	0.2	0.3333333333333333	0.3333333333333333	0.3333333333333333	0.5	0.5833333333333334	0.0	0.5	0.2	0.4	0.25	0.0	0.2	0.1111111111111111	0.25	0.0	0.1	0.21052631578947367	0.1	0.07142857142857142	0.09090909090909091	0.15384615384615385	0.3	0.18181818181818182	0.0	0.2	
Band-tailed Pigeon	0.0	0.0	0.0	0.0	0.0	0.0	0.0	0.0	0.0	0.0	0.0	0.0	0.0	0.0	0.05555555555555555	0.2	0.0	0.0	0.0	0.0	0.0	0.0	0.0	0.0	0.0	0.0	0.0	0.08333333333333333	0.0	0.0	0.0	0.0	0.0	0.0	0.0	0.0	0.0	0.0	0.0	0.0	0.0	0.0	0.0	0.0	0.0	0.0	0.0	0.0	
Eurasian Collared-Dove	0.0	0.0	0.0	0.0	0.0	0.0	0.0	0.0	0.0	0.0	0.0	0.08333333333333333	0.0	0.0	0.0	0.0	0.0	1.0	0.0	0.0	0.3333333333333333	0.0	0.0	0.0	0.0	0.0	0.0	0.08333333333333333	0.0	0.25	0.0	0.0	0.0	0.0	0.0	0.0	0.0	0.0	0.1	0.0	0.0	0.0	0.0	0.0	0.0	0.0	0.0	0.0	
Mourning Dove	0.0	0.0	0.0	0.0015	0.0	0.0	0.0	0.0	0.0	0.0	0.0	0.0	0.0	0.0	0.0	0.0	0.0	0.0	0.0	0.0	0.0	0.0	0.0	0.0	0.0	0.0015	0.0	0.08333333333333333	0.0	0.0	0.0	0.0	0.0	0.0	0.0	0.0	0.0015	0.0	0.0	0.0	0.0	0.0	0.0	0.07692307692307693	0.1	0.0	0.0	0.0	
Anna's Hummingbird	0.0	0.08333333333333333	0.0	0.0	0.0	0.0	0.0	0.0	0.0	0.0	0.0	0.16666666666666666	0.0	0.2	0.1111111111111111	0.0	0.0	0.0	0.0	0.0	0.0	0.0	0.0	0.16666666666666666	0.3333333333333333	0.0	0.0	0.0	0.0	0.0	0.0	0.0	0.25	0.1	0.1	0.1111111111111111	0.25	0.0	0.3	0.05263157894736842	0.0	0.0	0.09090909090909091	0.0	0.1	0.09090909090909091	0.0	0.0	
Rufous Hummingbird	0.0	0.0	0.0	0.0	0.0	0.0	0.0	0.0	0.0	0.0	0.0	0.08333333333333333	0.14285714285714285	0.2	0.3333333333333333	0.0	0.0	0.0	0.0	0.0	0.3333333333333333	0.0	0.0	0.5	0.0	0.0	0.0	0.0	0.0	0.0	0.0	0.0	0.0	0.0	0.0	0.0	0.0	0.0	0.0	0.0	0.0	0.0	0.0	0.0	0.0	0.0	0.0	0.0	
hummingbird sp.	0.0	0.0	0.0	0.0	0.0	0.0	0.0	0.0	0.0	0.0	0.0	0.08333333333333333	0.0	0.0	0.0	0.1	0.0	0.0	0.0	0.0	0.0	0.0	0.0	0.0	0.0	0.0	0.0	0.0	0.0	0.0	0.0	0.0	0.0	0.0	0.0	0.0	0.0015	0.0	0.0	0.0	0.0	0.0	0.0	0.0	0.0	0.0	0.0	0.0	
American Coot	0.0	0.0	0.0	0.0	0.0	0.0	0.0	0.0	0.0	0.0	0.0	0.0	0.0	0.0	0.0	0.0	0.0	0.0	0.0	0.0	0.0	0.0	0.0	0.0	0.0	0.0	0.0	0.0	0.0	0.0	0.0	0.0	0.0	0.0	0.0	0.0	0.0	0.0	0.0	0.0	0.0	0.0	0.0	0.0	0.0	0.0	0.0	0.1	
Black Oystercatcher	0.05	0.0	0.16666666666666666	0.058823529411764705	0.14285714285714285	0.125	0.0	0.0	0.0	0.0	0.0	0.0	0.07142857142857142	0.0	0.05555555555555555	0.1	0.5	0.0	1.0	0.0	0.0	0.0	0.0	0.0	0.0	0.0	0.0	0.0	0.3333333333333333	0.0	0.0	0.0	0.25	0.0	0.0	0.0	0.0	0.0	0.0	0.0	0.1	0.0	0.09090909090909091	0.15384615384615385	0.0	0.09090909090909091	0.16666666666666666	0.1	
Black-bellied Plover	0.0	0.0	0.0	0.0	0.0	0.0	0.0	0.0	0.0	0.0	0.0	0.0	0.0	0.0	0.05555555555555555	0.0	0.0	0.0	0.0	0.0	0.0	0.0	0.0	0.0	0.0	0.0	0.0	0.0	0.0	0.0	0.0	0.0	0.0	0.0	0.0	0.0	0.0	0.0	0.0	0.0	0.1	0.0	0.0	0.07692307692307693	0.0015	0.0	0.0	0.1	
Semipalmated Plover	0.0	0.0	0.0	0.0	0.0	0.0	0.0	0.0	0.0	0.0	0.0	0.0	0.0	0.0	0.0	0.0	0.0	0.0	0.0	0.0	0.0	0.0	0.0	0.0	0.0	0.0	0.0	0.0	0.0	0.0	0.0	0.2	0.0	0.0	0.0	0.0	0.0	0.0	0.0	0.0	0.0	0.0	0.0	0.0	0.0	0.0	0.0	0.0	
Killdeer	0.05	0.0	0.0	0.0	0.0	0.0	0.0	0.125	0.0	0.0	0.1	0.08333333333333333	0.21428571428571427	0.2	0.1111111111111111	0.1	1.0	1.0	0.0	0.25	0.6666666666666666	0.5	0.4	0.0	0.0	0.0	0.0	0.3333333333333333	0.3333333333333333	0.125	0.0	0.0	0.0	0.1	0.0	0.0	0.0	0.0	0.1	0.0015	0.1	0.0	0.0015	0.15384615384615385	0.0	0.09090909090909091	0.16666666666666666	0.0015	
Marbled Godwit	0.0	0.0	0.0	0.0	0.0	0.0	0.0	0.0	0.0	0.0	0.0	0.0	0.0	0.0	0.0	0.0	0.0	0.0	0.0	0.0	0.0	0.0	0.0	0.0	0.0	0.0	0.0	0.0	0.0	0.125	0.0	0.0	0.0	0.0	0.0	0.0	0.0	0.0	0.0	0.0	0.0	0.0	0.0	0.0	0.0	0.0	0.0	0.0	
Black Turnstone	0.0015	0.0	0.0	0.0	0.0	0.0	0.0	0.0	0.0	0.0	0.0	0.0	0.07142857142857142	0.0	0.0	0.0	0.0	0.0	0.0	0.0	0.0	0.0	0.0	0.0	0.0	0.0	0.0	0.0	0.0	0.0	0.0	0.0	0.0	0.0	0.0	0.0	0.0	0.0	0.0	0.0	0.0	0.07142857142857142	0.0	0.0	0.1	0.0	0.0	0.0015	
Surfbird	0.0	0.0	0.0	0.0	0.0	0.0	0.0	0.0	0.0	0.0	0.0	0.0	0.0	0.0	0.0	0.0	0.0	0.0	0.0	0.0	0.0	0.0	0.0	0.0	0.0	0.0	0.0	0.0	0.0	0.0	0.0	0.0	0.0	0.0	0.0	0.0	0.0	0.0	0.0	0.0	0.0	0.0	0.0	0.0	0.0	0.09090909090909091	0.0	0.0015	
Sanderling	0.3	0.5	0.16666666666666666	0.23529411764705882	0.14285714285714285	0.375	0.2857142857142857	0.25	0.0	0.0	0.2	0.0	0.0	0.1	0.05555555555555555	0.0	0.0	0.0	0.0	0.0	0.0	0.0	0.0	0.0	0.0	0.0	0.0	0.0	0.0	0.125	0.2	0.0	0.0	0.2	0.1	0.1111111111111111	0.0	0.0	0.0	0.10526315789473684	0.3	0.14285714285714285	0.5454545454545454	0.23076923076923078	0.5	0.2727272727272727	0.5	0.3	
Dunlin	0.05	0.08333333333333333	0.0	0.058823529411764705	0.0	0.25	0.0	0.0	0.0	0.0	0.1	0.0	0.07142857142857142	0.0	0.0	0.0	0.0	0.0	0.0	0.0	0.0	0.0	0.0	0.0	0.0	0.0	0.0	0.0	0.0	0.0	0.0	0.0	0.0	0.0	0.0	0.0	0.08333333333333333	0.0	0.0	0.10526315789473684	0.2	0.07142857142857142	0.2727272727272727	0.07692307692307693	0.1	0.0	0.16666666666666666	0.1	
Baird's Sandpiper	0.0	0.0	0.0	0.0	0.0	0.0	0.0	0.0	0.0	0.0	0.0	0.0	0.0	0.0	0.0	0.0	0.0	0.0	0.0	0.0	0.0	0.0	0.0	0.0	0.0	0.0	0.0	0.0	0.0	0.0	0.2	0.2	0.0	0.0	0.0	0.0	0.0	0.0	0.0	0.0	0.0	0.0	0.0	0.0	0.0	0.0	0.0	0.0	
Least Sandpiper	0.0	0.0	0.0	0.0	0.0	0.0	0.0	0.0	0.0	0.0	0.0	0.0	0.0	0.0	0.05555555555555555	0.1	0.0	0.0	0.0	0.0	0.0	0.0	0.0	0.0	0.0	0.3333333333333333	0.0	0.0	0.0	0.0	0.2	0.4	0.0	0.1	0.0	0.0	0.0	0.0	0.0	0.0	0.0	0.0	0.0	0.0	0.0	0.0	0.0	0.0015	
Semipalmated Sandpiper	0.0	0.0	0.0	0.0	0.0	0.0	0.0	0.0	0.0	0.0	0.0	0.0	0.0	0.0	0.0	0.0	0.0	0.0	0.0	0.0	0.0	0.0	0.0	0.0	0.0	0.0	0.0	0.0	0.0	0.0	0.0	0.0	0.0	0.1	0.0	0.0	0.0	0.0	0.0	0.0	0.0	0.0	0.0	0.0	0.0	0.0	0.0	0.0	
Western Sandpiper	0.0	0.08333333333333333	0.0	0.0	0.0	0.0	0.0	0.0	0.0	0.0	0.1	0.0	0.0	0.0	0.0	0.0	0.0	0.0	0.0	0.0	0.0	0.0	0.0	0.0	0.0	0.16666666666666666	0.0	0.0	0.0	0.125	0.2	0.2	0.0	0.2	0.1	0.1111111111111111	0.0	0.0	0.0	0.0	0.0	0.0	0.0	0.0015	0.0	0.0	0.0	0.1	
peep sp.	0.0	0.0	0.0	0.0	0.0	0.0	0.0	0.0	0.0	0.0	0.0	0.0	0.07142857142857142	0.0	0.0	0.0	0.0	0.0	1.0	0.0	0.0	0.0	0.0	0.0	0.0	0.16666666666666666	0.0	0.0	0.0	0.0	0.0	0.0	0.0	0.0	0.0	0.0	0.0	0.0	0.0	0.0	0.0	0.0	0.0	0.0	0.0	0.0	0.0	0.0	
Red-necked Phalarope	0.0	0.0	0.0	0.0	0.0	0.0	0.0	0.0	0.0	0.0	0.0	0.0	0.0	0.0	0.0	0.0	0.0	0.0	0.0	0.0	0.0	0.0	0.0	0.0	0.0	0.0	0.0	0.0	0.0	0.0	0.0	0.2	0.0	0.1	0.1	0.0	0.0	0.0	0.0	0.0	0.0	0.0	0.0	0.0	0.0	0.0	0.0	0.0	
Red Phalarope	0.0	0.0	0.0	0.0	0.0	0.0	0.0	0.0	0.0	0.0	0.0	0.0	0.0	0.0	0.0	0.0	0.0	0.0	0.0	0.0	0.0	0.0	0.0	0.0	0.0	0.0	0.0	0.0	0.0	0.0	0.0	0.0	0.0	0.0	0.0	0.0	0.0	0.0	0.0	0.0	0.0	0.0	0.0	0.0	0.0	0.0	0.0015	0.0	
phalarope sp.	0.0	0.0	0.0	0.0	0.0	0.0	0.0	0.0	0.0	0.0	0.0	0.0	0.0	0.0	0.0	0.0	0.0	0.0	0.0	0.0	0.0	0.0	0.0	0.0	0.0	0.0	0.0	0.0	0.0	0.0	0.0	0.0	0.0	0.0	0.0	0.0	0.0	0.0	0.0	0.0	0.0	0.0	0.0	0.0015	0.0	0.0	0.0	0.0	
Greater Yellowlegs	0.05	0.0	0.0	0.0	0.0	0.0	0.0	0.0	0.0	0.0	0.0	0.0	0.0	0.0	0.0	0.0	0.0	0.0	0.0	0.0	0.0	0.0	0.0	0.0	0.0	0.0	0.0	0.0	0.0	0.0	0.0	0.0	0.0	0.0	0.0	0.0	0.0	0.0	0.0	0.0	0.0	0.0	0.0	0.0	0.0	0.0	0.0	0.0	
Lesser Yellowlegs	0.0	0.0	0.0	0.0	0.0	0.0	0.0	0.0	0.0	0.0	0.0	0.0	0.0	0.0	0.0	0.0	0.0	0.0	0.0	0.0	0.0	0.0	0.0	0.0	0.0	0.0	0.0	0.0	0.0	0.0	0.0	0.0	0.0	0.0	0.1	0.0	0.0	0.0	0.0	0.0	0.0	0.0	0.0	0.0	0.0	0.0	0.0	0.0	
Parasitic Jaeger	0.0	0.0	0.0	0.0	0.0	0.0	0.0	0.0	0.0	0.0	0.0	0.0	0.0	0.0	0.0	0.0	0.0	0.0	0.0	0.0	0.0	0.0	0.0	0.0	0.0	0.0	0.0	0.0	0.0	0.125	0.0	0.0	0.0	0.1	0.1	0.0	0.08333333333333333	0.0	0.0	0.05263157894736842	0.0	0.0	0.0	0.0	0.0	0.0	0.0	0.0	
Common Murre	0.9	0.9166666666666666	0.8333333333333334	0.7647058823529411	0.8571428571428571	0.375	0.5714285714285714	0.75	0.5	0.3333333333333333	0.5	0.08333333333333333	0.5714285714285714	0.3	0.16666666666666666	0.2	0.0	0.0	1.0	0.0015	0.0015	0.0	0.4	0.16666666666666666	0.3333333333333333	0.16666666666666666	0.5	0.25	0.3333333333333333	0.5	0.4	0.4	0.25	0.2	0.5	0.2222222222222222	0.3333333333333333	1.0	0.2	0.3157894736842105	0.7	0.8571428571428571	0.8181818181818182	0.8461538461538461	0.7	0.5454545454545454	0.8333333333333334	0.6	
large alcid sp.	0.05	0.0	0.0	0.0	0.0	0.0	0.0	0.0	0.0	0.0	0.0	0.0	0.0	0.0	0.0	0.0	0.0	0.0	0.0	0.0	0.0	0.0	0.0	0.0	0.0	0.0	0.0	0.0	0.0	0.0	0.0	0.0	0.0	0.0	0.0	0.0	0.0	0.0	0.0	0.0	0.0	0.07142857142857142	0.0	0.0	0.0	0.0	0.0	0.0	
Pigeon Guillemot	0.85	1.0	0.8333333333333334	0.9411764705882353	0.8571428571428571	0.5	0.8571428571428571	1.0	0.5	0.3333333333333333	0.7	0.5	0.7142857142857143	0.5	0.4444444444444444	0.7	1.0	0.0	1.0	0.75	0.6666666666666666	0.5	0.6	0.5	1.0	0.5	0.5	0.75	0.3333333333333333	0.875	0.8	0.6	0.5	0.5	0.5	0.2222222222222222	0.8333333333333334	1.0	0.4	0.5789473684210527	0.7	0.8571428571428571	0.9090909090909091	0.9230769230769231	0.8	0.6363636363636364	0.8333333333333334	0.8	
Marbled Murrelet	0.8	0.5833333333333334	0.8333333333333334	0.5294117647058824	0.8571428571428571	0.375	0.7142857142857143	0.625	0.5	0.0	0.5	0.3333333333333333	0.42857142857142855	0.3	0.16666666666666666	0.2	0.5	0.0	0.0	0.0015	0.0	0.0	0.2	0.3333333333333333	0.0	0.0	0.0	0.16666666666666666	0.3333333333333333	0.375	0.0015	0.6	0.0	0.3	0.2	0.1111111111111111	0.25	1.0	0.4	0.3684210526315789	0.4	0.6428571428571429	0.7272727272727273	0.5384615384615384	0.8	0.36363636363636365	0.8333333333333334	0.6	
Ancient Murrelet	0.85	0.16666666666666666	0.6666666666666666	0.5294117647058824	0.14285714285714285	0.25	0.0	0.125	0.5	0.0	0.0	0.0	0.0	0.1	0.0	0.0	0.0	0.0	0.0	0.0	0.0	0.0	0.0	0.0	0.0015	0.0	0.0	0.0	0.0	0.0	0.0	0.0	0.0	0.0	0.0	0.0	0.08333333333333333	0.0	0.2	0.10526315789473684	0.2	0.5	0.6363636363636364	0.15384615384615385	0.6	0.2727272727272727	0.5	0.5	
murrelet sp.	0.1	0.0	0.0	0.0	0.14285714285714285	0.0	0.0	0.0	0.0	0.0	0.0	0.0	0.0	0.0	0.05555555555555555	0.0	0.0	0.0	0.0	0.0	0.0	0.0	0.0	0.0	0.0	0.0	0.0	0.0	0.0	0.0	0.0	0.0	0.0	0.0	0.0	0.0	0.08333333333333333	0.0	0.0	0.0	0.0	0.0	0.0	0.07692307692307693	0.0	0.0	0.0	0.0	
Cassin's Auklet	0.0	0.0	0.0	0.0	0.0	0.0	0.0	0.0	0.0	0.0	0.0	0.0	0.0	0.0	0.0	0.0	0.0	0.0	0.0	0.0015	0.0	0.0	0.0	0.0	0.0015	0.0	0.0	0.0	0.0	0.0	0.2	0.0	0.0	0.1	0.1	0.0	0.0	0.0	0.0	0.10526315789473684	0.0	0.0	0.09090909090909091	0.0	0.0	0.0	0.16666666666666666	0.0	
Rhinoceros Auklet	0.45	0.08333333333333333	0.16666666666666666	0.6470588235294118	0.5714285714285714	0.125	0.7142857142857143	0.875	0.5	0.16666666666666666	1.0	0.5	0.8571428571428571	0.6	0.3888888888888889	0.6	1.0	1.0	1.0	0.25	0.6666666666666666	0.5	0.8	0.8333333333333334	1.0	0.6666666666666666	0.5	0.6666666666666666	0.3333333333333333	0.875	0.8	0.4	0.25	0.5	0.5	0.1111111111111111	0.5833333333333334	1.0	0.2	0.42105263157894735	0.5	0.7142857142857143	0.6363636363636364	0.46153846153846156	0.3	0.45454545454545453	0.6666666666666666	0.2	
alcid sp.	0.0	0.0	0.0	0.0	0.0	0.0	0.0	0.0	0.0	0.0	0.0	0.08333333333333333	0.0	0.0	0.0	0.0	0.0	0.0	0.0	0.0	0.0	0.0	0.0	0.0	0.0	0.0	0.0	0.0	0.0	0.125	0.0	0.0	0.0	0.1	0.0	0.0	0.0	0.0	0.0	0.0	0.1	0.07142857142857142	0.09090909090909091	0.0	0.0	0.0	0.0	0.0	
Black-legged Kittiwake	0.0	0.0	0.0	0.0	0.0	0.0	0.0	0.0	0.0	0.0	0.0	0.0	0.0	0.0	0.0	0.0	0.0	0.0	0.0	0.0	0.0	0.0015	0.0	0.0	0.0	0.0	0.0	0.0	0.0	0.0	0.0	0.0	0.0	0.0	0.0	0.0	0.0	0.0	0.0	0.0	0.0	0.0	0.0	0.0	0.0	0.0	0.0	0.0	
Bonaparte's Gull	0.15	0.0	0.0	0.0	0.14285714285714285	0.0	0.14285714285714285	0.0	0.0	0.0	0.0	0.0	0.21428571428571427	0.1	0.1111111111111111	0.2	0.5	0.0	0.0	0.0	0.0	0.0	0.0	0.0	0.0	0.0	0.0	0.08333333333333333	0.0	0.0	0.2	0.0	0.0	0.0	0.0	0.2222222222222222	0.08333333333333333	0.3333333333333333	0.1	0.15789473684210525	0.7	0.35714285714285715	0.18181818181818182	0.07692307692307693	0.3	0.0	0.16666666666666666	0.0	
Franklin's Gull	0.0	0.0	0.0	0.0	0.0	0.0	0.0	0.0	0.0	0.0	0.0	0.0	0.0	0.0	0.0	0.0	0.0	0.0	0.0	0.0	0.0	0.0	0.0	0.0	0.0	0.0	0.0015	0.0	0.0	0.0	0.0	0.0	0.0	0.0	0.0	0.0	0.0	0.0	0.0	0.0	0.0	0.0	0.0	0.0	0.0	0.0	0.0	0.0	
Heermann's Gull	0.0	0.0	0.0	0.0	0.0	0.0	0.0	0.0	0.0	0.0	0.0	0.0	0.07142857142857142	0.0	0.0	0.0	0.0	0.0	0.0	0.0	0.0	0.0	0.0	1.0	1.0	1.0	1.0	0.9166666666666666	1.0	0.875	1.0	0.8	1.0	0.9	1.0	1.0	0.9166666666666666	1.0	0.6	0.5263157894736842	0.3	0.2857142857142857	0.09090909090909091	0.23076923076923078	0.0	0.0	0.0	0.0	
Mew Gull	0.75	0.5833333333333334	0.8333333333333334	0.6470588235294118	0.5714285714285714	0.375	0.7142857142857143	0.5	0.5	0.0	0.8	0.25	0.42857142857142855	0.2	0.05555555555555555	0.2	0.5	0.0	0.0	0.0	0.0	0.0	0.0	0.0	0.0	0.0	0.0	0.08333333333333333	0.0	0.0	0.2	0.2	0.0	0.0	0.1	0.2222222222222222	0.5833333333333334	0.6666666666666666	0.5	0.5789473684210527	0.8	0.7857142857142857	0.6363636363636364	0.6153846153846154	0.8	0.2727272727272727	0.6666666666666666	0.4	
Ring-billed Gull	0.0	0.0	0.16666666666666666	0.0	0.0	0.0	0.14285714285714285	0.125	0.0	0.0	0.0	0.0	0.0	0.0	0.0	0.0	0.0	0.0	1.0	0.0	0.0	0.0	0.0	0.0	0.0	0.0	0.5	0.16666666666666666	0.0	0.0	0.2	0.0	0.0	0.0	0.1	0.1111111111111111	0.16666666666666666	0.0	0.0	0.0	0.0	0.0	0.09090909090909091	0.0	0.0	0.0	0.0	0.1	
Western Gull	0.1	0.0	0.0	0.058823529411764705	0.14285714285714285	0.0	0.2857142857142857	0.125	0.0	0.16666666666666666	0.3	0.0	0.0	0.1	0.16666666666666666	0.0	0.5	0.0	0.0	0.5	0.0	0.0	0.2	0.16666666666666666	0.0	0.16666666666666666	0.0	0.25	0.3333333333333333	0.0	0.2	0.4	0.0	0.1	0.2	0.0	0.0	0.0	0.1	0.21052631578947367	0.0	0.21428571428571427	0.09090909090909091	0.0	0.0	0.0	0.0	0.1	
California Gull	0.0	0.08333333333333333	0.16666666666666666	0.0	0.0	0.0	0.14285714285714285	0.0	0.0	0.0	0.0	0.0	0.0	0.0	0.0	0.2	0.0	0.0	1.0	0.0	0.3333333333333333	0.0	0.4	0.16666666666666666	0.6666666666666666	0.3333333333333333	0.0015	0.5	0.3333333333333333	0.75	0.8	0.8	0.5	0.7	0.7	0.4444444444444444	0.5	0.3333333333333333	0.3	0.3157894736842105	0.3	0.14285714285714285	0.0	0.15384615384615385	0.1	0.0	0.0	0.0	
Herring Gull	0.0	0.0	0.16666666666666666	0.058823529411764705	0.0	0.0	0.0	0.0	0.0	0.0	0.0	0.0	0.0	0.0	0.0	0.0	0.0	0.0	0.0	0.25	0.0	0.0	0.0	0.0	0.0	0.0	0.0	0.0	0.0	0.0	0.0	0.0	0.0	0.3	0.1	0.1111111111111111	0.16666666666666666	0.0	0.1	0.05263157894736842	0.1	0.07142857142857142	0.0	0.15384615384615385	0.0	0.0	0.0	0.0	
Iceland Gull	0.0015	0.08333333333333333	0.0	0.0	0.0	0.0	0.0	0.0	0.0	0.0	0.0	0.0	0.0	0.0	0.0	0.0	0.0	0.0	0.0	0.0	0.0	0.0	0.0	0.0	0.0	0.0	0.0	0.0	0.0	0.0	0.0	0.0	0.0	0.0	0.1	0.0	0.0	0.0	0.0	0.05263157894736842	0.1	0.0	0.0	0.0	0.2	0.0	0.0	0.0	
Glaucous-winged Gull	0.65	0.5	0.3333333333333333	0.7058823529411765	0.42857142857142855	0.25	0.5714285714285714	0.5	0.5	0.3333333333333333	0.7	0.3333333333333333	0.35714285714285715	0.7	0.3888888888888889	0.9	0.0	1.0	1.0	1.0	1.0	1.0	0.8	1.0	0.6666666666666666	0.3333333333333333	1.0	0.6666666666666666	0.6666666666666666	0.875	0.6	0.6	0.75	0.8	0.8	0.6666666666666666	0.75	0.6666666666666666	0.6	0.631578947368421	0.5	0.7142857142857143	0.6363636363636364	0.6923076923076923	0.8	0.5454545454545454	0.8333333333333334	0.5	
Western x Glaucous-winged Gull (hybrid)	0.6	0.3333333333333333	0.3333333333333333	0.23529411764705882	0.2857142857142857	0.25	0.5714285714285714	0.375	0.0	0.0	0.4	0.25	0.35714285714285715	0.3	0.16666666666666666	0.4	0.5	0.0	1.0	0.0	0.6666666666666666	0.5	0.4	0.3333333333333333	0.0015	0.3333333333333333	0.5	0.08333333333333333	0.0	0.5	0.2	0.2	0.75	0.3	0.7	0.3333333333333333	0.4166666666666667	0.0	0.4	0.3157894736842105	0.3	0.5714285714285714	0.5454545454545454	0.23076923076923078	0.2	0.2727272727272727	0.8333333333333334	0.4	
Herring x Glaucous-winged Gull (hybrid)	0.0	0.0	0.0	0.0	0.0	0.0	0.0	0.0	0.0	0.0	0.0	0.0	0.0	0.0	0.0	0.0	0.0	0.0	0.0	0.0	0.0	0.0	0.0	0.0	0.0	0.0	0.0	0.0	0.0	0.0	0.0	0.0	0.0	0.0	0.0	0.0	0.0	0.0	0.0	0.05263157894736842	0.0	0.0	0.0	0.0	0.0	0.0	0.0	0.0	
Western/Glaucous-winged Gull	0.05	0.08333333333333333	0.0	0.058823529411764705	0.14285714285714285	0.125	0.14285714285714285	0.125	0.0	0.0	0.2	0.25	0.2857142857142857	0.1	0.2777777777777778	0.1	0.5	0.0	0.0	0.25	0.3333333333333333	0.0	0.2	0.3333333333333333	0.0	0.16666666666666666	0.0	0.16666666666666666	0.0	0.125	0.0	0.0	0.0	0.1	0.2	0.1111111111111111	0.16666666666666666	0.3333333333333333	0.0	0.10526315789473684	0.1	0.07142857142857142	0.09090909090909091	0.07692307692307693	0.0	0.0	0.0	0.1	
Larus sp.	0.1	0.0	0.0	0.0	0.0	0.0	0.14285714285714285	0.0	0.0	0.0	0.0	0.08333333333333333	0.0	0.1	0.05555555555555555	0.0	0.0	0.0	0.0	0.0	0.0	0.0	0.0	0.0	0.0	0.0	0.0	0.08333333333333333	0.0	0.0	0.0	0.0	0.0	0.3	0.2	0.0	0.08333333333333333	0.0	0.1	0.15789473684210525	0.1	0.07142857142857142	0.09090909090909091	0.07692307692307693	0.0	0.0	0.16666666666666666	0.1	
gull sp.	0.0	0.08333333333333333	0.0	0.0	0.14285714285714285	0.0	0.14285714285714285	0.0	0.0	0.3333333333333333	0.0	0.08333333333333333	0.14285714285714285	0.1	0.1111111111111111	0.0	0.0	0.0	0.0	0.25	0.0	0.0	0.2	0.0	0.3333333333333333	0.0	0.0	0.16666666666666666	0.0	0.0	0.4	0.0	0.0	0.3	0.3	0.2222222222222222	0.16666666666666666	0.0	0.3	0.05263157894736842	0.4	0.07142857142857142	0.18181818181818182	0.15384615384615385	0.2	0.18181818181818182	0.16666666666666666	0.1	
Caspian Tern	0.0	0.0	0.0	0.0	0.0	0.0	0.0	0.0	0.0	0.0	0.0	0.0	0.0	0.0	0.1111111111111111	0.2	0.0	0.0	0.0	0.0	0.0	0.0	0.4	0.3333333333333333	0.3333333333333333	0.16666666666666666	0.5	0.25	0.0	0.0	0.2	0.0015	0.0	0.0	0.0	0.1111111111111111	0.0	0.0	0.0	0.0	0.0	0.0	0.0	0.0	0.0	0.0	0.0	0.0	
Common Tern	0.0	0.0	0.0	0.0	0.0	0.0	0.0	0.0	0.0	0.0	0.0	0.0	0.0	0.0	0.0	0.0	0.0	0.0	0.0	0.0	0.0	0.0	0.0	0.0	0.0	0.0	0.0	0.0	0.0	0.0	0.0	0.0	0.0	0.0	0.0	0.1111111111111111	0.0	0.0	0.0	0.0	0.0	0.0	0.0	0.0	0.0	0.0	0.0	0.0	
Arctic Tern	0.0	0.0	0.0	0.0	0.0	0.0	0.0	0.0	0.0	0.0	0.0	0.0	0.0	0.0	0.0	0.0	0.0	0.0	0.0	0.0	0.0	0.0	0.0	0.0	0.0	0.0	0.0	0.0	0.0	0.0	0.0	0.0	0.0	0.0	0.0	0.0	0.0	0.0	0.0	0.0	0.0015	0.0	0.0	0.0	0.0	0.0	0.0	0.0	
Red-throated Loon	0.65	0.3333333333333333	0.6666666666666666	0.29411764705882354	0.14285714285714285	0.125	0.14285714285714285	0.125	0.5	0.0	0.1	0.08333333333333333	0.2857142857142857	0.2	0.05555555555555555	0.0	0.5	0.0	0.0	0.0	0.3333333333333333	0.5	0.0	0.0	0.0	0.0	0.0	0.0	0.0	0.0	0.0	0.0	0.0	0.0	0.1	0.0	0.08333333333333333	0.0	0.0	0.2631578947368421	0.3	0.35714285714285715	0.18181818181818182	0.23076923076923078	0.4	0.2727272727272727	0.6666666666666666	0.6	
Pacific Loon	0.65	0.8333333333333334	1.0	0.5882352941176471	0.42857142857142855	0.25	0.42857142857142855	0.25	0.5	0.0	0.1	0.16666666666666666	0.21428571428571427	0.3	0.16666666666666666	0.0	0.5	0.0	0.0	0.0	0.0	0.0	0.0	0.0	0.0	0.0	0.0	0.0	0.0	0.0	0.0	0.0	0.0	0.0	0.1	0.0	0.4166666666666667	0.6666666666666666	0.3	0.3157894736842105	0.7	0.5714285714285714	0.8181818181818182	0.8461538461538461	0.5	0.45454545454545453	0.6666666666666666	0.5	
Common Loon	0.55	0.5	0.6666666666666666	0.4117647058823529	0.2857142857142857	0.125	0.42857142857142855	0.125	0.5	0.16666666666666666	0.4	0.3333333333333333	0.5	0.3	0.2777777777777778	0.1	0.5	0.0	1.0	0.0015	0.0	0.0	0.0	0.0	0.0	0.0	0.0	0.0	0.0	0.0	0.0	0.0	0.0	0.0	0.3	0.2222222222222222	0.25	0.6666666666666666	0.3	0.15789473684210525	0.5	0.7142857142857143	0.7272727272727273	0.38461538461538464	0.4	0.2727272727272727	0.8333333333333334	0.4	
Yellow-billed Loon	0.1	0.0	0.16666666666666666	0.0015	0.14285714285714285	0.0015	0.14285714285714285	0.25	0.0	0.16666666666666666	0.1	0.08333333333333333	0.21428571428571427	0.1	0.0	0.0	0.0	0.0	0.0	0.0	0.0	0.0	0.0	0.0	0.0	0.0	0.0	0.0	0.0	0.0	0.0	0.0	0.0	0.0	0.0	0.0	0.0	0.0	0.0	0.05263157894736842	0.0	0.0015	0.18181818181818182	0.07692307692307693	0.1	0.0	0.16666666666666666	0.1	
loon sp.	0.0	0.0	0.0	0.058823529411764705	0.14285714285714285	0.0	0.14285714285714285	0.0	0.0	0.0	0.0	0.0	0.0	0.1	0.05555555555555555	0.0	0.0	0.0	0.0	0.0	0.0	0.0	0.0	0.0	0.0	0.0	0.0	0.0	0.0	0.0	0.0	0.0	0.0	0.0	0.0	0.0	0.0	0.0	0.0	0.0015	0.0	0.21428571428571427	0.09090909090909091	0.15384615384615385	0.0	0.09090909090909091	0.0	0.1	
Brandt's Cormorant	0.7	0.5	0.8333333333333334	0.29411764705882354	0.42857142857142855	0.5	0.5714285714285714	0.625	0.0	0.16666666666666666	0.5	0.16666666666666666	0.5714285714285714	0.2	0.2777777777777778	0.4	0.5	0.0	1.0	0.0015	0.3333333333333333	0.0	0.0	0.0	0.0	0.0015	0.0	0.08333333333333333	0.0	0.0	0.0	0.0	0.25	0.2	0.3	0.1111111111111111	0.16666666666666666	0.6666666666666666	0.3	0.2631578947368421	0.6	0.5	0.6363636363636364	0.46153846153846156	0.8	0.09090909090909091	0.8333333333333334	0.3	
Pelagic Cormorant	0.75	0.5	0.6666666666666666	0.8235294117647058	0.7142857142857143	0.75	0.7142857142857143	0.875	0.0	0.16666666666666666	0.6	0.4166666666666667	0.5714285714285714	0.6	0.3888888888888889	0.6	1.0	0.0	1.0	0.0015	0.3333333333333333	0.5	0.4	0.5	0.3333333333333333	0.3333333333333333	0.5	0.3333333333333333	0.3333333333333333	0.5	0.0	0.4	0.25	0.6	0.5	0.3333333333333333	0.6666666666666666	0.6666666666666666	0.6	0.47368421052631576	0.8	0.7857142857142857	0.6363636363636364	0.7692307692307693	0.7	0.45454545454545453	1.0	0.8	
Double-crested Cormorant	0.7	0.6666666666666666	0.8333333333333334	0.7647058823529411	0.5714285714285714	0.375	0.5714285714285714	0.75	0.0	0.16666666666666666	0.8	0.5	0.5	0.5	0.5	0.2	0.0	0.0	0.0	0.0	0.0	0.0	0.0	0.16666666666666666	0.0	0.0	0.0	0.16666666666666666	0.0	0.375	0.2	0.4	0.0	0.3	0.8	0.3333333333333333	0.8333333333333334	0.6666666666666666	0.7	0.3157894736842105	0.6	0.8571428571428571	0.7272727272727273	0.7692307692307693	0.9	0.5454545454545454	0.8333333333333334	0.6	
cormorant sp.	0.1	0.08333333333333333	0.0	0.11764705882352941	0.2857142857142857	0.0	0.42857142857142855	0.0	0.0	0.0	0.1	0.08333333333333333	0.07142857142857142	0.0	0.16666666666666666	0.1	0.0	0.0	0.0	0.0	0.0	0.0	0.2	0.0	0.3333333333333333	0.16666666666666666	0.0	0.16666666666666666	0.0	0.0	0.4	0.0	0.0	0.1	0.2	0.2222222222222222	0.16666666666666666	0.0	0.1	0.15789473684210525	0.0	0.07142857142857142	0.09090909090909091	0.15384615384615385	0.0	0.0	0.16666666666666666	0.0015	
American White Pelican	0.0	0.0	0.0	0.0	0.0	0.0	0.0	0.0	0.0	0.0	0.0	0.0	0.0	0.0	0.0	0.0	0.0	0.0	0.0	0.0	0.0	0.0015	0.0	0.0	0.0	0.0	0.0	0.0	0.0	0.0	0.0	0.0	0.0	0.0	0.0	0.0	0.0	0.0	0.0	0.0	0.0	0.0	0.0	0.0	0.0	0.0	0.0	0.0	
Brown Pelican	0.05	0.0	0.0	0.0	0.0	0.0	0.0	0.0	0.0	0.0	0.0	0.0	0.0	0.0	0.0	0.0	0.0	0.0	0.0	0.0	0.0	0.0	0.0	0.0	0.0	0.0	0.0	0.0	0.0	0.125	0.0	0.0	0.0	0.0	0.1	0.0	0.0	0.0	0.0	0.0	0.0	0.0	0.0	0.0	0.0	0.0	0.0	0.0	
Great Blue Heron	0.0	0.08333333333333333	0.0	0.0	0.0	0.0	0.0	0.0	0.0	0.0	0.0	0.0	0.0	0.0	0.05555555555555555	0.0	0.0	0.0	0.0	0.0	0.0	0.0	0.0	0.0	0.0	0.16666666666666666	0.5	0.16666666666666666	0.0	0.25	0.6	0.0015	0.0	0.2	0.6	0.1111111111111111	0.3333333333333333	0.6666666666666666	0.2	0.3684210526315789	0.0	0.07142857142857142	0.09090909090909091	0.07692307692307693	0.0	0.0	0.0	0.0	
Turkey Vulture	0.0	0.0	0.0	0.0	0.0	0.0	0.0	0.0	0.0	0.0	0.2	0.25	0.2857142857142857	0.1	0.0	0.2	0.0	0.0015	0.0	0.0	0.3333333333333333	0.0	0.2	0.16666666666666666	0.0	0.16666666666666666	0.0	0.0	0.0	0.0	0.0	0.0	0.0	0.0	0.0	0.1111111111111111	0.0	0.0	0.0	0.0	0.0	0.0	0.0	0.0	0.0	0.0	0.0	0.0	
Northern Harrier	0.15	0.0	0.0	0.0	0.0	0.125	0.0	0.25	0.0	0.16666666666666666	0.1	0.0	0.21428571428571427	0.0	0.0	0.0	0.0	0.0	0.0	0.0	0.0	0.0	0.0	0.0	0.0	0.0	0.0	0.0	0.0	0.0	0.0	0.0	0.0	0.0	0.0	0.0	0.08333333333333333	0.0	0.0	0.0015	0.0	0.0	0.0	0.0	0.2	0.09090909090909091	0.3333333333333333	0.0015	
Sharp-shinned Hawk	0.0015	0.0	0.0	0.0	0.0	0.0	0.0	0.0	0.0	0.0	0.1	0.0	0.0	0.0	0.05555555555555555	0.1	0.0	0.0	0.0	0.0	0.0	0.0	0.0	0.0	0.0	0.0	0.0	0.0	0.0	0.0	0.0	0.0	0.0	0.0	0.0	0.0	0.08333333333333333	0.0	0.0	0.0	0.0	0.0	0.0	0.0	0.0	0.0	0.0	0.0	
Cooper's Hawk	0.05	0.0	0.0	0.0	0.0	0.0	0.0	0.0	0.0	0.0	0.0	0.0	0.0	0.0	0.1111111111111111	0.0	0.0	0.0	0.0	0.0	0.0	0.0	0.2	0.0	0.0	0.0	0.0	0.0	0.0	0.25	0.0	0.0	0.0	0.1	0.2	0.0	0.0	0.0	0.0	0.0015	0.1	0.0	0.0	0.0	0.1	0.09090909090909091	0.0	0.0	
Bald Eagle	0.4	0.0	0.3333333333333333	0.29411764705882354	0.2857142857142857	0.125	0.14285714285714285	0.375	0.0	0.16666666666666666	0.4	0.5	0.21428571428571427	0.3	0.2777777777777778	0.4	0.5	0.0015	0.0	0.25	0.6666666666666666	0.0	0.0	0.3333333333333333	0.3333333333333333	0.3333333333333333	0.5	0.3333333333333333	0.0	0.125	0.0	0.0	0.0	0.0	0.0	0.1111111111111111	0.08333333333333333	0.0	0.3	0.3684210526315789	0.2	0.35714285714285715	0.18181818181818182	0.15384615384615385	0.1	0.6363636363636364	0.6666666666666666	0.3	
Red-tailed Hawk	0.0	0.0	0.0	0.0	0.0	0.0	0.0	0.0	0.0	0.0	0.0	0.08333333333333333	0.14285714285714285	0.0	0.05555555555555555	0.1	0.0	0.0015	0.0	0.0	0.0	0.0	0.0	0.0	0.3333333333333333	0.16666666666666666	0.0	0.0	0.0	0.0	0.0	0.0	0.0	0.1	0.0	0.0	0.08333333333333333	0.0	0.0	0.05263157894736842	0.1	0.0	0.0	0.0	0.0	0.0	0.0	0.0	
hawk sp.	0.0	0.0	0.0	0.0	0.0	0.0	0.0	0.0	0.0	0.0	0.0	0.0	0.0	0.0	0.0	0.0	0.0	0.0	0.0	0.0	0.0	0.0	0.0	0.0	0.0	0.16666666666666666	0.0	0.0	0.0	0.0	0.0	0.0	0.0	0.0	0.0	0.0	0.0	0.0	0.0	0.0	0.0	0.0	0.0	0.0	0.0	0.0	0.0	0.0	
Western Screech-Owl	0.0	0.0	0.0	0.0	0.0	0.0	0.0	0.0	0.0	0.0	0.0	0.0015	0.0	0.0	0.0	0.0	0.0	0.0	0.0	0.0	0.0	0.0	0.0	0.0	0.0	0.0	0.0	0.0	0.0	0.0	0.0	0.0	0.0	0.0	0.0	0.0	0.0	0.0	0.0	0.0	0.0	0.0	0.0	0.0	0.0	0.0	0.0	0.0	
Barred Owl	0.0	0.0	0.0	0.0	0.0	0.0	0.0	0.0	0.0	0.0	0.0	0.0	0.0	0.0	0.0015	0.0	0.0	0.0	0.0	0.0	0.0	0.0	0.0	0.0	0.0	0.0	0.0	0.0	0.0	0.0	0.0	0.0	0.0	0.0	0.0	0.0	0.0	0.0	0.0	0.0	0.0	0.0	0.0	0.0	0.0	0.0	0.0	0.0	
Short-eared Owl	0.0	0.0	0.0	0.0	0.0	0.0	0.0	0.0	0.0	0.0	0.0	0.0	0.0	0.0	0.0	0.0	0.0	0.0	0.0	0.0	0.0	0.0	0.0	0.0	0.0	0.0	0.0	0.0	0.0	0.0	0.0	0.0	0.0	0.0	0.0	0.0	0.0	0.0	0.0	0.0	0.0	0.0	0.0	0.0	0.0	0.09090909090909091	0.0	0.0	
Belted Kingfisher	0.0	0.08333333333333333	0.0	0.058823529411764705	0.0	0.0	0.2857142857142857	0.0	0.0	0.0	0.2	0.08333333333333333	0.0	0.1	0.0	0.0	0.0	0.0	0.0	0.0	0.0	0.0	0.0	0.16666666666666666	0.0	0.0	0.0	0.08333333333333333	0.3333333333333333	0.375	0.4	0.0	0.0	0.0	0.1	0.0	0.16666666666666666	0.0	0.1	0.05263157894736842	0.0	0.0	0.0	0.15384615384615385	0.2	0.18181818181818182	0.0	0.0	
Downy Woodpecker	0.0	0.0	0.0	0.0	0.0	0.0	0.0	0.0	0.0	0.0	0.0	0.0	0.0	0.0	0.1111111111111111	0.0	0.0	0.0	0.0	0.0	0.0	0.0	0.0	0.0	0.0	0.0	0.0	0.08333333333333333	0.0	0.0	0.0	0.0	0.0	0.1	0.2	0.0	0.0	0.0	0.1	0.0	0.0	0.0	0.0	0.0	0.3	0.09090909090909091	0.0	0.0	
Hairy Woodpecker	0.0	0.0	0.0	0.0	0.0	0.0	0.0	0.0	0.0	0.0	0.1	0.0	0.0	0.0	0.0	0.0	0.0	0.0	0.0	0.0	0.0	0.0	0.0	0.0	0.0	0.0	0.0	0.0	0.0	0.0	0.0	0.0	0.0	0.0	0.0	0.0	0.0	0.0	0.1	0.0	0.0	0.0	0.0	0.0	0.0	0.0	0.0	0.0	
Pileated Woodpecker	0.05	0.0	0.0	0.0	0.0	0.0	0.0	0.0	0.0	0.0	0.0	0.0	0.0	0.0	0.05555555555555555	0.0	0.0	0.0	0.0	0.0	0.0	0.0	0.0	0.0	0.0	0.0	0.0	0.0	0.0	0.0	0.0	0.0	0.0	0.0	0.0	0.0	0.0	0.0	0.0	0.0	0.0	0.0	0.0	0.0	0.0	0.0	0.0	0.0	
Northern Flicker	0.35	0.16666666666666666	0.0	0.11764705882352941	0.0	0.125	0.14285714285714285	0.25	0.0	0.0	0.4	0.4166666666666667	0.14285714285714285	0.2	0.2222222222222222	0.4	0.0	0.0	0.0	0.25	0.3333333333333333	0.0	0.2	0.6666666666666666	0.6666666666666666	0.0	0.5	0.3333333333333333	0.0	0.5	0.0015	0.2	0.0	0.3	0.6	0.3333333333333333	0.5833333333333334	0.3333333333333333	0.7	0.21052631578947367	0.4	0.14285714285714285	0.18181818181818182	0.23076923076923078	0.5	0.2727272727272727	0.0	0.1	
American Kestrel	0.0	0.0	0.16666666666666666	0.0	0.0	0.0	0.0	0.0	0.0	0.0	0.0	0.0	0.0	0.0	0.0	0.0	0.0	0.0	0.0	0.0	0.0	0.0	0.0	0.0	0.0	0.0	0.0	0.0	0.0	0.0	0.0	0.0	0.0	0.0	0.0	0.0	0.0	0.0	0.0	0.0	0.0	0.0	0.0	0.0	0.0	0.0	0.0	0.0	
Merlin	0.0	0.0	0.0	0.0	0.0	0.0	0.0	0.0	0.0	0.0	0.0	0.0	0.0	0.0	0.0	0.0	0.0	0.0	0.0	0.0	0.0	0.0	0.0	0.0	0.0	0.0	0.0	0.0	0.0	0.0	0.0	0.0	0.0	0.0	0.0	0.1111111111111111	0.0	0.0	0.0	0.0	0.0	0.07142857142857142	0.0	0.07692307692307693	0.2	0.0	0.0	0.0	
Peregrine Falcon	0.0	0.0	0.0	0.0	0.0	0.0	0.0	0.0	0.0	0.0	0.0	0.0	0.07142857142857142	0.0	0.0	0.0	0.0	0.0	0.0	0.0	0.0	0.0	0.0	0.0	0.0	0.16666666666666666	0.0	0.0	0.0	0.0	0.2	0.0	0.0	0.0	0.0	0.0	0.0	0.0	0.0	0.0	0.1	0.0015	0.0	0.15384615384615385	0.0	0.0	0.0	0.0	
Olive-sided Flycatcher	0.0	0.0	0.0	0.0	0.0	0.0	0.0	0.0	0.0	0.0	0.0	0.0	0.0	0.0	0.0	0.0	0.0	0.0	0.0	0.0	0.0	0.5	0.0	0.0	0.0	0.0	0.0	0.0	0.0	0.0	0.0	0.0	0.0	0.0	0.0	0.0	0.0	0.0	0.0	0.0	0.0	0.0	0.0	0.0	0.0	0.0	0.0	0.0	
Willow Flycatcher	0.0	0.0	0.0	0.0	0.0	0.0	0.0	0.0	0.0	0.0	0.0	0.0	0.0	0.0	0.0	0.0	0.0	0.0	0.0	0.0	0.0	0.0	0.0	0.0	0.0	0.0	0.0	0.08333333333333333	0.0	0.0	0.0	0.0	0.0	0.0	0.0	0.0	0.0	0.0	0.0	0.0	0.0	0.0	0.0	0.0	0.0	0.0	0.0	0.0	
Pacific-slope Flycatcher	0.0	0.0	0.0	0.0	0.0	0.0	0.0	0.0	0.0	0.0	0.0	0.0	0.0	0.0	0.0	0.0	0.0	0.0	0.0	0.0	0.3333333333333333	0.0	0.0	0.0	0.0	0.0	0.0	0.08333333333333333	0.0	0.0	0.0	0.0	0.0	0.0	0.0	0.0	0.0	0.0	0.0	0.0	0.0	0.0	0.0	0.0	0.0	0.0	0.0	0.0	
Western Kingbird	0.0	0.0	0.0	0.0	0.0	0.0	0.0	0.0	0.0	0.0	0.0	0.0	0.0	0.0	0.0	0.0	0.0	0.0	0.0	0.0	0.6666666666666666	0.0	0.0	0.0	0.0	0.0	0.0	0.0	0.0	0.0	0.0	0.0	0.0	0.0	0.0	0.0	0.0	0.0	0.0	0.0	0.0	0.0	0.0	0.0	0.0	0.0	0.0	0.0	
Hutton's Vireo	0.0	0.0	0.0	0.0	0.0	0.0	0.0	0.0	0.0	0.0	0.0	0.08333333333333333	0.0	0.0	0.0	0.0	0.0	0.0	0.0	0.0	0.0	0.0	0.0	0.0	0.0	0.0	0.0	0.0	0.0	0.0	0.0	0.0	0.0	0.0	0.0	0.0	0.0	0.0	0.1	0.05263157894736842	0.0	0.0	0.0	0.0	0.1	0.0	0.0	0.0	
Steller's Jay	0.0	0.0	0.0	0.0	0.0	0.0	0.0	0.0	0.0	0.0	0.0	0.0	0.0	0.1	0.0	0.0	0.0	0.0	0.0	0.0	0.0	0.0	0.2	0.0	0.0	0.0	0.0	0.0	0.0	0.0	0.0	0.0	0.0	0.0	0.1	0.3333333333333333	0.16666666666666666	0.3333333333333333	0.1	0.0015	0.0	0.0	0.0	0.0	0.0	0.0	0.0	0.0	
California Scrub-Jay	0.0	0.0	0.0	0.0	0.0	0.0	0.0	0.0	0.0	0.0	0.0	0.0	0.0	0.0	0.0	0.0	0.0	0.0	0.0	0.0	0.0	0.0	0.0	0.0	0.0	0.0	0.0	0.0	0.0	0.0	0.0	0.0	0.0	0.0	0.0	0.0	0.08333333333333333	0.0	0.0	0.0	0.0	0.0	0.0	0.0	0.0	0.0	0.0	0.0	
American Crow	0.15	0.16666666666666666	0.16666666666666666	0.17647058823529413	0.0	0.375	0.14285714285714285	0.125	0.0	0.16666666666666666	0.2	0.3333333333333333	0.14285714285714285	0.0	0.3888888888888889	0.3	0.0	0.0	0.0	0.0	0.6666666666666666	0.0	0.0	0.16666666666666666	0.0	0.16666666666666666	0.0	0.3333333333333333	0.3333333333333333	0.375	0.0	0.0	0.25	0.1	0.2	0.2222222222222222	0.4166666666666667	0.3333333333333333	0.2	0.3684210526315789	0.3	0.07142857142857142	0.09090909090909091	0.3076923076923077	0.2	0.45454545454545453	0.0	0.0015	
Northwestern Crow	0.1	0.08333333333333333	0.0	0.058823529411764705	0.14285714285714285	0.0	0.0	0.0	0.5	0.16666666666666666	0.1	0.0	0.0	0.1	0.1111111111111111	0.0	0.0	0.0	0.0	0.0	0.0	0.0	0.0	0.16666666666666666	0.3333333333333333	0.3333333333333333	0.5	0.25	0.0	0.125	0.0	0.2	0.0	0.0	0.1	0.0	0.0	0.0	0.1	0.0	0.0	0.0	0.0	0.07692307692307693	0.0	0.09090909090909091	0.0	0.0015	
American/Northwestern Crow	0.05	0.0	0.16666666666666666	0.058823529411764705	0.0	0.125	0.14285714285714285	0.125	0.0	0.0	0.4	0.5	0.2857142857142857	0.4	0.5	0.4	0.5	0.0	1.0	0.25	0.0	1.0	0.4	0.16666666666666666	0.6666666666666666	0.16666666666666666	0.0	0.16666666666666666	0.0	0.125	0.0	0.4	0.25	0.2	0.5	0.3333333333333333	0.16666666666666666	0.3333333333333333	0.4	0.10526315789473684	0.0	0.07142857142857142	0.2727272727272727	0.07692307692307693	0.1	0.0	0.16666666666666666	0.1	
Common Raven	0.05	0.16666666666666666	0.16666666666666666	0.11764705882352941	0.14285714285714285	0.125	0.14285714285714285	0.0	0.0	0.0	0.1	0.3333333333333333	0.14285714285714285	0.1	0.1111111111111111	0.1	0.0	0.0	0.0	0.0	0.0	0.0	0.0	0.0	0.3333333333333333	0.0	0.0	0.08333333333333333	0.0	0.25	0.0	0.0	0.0	0.2	0.1	0.0	0.08333333333333333	0.0	0.0	0.15789473684210525	0.2	0.07142857142857142	0.09090909090909091	0.0	0.0	0.2727272727272727	0.0	0.0015	
crow/raven sp.	0.0	0.0	0.0	0.0	0.0	0.0	0.0	0.0	0.0	0.0	0.0	0.0	0.0	0.0	0.0	0.0	0.0	0.0	0.0	0.0	0.0	0.0	0.0	0.0	0.0	0.0	0.0	0.0	0.0	0.0	0.0	0.0	0.0	0.0	0.0	0.0	0.0	0.0	0.1	0.0	0.0	0.0	0.0	0.0	0.0	0.0	0.0	0.0	
Horned Lark	0.0	0.0	0.0	0.0	0.0	0.0	0.0	0.0	0.0	0.0	0.0	0.0	0.0	0.0	0.0	0.0	0.0	0.0	0.0	0.0	0.0	0.0	0.0	0.0	0.0	0.0	0.0	0.0	0.0	0.0	0.0	0.0	0.0	0.0	0.0	0.1111111111111111	0.0	0.0	0.0	0.0	0.0	0.0	0.0	0.0	0.0	0.0	0.0	0.0	
Northern Rough-winged Swallow	0.0	0.0	0.0	0.0	0.0	0.0	0.0	0.0	0.0	0.0	0.0	0.0	0.0	0.0	0.0	0.0	0.5	0.0	0.0	0.25	0.0	0.0	0.0	0.16666666666666666	0.0	0.0	0.0	0.0	0.0	0.0	0.0	0.0	0.0	0.0	0.0	0.0	0.0	0.0	0.0	0.0	0.0	0.0	0.0	0.0	0.0	0.0	0.0	0.0	
Purple Martin	0.0	0.0	0.0	0.0	0.0	0.0	0.0	0.0	0.0	0.0	0.0	0.0	0.0	0.0	0.0	0.0	0.0	0.0	0.0	0.25	0.3333333333333333	0.0	0.2	0.0	0.0	0.0	0.0	0.25	0.0	0.375	0.2	0.2	0.0	0.0	0.0	0.0	0.0	0.0	0.0	0.0	0.0	0.0	0.0	0.0	0.0	0.0	0.0	0.0	
Tree Swallow	0.0	0.0	0.0	0.0	0.0	0.0	0.0	0.0	0.0	0.0	0.0	0.25	0.07142857142857142	0.1	0.1111111111111111	0.3	0.5	1.0	0.0	0.0	0.3333333333333333	0.5	0.0	0.3333333333333333	0.0	0.0	0.0	0.0	0.0	0.0	0.0	0.0	0.0	0.0	0.0	0.1111111111111111	0.0	0.0	0.0	0.0	0.0	0.0	0.0	0.0	0.0	0.0	0.0	0.0	
Violet-green Swallow	0.0	0.0	0.0	0.0	0.0	0.0	0.0	0.0	0.0	0.0	0.1	0.08333333333333333	0.14285714285714285	0.2	0.1111111111111111	0.2	0.5	0.0	0.0	0.25	0.3333333333333333	0.5	0.0	0.5	0.6666666666666666	0.16666666666666666	0.0	0.08333333333333333	0.3333333333333333	0.0	0.0	0.0	0.0	0.1	0.2	0.1111111111111111	0.0	0.0	0.0	0.0	0.0	0.0	0.0	0.0	0.0	0.0	0.0	0.0	
Tree/Violet-green Swallow	0.0	0.0	0.0	0.0	0.0	0.0	0.0	0.0	0.0	0.0	0.0	0.0	0.0	0.0	0.0	0.1	0.0	0.0	0.0	0.0	0.0	0.0	0.0	0.0	0.0	0.0	0.0	0.0	0.0	0.0	0.0	0.0	0.0	0.0	0.0	0.0	0.0	0.0	0.0	0.0	0.0	0.0	0.0	0.0	0.0	0.0	0.0	0.0	
Barn Swallow	0.0	0.0	0.0	0.0	0.0	0.0	0.0	0.0	0.0	0.0	0.0	0.0	0.0	0.0	0.1111111111111111	0.4	1.0	1.0	0.0015	0.75	1.0	1.0	0.4	0.8333333333333334	1.0	0.6666666666666666	0.5	0.8333333333333334	0.3333333333333333	1.0	0.2	0.8	0.25	0.3	0.0	0.0	0.0	0.0	0.0	0.0	0.0	0.0	0.0	0.0	0.0	0.0	0.0	0.0	
Cliff Swallow	0.0	0.0	0.0	0.0	0.0	0.0	0.0	0.0	0.0	0.0	0.0	0.0	0.0	0.0	0.0	0.0	0.5	0.0	0.0	0.0	0.3333333333333333	0.0	0.2	0.3333333333333333	0.0	0.16666666666666666	0.0	0.16666666666666666	0.0	0.0	0.2	0.0	0.0	0.0	0.0	0.0	0.0	0.0	0.0	0.0	0.0	0.0	0.0	0.0	0.0	0.0	0.0	0.0	
swallow sp.	0.0	0.0	0.0	0.0	0.0	0.0	0.0	0.0	0.0	0.0	0.0	0.0	0.0	0.0	0.0	0.0	0.0	0.0	0.0	0.0	0.0	0.0	0.0	0.0	0.0	0.0	0.0	0.0	0.0	0.0	0.0	0.0	0.0	0.1	0.0	0.0	0.0	0.0	0.0	0.0	0.0	0.0	0.0	0.0	0.0	0.0	0.0	0.0	
Black-capped Chickadee	0.1	0.0	0.0	0.0	0.0	0.0	0.0	0.0	0.0	0.0	0.0	0.0	0.0	0.1	0.1111111111111111	0.1	0.5	0.0	0.0	0.0	0.0	0.0	0.0	0.5	0.3333333333333333	0.0	0.0	0.08333333333333333	0.0	0.0	0.0	0.0	0.0	0.2	0.0	0.1111111111111111	0.08333333333333333	0.0	0.0	0.05263157894736842	0.1	0.0	0.09090909090909091	0.0	0.1	0.0	0.0	0.0	
Mountain Chickadee	0.0	0.0	0.0	0.0	0.0	0.0	0.0	0.0	0.0	0.0	0.0	0.0	0.0	0.0	0.0	0.0	0.0	0.0	0.0	0.0	0.0	0.0	0.0	0.0	0.0	0.0	0.0	0.0	0.0	0.0	0.0	0.0	0.0	0.0	0.0	0.0	0.0	0.0015	0.0	0.0	0.0	0.0	0.0	0.0	0.0	0.0	0.0	0.0	
Chestnut-backed Chickadee	0.15	0.08333333333333333	0.0	0.0	0.0	0.0	0.2857142857142857	0.0	0.0	0.0	0.1	0.08333333333333333	0.0	0.2	0.16666666666666666	0.1	0.0	0.0	0.0	0.0	0.0	0.0	0.0	0.0	0.3333333333333333	0.0	0.0	0.3333333333333333	0.0	0.125	0.2	0.0	0.25	0.0	0.1	0.1111111111111111	0.16666666666666666	0.3333333333333333	0.3	0.10526315789473684	0.0	0.0	0.09090909090909091	0.0	0.3	0.2727272727272727	0.0	0.0015	
chickadee sp.	0.05	0.0	0.0	0.0	0.0	0.0	0.0	0.0	0.0	0.0	0.0	0.0	0.0	0.0	0.0	0.0	0.0	0.0	0.0	0.0	0.0	0.0	0.0	0.0	0.0	0.0	0.0	0.0	0.0	0.0	0.0	0.0	0.0	0.0	0.0	0.0	0.0	0.0	0.0	0.0	0.0	0.0	0.0	0.0	0.0	0.0	0.0	0.0	
Bushtit	0.05	0.0	0.0	0.0	0.0	0.0	0.14285714285714285	0.0	0.0	0.16666666666666666	0.1	0.0	0.0	0.0	0.05555555555555555	0.0	0.0	0.0	0.0	0.0	0.0	0.0	0.0	0.0	0.3333333333333333	0.0	0.0	0.0	0.0	0.0	0.0	0.0	0.0	0.0	0.0	0.0	0.08333333333333333	0.0	0.0	0.0015	0.0	0.0	0.0015	0.0	0.1	0.0	0.0	0.1	
Red-breasted Nuthatch	0.0	0.0	0.0	0.0	0.0	0.0	0.0	0.0	0.0	0.0	0.0	0.0	0.0	0.0	0.0	0.1	0.0	0.0	0.0	0.0	0.0	0.5	0.0	0.16666666666666666	0.0	0.0	0.0	0.08333333333333333	0.0	0.125	0.0	0.2	0.0	0.1	0.0	0.0	0.0	0.0	0.2	0.05263157894736842	0.0	0.0	0.0	0.0	0.0	0.0	0.0	0.0	
Brown Creeper	0.0	0.0	0.0	0.0	0.0	0.0	0.0	0.0	0.0	0.0	0.0	0.0	0.0	0.0	0.0	0.0	0.0	0.0	0.0	0.0	0.0	0.0	0.0	0.0	0.0	0.0	0.0	0.0	0.0	0.0	0.0	0.0	0.0	0.0	0.0	0.0	0.0	0.0	0.1	0.0	0.0	0.0	0.0	0.0	0.0	0.0	0.0	0.0	
Pacific Wren	0.1	0.0	0.16666666666666666	0.0	0.0	0.125	0.0	0.0	0.0	0.0	0.1	0.3333333333333333	0.07142857142857142	0.2	0.3888888888888889	0.0	0.0	0.0	0.0	0.0	0.0	0.0	0.0	0.0	0.0	0.0	0.0	0.0	0.0	0.0	0.0	0.0	0.0	0.0	0.0	0.1111111111111111	0.08333333333333333	0.0	0.3	0.15789473684210525	0.1	0.14285714285714285	0.18181818181818182	0.23076923076923078	0.2	0.09090909090909091	0.0	0.0	
Marsh Wren	0.05	0.0	0.0	0.11764705882352941	0.0	0.0	0.0	0.0	0.0	0.0	0.0	0.0	0.0	0.0	0.0	0.0	0.0	0.0	0.0	0.0	0.0	0.0	0.0	0.0	0.0	0.0	0.0	0.0	0.0	0.0	0.0	0.0	0.0	0.0	0.0	0.0	0.0	0.0	0.0	0.05263157894736842	0.0	0.0	0.0	0.07692307692307693	0.0	0.0	0.16666666666666666	0.0	
Bewick's Wren	0.15	0.16666666666666666	0.0	0.058823529411764705	0.0	0.0	0.0	0.0	0.0	0.0	0.1	0.08333333333333333	0.14285714285714285	0.4	0.2777777777777778	0.1	0.0	0.0	1.0	0.0	0.3333333333333333	0.0	0.0	0.3333333333333333	0.3333333333333333	0.0	0.0	0.16666666666666666	0.0	0.0	0.0	0.0	0.0	0.1	0.3	0.1111111111111111	0.25	0.3333333333333333	0.5	0.21052631578947367	0.0	0.07142857142857142	0.0	0.07692307692307693	0.1	0.0	0.0	0.0	
Golden-crowned Kinglet	0.1	0.08333333333333333	0.0	0.11764705882352941	0.0	0.0	0.14285714285714285	0.0	0.0	0.0	0.0	0.08333333333333333	0.0	0.0	0.0	0.0	0.5	0.0	0.0	0.0	0.0	0.0	0.0	0.0	0.0	0.0	0.0	0.0	0.0	0.0	0.0	0.0	0.0	0.1	0.0	0.1111111111111111	0.0	0.0	0.1	0.05263157894736842	0.2	0.0	0.0	0.0	0.1	0.0	0.0	0.0	
Ruby-crowned Kinglet	0.0	0.16666666666666666	0.0	0.0	0.14285714285714285	0.0	0.14285714285714285	0.0	0.0	0.0	0.1	0.08333333333333333	0.0	0.1	0.05555555555555555	0.1	0.0	0.0	0.0	0.0	0.0	0.0	0.0	0.0	0.0	0.0	0.0	0.0	0.0	0.0	0.0	0.0	0.0	0.0	0.0	0.0	0.08333333333333333	0.0	0.1	0.10526315789473684	0.0	0.14285714285714285	0.09090909090909091	0.07692307692307693	0.2	0.09090909090909091	0.0	0.0	
Western Bluebird	0.0	0.0	0.0	0.0	0.0	0.0	0.0	0.0	0.0	0.0	0.0	0.08333333333333333	0.0	0.0	0.0	0.0	0.0	0.0	0.0	0.0	0.0	0.0	0.0	0.0	0.0	0.0	0.0	0.0	0.0	0.0	0.0	0.0	0.0	0.0	0.0	0.0	0.0	0.0	0.0	0.0	0.0	0.0	0.0	0.0	0.0	0.0	0.0	0.0	
Mountain Bluebird	0.0	0.0	0.0	0.0	0.0	0.0	0.0	0.0	0.0	0.0	0.0	0.08333333333333333	0.35714285714285715	0.4	0.05555555555555555	0.2	0.0	0.0	0.0	0.0	0.0	0.0	0.0	0.0	0.0	0.0	0.0	0.0	0.0	0.0	0.0	0.0	0.0	0.0	0.0	0.0	0.0	0.0	0.0	0.0	0.0	0.0	0.0	0.0	0.0	0.0	0.0	0.0	
Townsend's Solitaire	0.0	0.0	0.0	0.0	0.0	0.0	0.0	0.0	0.0	0.0	0.0	0.0	0.07142857142857142	0.1	0.05555555555555555	0.2	0.0	0.0	0.0	0.0	0.0	0.0	0.0	0.0	0.0	0.0	0.0	0.0	0.0	0.0	0.0	0.0	0.0	0.0	0.0	0.1111111111111111	0.0	0.0	0.0	0.0	0.0	0.0	0.0	0.0	0.0	0.0	0.0	0.0	
Varied Thrush	0.0	0.0	0.0	0.0	0.0	0.0	0.0	0.0	0.0	0.0	0.0	0.08333333333333333	0.0	0.0	0.0	0.0	0.0	0.0	0.0	0.0	0.0	0.0	0.0	0.0	0.0	0.0	0.0	0.0	0.0	0.0	0.0	0.0	0.0	0.0	0.0	0.0	0.0	0.0	0.0	0.0	0.0	0.0	0.0015	0.0	0.0	0.0	0.0	0.0	
Swainson's Thrush	0.0	0.0	0.0	0.0	0.0	0.0	0.0	0.0	0.0	0.0	0.0	0.0	0.0	0.0	0.0	0.0	0.0	0.0	0.0	0.0	0.0	0.5	0.0	0.16666666666666666	0.0	0.16666666666666666	0.0	0.08333333333333333	0.0	0.0	0.0	0.0	0.0	0.0	0.0	0.0	0.0	0.0	0.0	0.0	0.0	0.0	0.0	0.0	0.0	0.0	0.0	0.0	
Hermit Thrush	0.0	0.0	0.0	0.0	0.0	0.0	0.0	0.0	0.0	0.0	0.0	0.08333333333333333	0.0	0.0	0.0	0.1	0.0	0.0	0.0	0.0	0.0	0.0	0.0	0.0	0.0	0.0	0.0	0.0	0.0	0.0	0.0	0.0	0.0	0.0	0.0	0.0	0.0	0.0	0.0	0.0	0.0	0.0	0.0	0.0	0.0	0.0	0.0	0.0	
American Robin	0.2	0.08333333333333333	0.0	0.0	0.0	0.0	0.2857142857142857	0.0	0.5	0.0	0.3	0.5	0.2857142857142857	0.4	0.6111111111111112	0.4	0.0	1.0	1.0	0.25	0.6666666666666666	0.5	0.2	0.3333333333333333	0.6666666666666666	0.3333333333333333	0.0	0.16666666666666666	0.0	0.0	0.0	0.0	0.0	0.0	0.1	0.2222222222222222	0.25	0.3333333333333333	0.2	0.0015	0.1	0.07142857142857142	0.0	0.15384615384615385	0.0	0.09090909090909091	0.0	0.1	
European Starling	0.0	0.08333333333333333	0.0	0.058823529411764705	0.0	0.125	0.0	0.0	0.0	0.0	0.2	0.08333333333333333	0.21428571428571427	0.3	0.1111111111111111	0.4	0.5	1.0	0.0	0.25	0.6666666666666666	1.0	0.2	0.3333333333333333	0.3333333333333333	0.3333333333333333	0.0	0.25	0.0	0.125	0.0	0.0	0.0	0.0	0.1	0.1111111111111111	0.16666666666666666	0.0	0.1	0.21052631578947367	0.1	0.0	0.09090909090909091	0.07692307692307693	0.0	0.0	0.0	0.1	
American Pipit	0.0	0.0	0.0	0.0	0.0	0.0	0.0	0.0	0.0	0.0	0.0	0.0	0.07142857142857142	0.1	0.05555555555555555	0.0	0.5	0.0	0.0	0.0	0.0	0.0	0.0	0.0	0.0	0.0	0.0	0.0	0.0	0.0	0.0	0.0	0.0	0.0	0.0	0.2222222222222222	0.08333333333333333	0.0	0.0	0.0	0.0	0.07142857142857142	0.0	0.0015	0.0	0.0	0.0	0.0	
Cedar Waxwing	0.0	0.0	0.0	0.0	0.0	0.0	0.0	0.0	0.0	0.0	0.0	0.0	0.0	0.0	0.0	0.0	0.0	0.0	0.0	0.0	0.0	0.0	0.0	0.16666666666666666	0.0	0.0	0.0	0.16666666666666666	0.0	0.0	0.0	0.2	0.0	0.1	0.1	0.2222222222222222	0.0	0.0	0.1	0.0	0.0	0.0	0.0	0.0	0.0	0.0	0.0	0.0	
House Finch	0.15	0.25	0.0	0.0	0.14285714285714285	0.0	0.14285714285714285	0.0	0.0	0.0	0.1	0.3333333333333333	0.35714285714285715	0.4	0.1111111111111111	0.5	1.0	0.0	0.0	0.0	0.6666666666666666	0.5	0.4	0.6666666666666666	0.0	0.3333333333333333	0.0	0.3333333333333333	0.0	0.125	0.0	0.2	0.0	0.3	0.7	0.2222222222222222	0.5833333333333334	0.3333333333333333	0.5	0.42105263157894735	0.3	0.35714285714285715	0.2727272727272727	0.23076923076923078	0.3	0.09090909090909091	0.0	0.2	
Purple Finch	0.0	0.0	0.0	0.0	0.0	0.0	0.0	0.0	0.0	0.0	0.0	0.08333333333333333	0.0	0.1	0.05555555555555555	0.1	0.0	0.0	0.0	0.0	0.0	0.0	0.0	0.0	0.0	0.0	0.0	0.0	0.0	0.0	0.0	0.0	0.0	0.0	0.0	0.0	0.0	0.0	0.1	0.0	0.0	0.0	0.0	0.0	0.0	0.0	0.0	0.0	
Red Crossbill	0.0	0.0	0.0	0.0	0.0	0.0	0.0	0.0	0.0	0.0	0.0	0.0	0.0	0.0	0.0	0.0	0.0	0.0	0.0	0.0	0.0	0.0	0.0	0.0	0.0	0.0	0.0	0.0	0.0	0.0	0.0	0.0	0.0	0.0	0.0	0.0	0.0	0.0	0.0	0.0	0.0	0.07142857142857142	0.0	0.0	0.0	0.0	0.0	0.0015	
Pine Siskin	0.0	0.0	0.0	0.0	0.14285714285714285	0.0	0.0	0.0	0.0	0.0	0.0	0.08333333333333333	0.0	0.0	0.0	0.0	0.5	0.0	1.0	0.0	0.0	0.0	0.0	0.0	0.0	0.0	0.0	0.0	0.0	0.0	0.0	0.0	0.0	0.0	0.0	0.0	0.0	0.0	0.2	0.0	0.1	0.14285714285714285	0.0	0.0	0.0	0.0	0.0	0.0	
American Goldfinch	0.0	0.08333333333333333	0.0	0.0	0.0	0.0	0.0	0.0	0.0	0.0	0.0	0.0	0.0	0.1	0.0	0.3	1.0	0.0	0.0	0.0	0.6666666666666666	0.0	0.6	0.8333333333333334	0.0	0.0	0.5	0.25	0.0	0.0	0.0	0.0	0.0	0.1	0.2	0.1111111111111111	0.0	0.0	0.2	0.05263157894736842	0.1	0.0	0.0	0.0	0.0	0.0	0.0	0.0	
finch sp.	0.0	0.0	0.0	0.0	0.0	0.0	0.0	0.0	0.0	0.0	0.0	0.0	0.0	0.0	0.0	0.0	0.0	0.0	0.0	0.0	0.0	0.0	0.0	0.0	0.0	0.0	0.0	0.0	0.0	0.0	0.0	0.0	0.0	0.0	0.1	0.0	0.0	0.0	0.0	0.0	0.0	0.0	0.0	0.0	0.0	0.0	0.0	0.0	
Lapland Longspur	0.0	0.0	0.0	0.0	0.0	0.0	0.0	0.0	0.0	0.0	0.0	0.0	0.0	0.0	0.0	0.0	0.0	0.0	0.0	0.0	0.0	0.0	0.0	0.0	0.0	0.0	0.0	0.0	0.0	0.0	0.0	0.0	0.0	0.0	0.0	0.1111111111111111	0.16666666666666666	0.0	0.0	0.0	0.0	0.0	0.0	0.0	0.0	0.0	0.0	0.0	
Fox Sparrow	0.05	0.16666666666666666	0.0	0.0	0.0	0.0	0.0	0.0	0.0	0.0	0.0	0.08333333333333333	0.0	0.0	0.05555555555555555	0.0	0.0	0.0	0.0	0.0	0.0	0.0	0.0	0.0	0.0	0.0	0.0	0.0	0.0	0.0	0.0	0.0	0.0	0.0	0.2	0.0	0.25	0.0	0.3	0.2631578947368421	0.0	0.07142857142857142	0.2727272727272727	0.15384615384615385	0.2	0.0	0.0	0.0	
Dark-eyed Junco	0.05	0.0	0.0	0.0	0.0	0.0	0.14285714285714285	0.0	0.0	0.0	0.0	0.25	0.07142857142857142	0.0	0.3888888888888889	0.0	0.0	0.0	0.0	0.0	0.3333333333333333	0.0	0.0	0.3333333333333333	0.0	0.0	0.0	0.08333333333333333	0.0	0.0	0.0	0.0	0.0	0.0	0.1	0.1111111111111111	0.16666666666666666	0.3333333333333333	0.2	0.05263157894736842	0.0	0.21428571428571427	0.09090909090909091	0.07692307692307693	0.2	0.18181818181818182	0.0	0.1	
White-crowned Sparrow	0.15	0.08333333333333333	0.16666666666666666	0.0	0.0	0.0	0.0	0.0	0.0	0.0	0.2	0.6666666666666666	0.6428571428571429	0.7	0.8888888888888888	0.9	1.0	1.0	1.0	1.0	1.0	1.0	0.6	1.0	0.6666666666666666	0.6666666666666666	0.5	0.6666666666666666	0.3333333333333333	0.375	0.2	0.2	0.25	0.4	0.6	0.4444444444444444	0.4166666666666667	0.3333333333333333	0.3	0.15789473684210525	0.0	0.07142857142857142	0.0	0.15384615384615385	0.2	0.09090909090909091	0.0	0.1	
Golden-crowned Sparrow	0.2	0.16666666666666666	0.3333333333333333	0.058823529411764705	0.14285714285714285	0.0	0.14285714285714285	0.0	0.0	0.0	0.2	0.25	0.07142857142857142	0.2	0.5	0.3	0.5	0.0	0.0	0.0	0.0	0.0	0.0	0.0	0.0	0.0	0.0	0.0	0.0	0.0	0.0	0.0	0.0	0.0	0.3	0.2222222222222222	0.4166666666666667	1.0	0.3	0.21052631578947367	0.1	0.07142857142857142	0.2727272727272727	0.15384615384615385	0.6	0.18181818181818182	0.16666666666666666	0.2	
Savannah Sparrow	0.0	0.0	0.16666666666666666	0.0	0.0	0.0	0.0	0.0	0.0	0.0	0.0	0.25	0.5714285714285714	0.3	0.4444444444444444	0.8	1.0	1.0	0.0	0.25	1.0	0.5	0.4	0.8333333333333334	0.3333333333333333	0.3333333333333333	1.0	0.4166666666666667	0.3333333333333333	0.25	0.2	0.0	0.25	0.4	0.7	0.5555555555555556	0.3333333333333333	0.3333333333333333	0.1	0.0	0.0	0.07142857142857142	0.0	0.0	0.0	0.0	0.0	0.0	
Song Sparrow	0.65	0.4166666666666667	0.16666666666666666	0.47058823529411764	0.5714285714285714	0.25	0.7142857142857143	0.375	0.0	0.0	0.5	0.5	0.5	0.6	0.5	0.5	1.0	0.0	1.0	0.25	0.6666666666666666	0.5	0.2	0.6666666666666666	0.6666666666666666	0.16666666666666666	0.5	0.3333333333333333	0.3333333333333333	0.0	0.0	0.2	0.25	0.3	0.5	0.5555555555555556	0.5	0.3333333333333333	0.8	0.5789473684210527	0.3	0.35714285714285715	0.5454545454545454	0.3076923076923077	0.7	0.18181818181818182	0.6666666666666666	0.2	
Lincoln's Sparrow	0.0	0.08333333333333333	0.0	0.0	0.0	0.0	0.0	0.0	0.0	0.0	0.0	0.0	0.0	0.0	0.0	0.2	0.5	0.0	0.0	0.0	0.0	0.0	0.0	0.0	0.0	0.0	0.0	0.0	0.0	0.0	0.0	0.0	0.0	0.1	0.3	0.1111111111111111	0.08333333333333333	0.3333333333333333	0.0	0.05263157894736842	0.0	0.0	0.0	0.0	0.0	0.0	0.0	0.0	
Spotted Towhee	0.1	0.08333333333333333	0.0	0.0	0.14285714285714285	0.0	0.2857142857142857	0.0	0.0	0.0	0.3	0.3333333333333333	0.07142857142857142	0.3	0.3888888888888889	0.1	0.5	0.0	1.0	0.0	0.3333333333333333	0.0	0.2	0.3333333333333333	0.3333333333333333	0.16666666666666666	0.0	0.16666666666666666	0.0	0.125	0.2	0.0	0.0	0.3	0.5	0.3333333333333333	0.3333333333333333	0.3333333333333333	0.5	0.15789473684210525	0.0	0.14285714285714285	0.09090909090909091	0.07692307692307693	0.3	0.0	0.0	0.2	
sparrow sp.	0.0	0.0	0.0	0.0	0.0	0.0	0.0	0.0	0.0	0.0	0.0	0.0	0.0	0.0	0.0	0.0	0.0	0.0	0.0	0.0	0.0	0.0	0.0	0.0	0.0	0.0	0.0	0.0	0.0	0.0	0.0	0.0	0.0	0.1	0.1	0.1111111111111111	0.08333333333333333	0.0	0.0	0.0	0.0	0.0	0.0	0.0	0.0	0.0	0.0	0.0	
Western Meadowlark	0.1	0.08333333333333333	0.0	0.0	0.0015	0.0	0.0	0.0	0.0015	0.0	0.1	0.08333333333333333	0.14285714285714285	0.0	0.05555555555555555	0.0	0.0	0.0	0.0	0.0	0.0	0.0	0.0	0.0	0.0	0.0	0.0	0.08333333333333333	0.0	0.0	0.0	0.0	0.0	0.0	0.0	0.1111111111111111	0.08333333333333333	0.3333333333333333	0.1	0.10526315789473684	0.1	0.0	0.0	0.0	0.1	0.0	0.0	0.0	
Red-winged Blackbird	0.0015	0.0	0.0	0.0	0.0	0.0	0.0	0.0	0.0	0.0	0.0	0.08333333333333333	0.07142857142857142	0.0	0.2222222222222222	0.0	0.0	0.0	0.0	0.0	0.0	0.5	0.0	0.0	0.3333333333333333	0.0	0.0	0.08333333333333333	0.0	0.0	0.0	0.2	0.0	0.0	0.0	0.0	0.0	0.0	0.0	0.0015	0.0	0.0	0.0	0.0	0.0	0.0	0.0	0.0	
Brown-headed Cowbird	0.0	0.0	0.0	0.0	0.0	0.0	0.0	0.0	0.0	0.0	0.0	0.0	0.0	0.0	0.0	0.2	1.0	0.0	1.0	0.0	0.0	0.0	0.2	0.5	0.0	0.16666666666666666	0.0	0.25	0.0	0.25	0.4	0.4	0.25	0.0	0.0	0.0	0.08333333333333333	0.0	0.0	0.0	0.0	0.0	0.0	0.0	0.0	0.0	0.0	0.0	
Brewer's Blackbird	0.0	0.0	0.0	0.0	0.0	0.0	0.0	0.0	0.0	0.0	0.0	0.0	0.0	0.0	0.05555555555555555	0.0	0.5	0.0	0.0	0.0	0.0	0.0	0.0	0.0	0.0	0.0	0.0	0.0	0.0	0.0	0.0	0.0	0.0	0.0	0.0	0.0	0.0	0.0	0.0	0.0	0.0	0.0	0.0	0.0	0.0	0.0	0.0	0.0015	
Orange-crowned Warbler	0.0	0.0	0.0	0.0	0.0	0.0	0.0	0.0	0.0	0.0	0.0	0.08333333333333333	0.0	0.3	0.3333333333333333	0.1	1.0	0.0	1.0	0.0	0.3333333333333333	0.0	0.0	0.16666666666666666	0.0	0.0	0.0	0.08333333333333333	0.0	0.0	0.0	0.0	0.0	0.1	0.2	0.0	0.08333333333333333	0.0	0.0	0.0	0.0	0.0	0.0	0.0	0.0	0.0	0.0	0.0	
MacGillivray's Warbler	0.0	0.0	0.0	0.0	0.0	0.0	0.0	0.0	0.0	0.0	0.0	0.0	0.0	0.0	0.0	0.0	0.0	0.0	0.0	0.0	0.0	0.0	0.0	0.0	0.0	0.0	0.0	0.08333333333333333	0.0	0.0	0.0	0.0	0.0	0.0	0.0	0.0	0.0	0.0	0.0	0.0	0.0	0.0	0.0	0.0	0.0	0.0	0.0	0.0	
Common Yellowthroat	0.0	0.0	0.0	0.0	0.0	0.0	0.0	0.0	0.0	0.0	0.0	0.0	0.0	0.0	0.0	0.0	0.0	0.0	0.0	0.0	0.0	0.0	0.0	0.0	0.0	0.0	0.0	0.0	0.0	0.0	0.0	0.0	0.0	0.0	0.0	0.0	0.08333333333333333	0.0	0.0	0.0	0.0	0.0	0.0	0.0	0.0	0.0	0.0	0.0	
Yellow Warbler	0.0	0.0	0.0	0.0	0.0	0.0	0.0	0.0	0.0	0.0	0.0	0.0	0.0	0.0	0.0	0.0	0.0	0.0	0.0	0.0	0.0015	0.0	0.0	0.0	0.0	0.0	0.0	0.0	0.0	0.0	0.0	0.0	0.0	0.0	0.0	0.0	0.0	0.0	0.0	0.0	0.0	0.0	0.0	0.0	0.0	0.0	0.0	0.0	
Palm Warbler	0.0	0.0	0.0	0.0	0.0	0.0	0.0	0.0	0.0	0.0	0.0	0.0	0.0	0.0	0.0	0.0	0.0	0.0	0.0	0.0	0.0	0.0	0.0	0.0	0.0	0.0	0.0	0.0	0.0	0.0	0.0	0.0	0.0	0.0	0.0	0.0	0.0	0.0	0.0	0.0015	0.0	0.0	0.0	0.0	0.0	0.0	0.0	0.0	
Yellow-rumped Warbler	0.0	0.08333333333333333	0.0	0.0	0.0	0.0	0.0	0.0	0.0	0.0	0.0	0.16666666666666666	0.07142857142857142	0.0	0.05555555555555555	0.3	0.0	0.0	0.0	0.0	0.0	0.0	0.0	0.0	0.0	0.0	0.0	0.0	0.0	0.0	0.0	0.0	0.0	0.1	0.4	0.0	0.0	0.3333333333333333	0.0	0.0	0.0	0.0	0.0	0.0	0.0	0.0	0.0	0.0	
Townsend's Warbler	0.0	0.0	0.0	0.0	0.0	0.0	0.0	0.0	0.0	0.0	0.0	0.0	0.0	0.0	0.0	0.0	0.0	0.0	0.0	0.0	0.0	0.0	0.0	0.0	0.0	0.0	0.0	0.0	0.0	0.0	0.0	0.0	0.0	0.0	0.0	0.0	0.0	0.0	0.0	0.0	0.0	0.0	0.0	0.0	0.1	0.0	0.0	0.0	
Wilson's Warbler	0.0	0.0	0.0	0.0	0.0	0.0	0.0	0.0	0.0	0.0	0.0	0.0	0.0	0.0	0.0	0.0	0.0	0.0	0.0	0.0	0.0	0.0	0.0	0.0	0.0	0.0	0.0	0.08333333333333333	0.0	0.0	0.0	0.0	0.0	0.0	0.0	0.0	0.0	0.0	0.0	0.0	0.0	0.0	0.0	0.0	0.0	0.0	0.0	0.0	
warbler sp. (Parulidae sp.)	0.0	0.0	0.0	0.0	0.0	0.0	0.0	0.0	0.0	0.0	0.0	0.0	0.0	0.0	0.0	0.0	0.0	0.0	0.0	0.0	0.0	0.0	0.0	0.0	0.0	0.0	0.0	0.0	0.0	0.0	0.0	0.0	0.0	0.0	0.1	0.0	0.0	0.0	0.0	0.0	0.0	0.0	0.0	0.0	0.0	0.0	0.0	0.0	
Western Tanager	0.0	0.0	0.0	0.0	0.0	0.0	0.0	0.0	0.0	0.0	0.0	0.0	0.0	0.0	0.0	0.0	0.0	0.0	0.0	0.0	0.0	0.0	0.0	0.0	0.0	0.0	0.0	0.08333333333333333	0.0	0.0	0.0	0.0	0.0	0.0	0.0	0.0	0.0	0.0	0.0	0.0	0.0	0.0	0.0	0.0	0.0	0.0	0.0	0.0	
Black-headed Grosbeak	0.0	0.0	0.0	0.0	0.0	0.0	0.0	0.0	0.0	0.0	0.0	0.0	0.0	0.0	0.0	0.0	0.0	0.0	0.0	0.0	0.3333333333333333	0.0	0.0	0.16666666666666666	0.0	0.0	0.0	0.0	0.0	0.0	0.0	0.0	0.0	0.0	0.0	0.0	0.0	0.0	0.0	0.0	0.0	0.0	0.0	0.0	0.0	0.0	0.0	0.0	
House Sparrow	0.05	0.0	0.0	0.058823529411764705	0.0	0.0	0.14285714285714285	0.0	0.0	0.0	0.0	0.0	0.07142857142857142	0.0	0.05555555555555555	0.0	0.0	0.0	0.0	0.0	0.0	0.5	0.0	0.16666666666666666	0.3333333333333333	0.0	0.0	0.0	0.0	0.0	0.0	0.0	0.0	0.0	0.0	0.0	0.0015	0.3333333333333333	0.0	0.05263157894736842	0.0	0.0	0.0	0.07692307692307693	0.0	0.0	0.0	0.1	
passerine sp.	0.0	0.0	0.0	0.0	0.0	0.0	0.0	0.0	0.0	0.0	0.0	0.0	0.0	0.0	0.0	0.0	0.0	0.0	0.0	0.0	0.0	0.0	0.0	0.0	0.0	0.0	0.0	0.0	0.0	0.0	0.0	0.0	0.0	0.0	0.2	0.1111111111111111	0.08333333333333333	0.0	0.0	0.0	0.0	0.0	0.09090909090909091	0.0	0.0	0.0	0.0	0.0	

