









Frequency of observations in the selected location(s).:
Number of taxa: 	160

	Jan				Feb				Mar				Apr				May				Jun				Jul				Aug				Sep				Oct				Nov				Dec				
Sample Size:	4.0	5.0	5.0	3.0	1.0	4.0	2.0	2.0	2.0	3.0	4.0	2.0	1.0	3.0	4.0	1.0	4.0	1.0	6.0	6.0	2.0	3.0	5.0	8.0	1.0	3.0	5.0	4.0	3.0	0.0	4.0	12.0	14.0	4.0	6.0	12.0	13.0	9.0	3.0	6.0	2.0	3.0	5.0	7.0	9.0	3.0	0.0	2.0	

Snow Goose	0.0	0.0	0.0	0.0	0.0	0.0	0.0	0.0	0.0	0.0	0.0	0.0	0.0	0.0	0.0	0.0	0.0	0.0	0.0	0.0	0.0	0.0	0.0	0.0	0.0	0.0	0.0	0.0	0.0	0.0	0.0	0.0	0.0	0.0	0.0	0.0	0.0	0.1111111111111111	0.0	0.0	0.0	0.0	0.0	0.0	0.0	0.0	0.0	0.0	
Greater White-fronted Goose	0.0	0.0	0.0	0.0	0.0	0.0	0.0	0.0	0.0	0.0	0.0	0.0	0.0	0.0	0.0	0.0	0.0	0.0	0.0	0.0	0.0	0.0	0.0	0.0	0.0	0.0	0.0	0.0	0.0	0.0	0.0	0.0	0.0	0.0	0.0	0.08333333333333333	0.23076923076923078	0.0	0.0	0.0	0.0	0.0	0.0	0.0	0.0	0.0	0.0	0.0	
Domestic goose sp. (Domestic type)	0.0	0.0	0.0	0.0	0.0	0.0	0.0	0.0	0.0	0.0	0.0	0.0	0.0	0.3333333333333333	0.0	0.0	0.0	0.0	0.0	0.0	0.0	0.0	0.0	0.0	0.0	0.0	0.0	0.0	0.0	0.0	0.0	0.0	0.0	0.0	0.0	0.0	0.0	0.0	0.0	0.0	0.0	0.0	0.0	0.0	0.0	0.0	0.0	0.0	
Brant	0.0	0.0	0.2	0.0	0.0	0.0	0.0	0.0	0.0	0.0	0.0	0.0	0.0	0.0	0.25	0.0	0.0	0.0	0.0	0.0	0.0	0.0	0.0	0.0	0.0	0.0	0.0	0.0	0.0	0.0	0.0	0.0	0.0	0.0	0.0	0.0	0.0	0.0	0.0	0.0	0.0	0.0	0.0	0.0	0.0	0.0	0.0	0.0	
Cackling Goose	0.25	0.0	0.0	0.0	0.0	0.0	0.0	0.0	0.0	0.0	0.0	0.0	0.0	0.0	0.0	0.0	0.0	0.0	0.0	0.0	0.0	0.0	0.0	0.0	0.0	0.0	0.0	0.0	0.0	0.0	0.0	0.0	0.14285714285714285	0.25	0.0	0.25	0.07692307692307693	0.3333333333333333	0.0	0.0	0.0	0.0	0.0	0.0	0.0	0.3333333333333333	0.0	0.0	
Canada Goose	0.5	0.2	0.0	0.3333333333333333	0.0	0.5	1.0	0.0	0.0	0.3333333333333333	0.25	0.5	0.0	0.3333333333333333	0.5	0.0	0.75	1.0	0.5	0.5	1.0	0.6666666666666666	0.6	0.25	0.0	0.0	0.2	0.5	0.3333333333333333	0.0015	1.0	0.5833333333333334	0.7142857142857143	1.0	0.8333333333333334	0.6666666666666666	0.38461538461538464	0.6666666666666666	0.3333333333333333	0.16666666666666666	0.0	0.0	0.0	0.0	0.1111111111111111	0.3333333333333333	0.0	0.0	
Cackling/Canada Goose	0.0	0.0	0.0	0.0	0.0	0.0	0.0	0.0	0.0	0.0	0.0	0.0	0.0	0.0	0.0	0.0	0.0	0.0	0.0	0.0	0.0	0.0	0.0	0.0	0.0	0.0	0.0	0.0	0.0	0.0	0.0	0.0	0.0	0.0	0.0	0.0	0.0	0.0	0.0	0.0	0.0	0.0	0.0	0.14285714285714285	0.0	0.0	0.0	0.0	
goose sp.	0.0	0.0	0.0	0.0	0.0	0.0	0.0	0.0	0.0	0.0	0.0	0.0	0.0	0.0	0.0	0.0	0.0	0.0	0.0	0.0	0.0	0.0	0.0	0.0	0.0	0.0	0.0	0.0	0.0	0.0	0.0	0.08333333333333333	0.0	0.0	0.0	0.0	0.0	0.0	0.0	0.0	0.0	0.0	0.0	0.0	0.0	0.0	0.0	0.0	
Trumpeter Swan	0.0	0.0	0.0	0.0015	0.0	0.0	0.0	0.0	0.0	0.0	0.0	0.0	0.0	0.0	0.0	0.0	0.0	0.0	0.0	0.0	0.0	0.0	0.0	0.0	0.0	0.0	0.0	0.0	0.0	0.0	0.0	0.0	0.0	0.0	0.0	0.0	0.0	0.0	0.0	0.0	0.0	0.0	0.0	0.0	0.0	0.0	0.0	0.0	
Wood Duck	0.0	0.0	0.0	0.0	0.0	0.0	0.0	0.0	0.0	0.0	0.0	0.0	0.0	0.0	0.0	0.0	0.0	0.0	0.0	0.16666666666666666	0.0	0.0	0.0	0.0	0.0	0.0	0.0	0.0	0.0	0.0	0.0	0.0	0.0	0.0	0.0	0.08333333333333333	0.0	0.0	0.0	0.0	0.0	0.0	0.0	0.0	0.0	0.0	0.0	0.0	
Northern Shoveler	0.25	0.0	0.0	0.0	0.0	0.0	0.0	0.0	0.0	0.0	0.0	0.0	0.0	0.0	0.0	0.0	0.0	0.0	0.0	0.0	0.0	0.0	0.0	0.0	0.0	0.0	0.0	0.0	0.0	0.0	0.25	0.16666666666666666	0.5	0.25	0.0	0.16666666666666666	0.0	0.0	0.0	0.16666666666666666	0.0	0.0	0.0	0.0	0.1111111111111111	0.0	0.0	0.0	
Gadwall	0.25	0.6	0.0	0.3333333333333333	0.0	0.25	1.0	0.0	0.5	0.3333333333333333	0.0	0.0015	0.0	0.3333333333333333	0.5	1.0	0.25	0.0	0.16666666666666666	0.0	0.0	0.0	0.0	0.0	0.0	0.0	0.0	0.25	0.0	0.0	0.25	0.25	0.0	0.25	0.0	0.0	0.07692307692307693	0.1111111111111111	0.0	0.0	0.0	0.0	0.2	0.0	0.2222222222222222	0.3333333333333333	0.0	0.5	
Eurasian Wigeon	0.25	0.4	0.4	0.0	0.0	0.0	0.0	0.0	0.0	0.3333333333333333	0.25	0.0	0.0	0.0015	0.0	1.0	0.0	0.0	0.0	0.0	0.0	0.0	0.0	0.0	0.0	0.0	0.0	0.0	0.0	0.0	0.0	0.0	0.0	0.0	0.0	0.0	0.0	0.0	0.0	0.6666666666666666	0.5	1.0	0.4	0.5714285714285714	0.1111111111111111	0.3333333333333333	0.0	0.5	
American Wigeon	1.0	0.8	1.0	1.0	1.0	1.0	1.0	1.0	1.0	1.0	0.75	1.0	0.0	1.0	0.75	1.0	0.25	0.0	0.0	0.0	0.0	0.0	0.0	0.0	0.0	0.0	0.0	0.0	0.0	0.0	0.0	0.0	0.14285714285714285	0.0	0.3333333333333333	0.5	0.7692307692307693	0.8888888888888888	1.0	1.0	1.0	1.0	1.0	1.0	1.0	1.0	0.0	1.0	
Eurasian x American Wigeon (hybrid)	0.25	0.0	0.0	0.0	0.0	0.25	0.0	0.0	0.0	0.0	0.0	0.0	0.0	0.0	0.0	0.0	0.0	0.0	0.0	0.0	0.0	0.0	0.0	0.0	0.0	0.0	0.0	0.0	0.0	0.0	0.0	0.0	0.0	0.0	0.0	0.0	0.0	0.0	0.0	0.0	0.0	0.0	0.0	0.14285714285714285	0.2222222222222222	0.0	0.0	0.0	
Mallard	1.0	1.0	0.8	1.0	1.0	1.0	1.0	1.0	1.0	1.0	1.0	1.0	1.0	1.0	1.0	1.0	0.75	1.0	0.6666666666666666	1.0	1.0	0.3333333333333333	0.4	0.75	0.0	0.3333333333333333	0.6	0.5	0.6666666666666666	0.0015	1.0	1.0	1.0	0.75	1.0	0.9166666666666666	0.9230769230769231	1.0	1.0	1.0	1.0	1.0	1.0	1.0	1.0	1.0	0.0	1.0	
Northern Pintail	0.0	0.0	0.2	0.0	0.0	0.0	0.0	0.0	0.0	0.0	0.0	0.0	0.0	0.0	0.0	0.0	0.0	0.0	0.0	0.0	0.0	0.0	0.0	0.0	0.0	0.0	0.0	0.0	0.0	0.0	0.0	0.08333333333333333	0.07142857142857142	0.0	0.0	0.0	0.0	0.0	0.0	0.0	0.0	0.0	0.0	0.14285714285714285	0.1111111111111111	0.0	0.0	0.0	
Green-winged Teal	0.75	0.2	0.4	0.3333333333333333	0.0	0.25	0.0	0.5	0.0	0.6666666666666666	0.25	0.5	0.0	0.3333333333333333	0.25	1.0	0.0	0.0	0.0	0.0	0.0	0.0	0.0	0.0	0.0	0.0	0.0	0.0	0.0	0.0	0.0	0.08333333333333333	0.14285714285714285	0.0	0.0	0.08333333333333333	0.38461538461538464	0.0	0.0	0.16666666666666666	0.0	0.0	0.2	0.14285714285714285	0.3333333333333333	0.3333333333333333	0.0	0.0	
Greater Scaup	0.25	0.0	0.0	0.0	0.0	0.0	0.0	0.0	0.5	0.6666666666666666	0.25	0.5	0.0	0.0	0.0	0.0	0.0	0.0	0.0	0.0	0.0	0.0	0.0	0.0	0.0	0.0	0.0	0.0	0.0	0.0	0.0	0.0	0.0	0.0	0.0	0.0	0.0	0.0	0.0	0.0	0.0	0.0	0.0	0.0	0.0	0.0	0.0	0.0	
Lesser Scaup	0.25	0.0	0.0	0.0	0.0	0.25	0.0	0.0	0.0	0.0	0.0	0.5	0.0	0.0	0.0	0.0	0.0	0.0	0.0	0.0	0.0	0.0	0.0	0.0	0.0	0.0	0.0	0.0	0.0	0.0	0.0	0.0	0.0	0.0	0.0	0.0	0.0	0.0	0.0	0.0	0.0	0.0	0.0	0.14285714285714285	0.0	0.0	0.0	0.0	
Greater/Lesser Scaup	0.0	0.0	0.0	0.0	0.0	0.25	0.0	0.0	0.0	0.3333333333333333	0.0	0.0	0.0	0.0	0.0	0.0	0.0	0.0	0.0	0.0	0.0	0.0	0.0	0.0	0.0	0.0	0.0	0.0	0.0	0.0	0.0	0.0	0.0	0.0	0.0	0.0	0.0	0.0	0.0	0.0	0.0	0.0	0.0	0.0	0.0	0.0	0.0	0.0	
Harlequin Duck	0.0	0.0	0.0	0.0	0.0	0.0	0.0	0.0	0.0	0.0	0.0	0.0	0.0	0.0	0.0	0.0	0.0	0.0	0.0	0.0	0.0	0.0	0.0	0.0	0.0	0.0	0.0	0.0	0.0	0.0	0.0	0.0	0.0	0.0	0.0	0.0	0.07692307692307693	0.0	0.3333333333333333	0.0	0.0	0.0	0.0	0.0	0.0	0.0	0.0	0.0	
Surf Scoter	0.25	0.0	0.0	0.3333333333333333	0.0	0.0	0.0	0.0	0.5	0.3333333333333333	0.25	0.0	0.0	0.0	0.0	0.0	0.0	1.0	0.0	0.0	0.0	0.0	0.0	0.0	0.0	0.0	0.0	0.0	0.0	0.0	0.0	0.0	0.0	0.0	0.0	0.0	0.15384615384615385	0.0	0.0	0.0	0.0	0.0	0.0	0.0	0.0	0.0	0.0	0.0	
White-winged Scoter	0.0	0.0	0.0	0.3333333333333333	0.0	0.0	0.0	0.0	0.0	0.0	0.0	0.0	0.0	0.0	0.0	0.0	0.0	0.0	0.0	0.0	0.0	0.0	0.0	0.0	0.0	0.0	0.0	0.0	0.0	0.0	0.0	0.0	0.0	0.0	0.0	0.0	0.0	0.0	0.0	0.0	0.5	0.0	0.2	0.14285714285714285	0.0	0.0	0.0	0.0	
Long-tailed Duck	0.0	0.0	0.2	0.0	0.0	0.25	0.0	0.0	1.0	0.3333333333333333	0.0	0.0	0.0	0.0	0.0	0.0	0.0	0.0	0.0	0.0	0.0	0.0	0.0	0.0	0.0	0.0	0.0	0.0	0.0	0.0	0.0	0.0	0.0	0.0	0.0	0.0	0.0	0.0	0.0	0.0	0.0	0.0	0.0	0.14285714285714285	0.0	0.0	0.0	0.0	
Bufflehead	0.25	0.6	0.6	1.0	1.0	1.0	0.5	1.0	1.0	1.0	0.5	1.0	0.0	0.6666666666666666	0.75	0.0	0.75	0.0	0.0	0.16666666666666666	0.5	0.0	0.0	0.0	0.0	0.0	0.0	0.0	0.0	0.0	0.0	0.0	0.0	0.0	0.0	0.0	0.0	0.0	0.3333333333333333	0.3333333333333333	1.0	1.0	0.8	0.5714285714285714	0.6666666666666666	1.0	0.0	0.0	
Common Goldeneye	0.25	0.2	0.4	0.3333333333333333	0.0	0.75	0.0	1.0	1.0	0.6666666666666666	0.25	1.0	0.0	0.3333333333333333	0.0	0.0	0.25	0.0	0.0	0.0	0.0	0.0	0.0	0.0	0.0	0.0	0.0	0.0	0.0	0.0	0.0	0.0	0.0	0.0	0.0	0.0	0.0	0.0	0.0	0.0	0.0	0.0	0.0	0.2857142857142857	0.3333333333333333	1.0	0.0	0.0	
Barrow's Goldeneye	0.0	0.2	0.2	0.0	0.0	0.5	0.0	0.5	0.5	0.3333333333333333	0.0	1.0	0.0	0.0	0.25	0.0	0.5	0.0	0.0	0.0	0.0	0.0	0.0	0.0	0.0	0.0	0.0	0.0	0.0	0.0	0.0	0.0	0.0	0.0	0.0	0.0	0.0	0.0	0.0	0.0	0.0	0.3333333333333333	0.0	0.0	0.1111111111111111	0.3333333333333333	0.0	0.0	
Common/Barrow's Goldeneye	0.0	0.0	0.0	0.0	0.0	0.0	0.0	0.0	0.0	0.0	0.0	0.0	0.0	0.0	0.0	0.0	0.0	0.0	0.0	0.0	0.0	0.0	0.0	0.0	0.0	0.0	0.0	0.0	0.0	0.0	0.0	0.0	0.0	0.0	0.0	0.0	0.0	0.0	0.0	0.0	0.0	0.0	0.0	0.0	0.1111111111111111	0.0	0.0	0.0	
Hooded Merganser	0.75	0.2	0.4	0.3333333333333333	1.0	0.5	0.5	0.5	0.5	0.3333333333333333	1.0	1.0	1.0	0.3333333333333333	0.75	0.0	0.0	0.0	0.3333333333333333	0.0	0.0	0.0	0.0	0.0	0.0	0.0	0.0	0.0	0.0	0.0	0.0	0.3333333333333333	0.5	0.5	0.6666666666666666	0.75	0.7692307692307693	0.7777777777777778	0.3333333333333333	0.6666666666666666	0.5	0.6666666666666666	0.2	0.8571428571428571	0.7777777777777778	0.3333333333333333	0.0	0.5	
Common Merganser	0.25	0.2	0.0	0.3333333333333333	0.0	0.5	0.0	0.0	0.0015	0.0	0.0	0.0	0.0	0.0	0.0	0.0	0.0	0.0	0.0	0.0	0.0	0.0	0.0	0.0	0.0	0.0	0.0	0.0	0.0	0.0	0.0	0.0	0.0	0.0	0.0	0.08333333333333333	0.07692307692307693	0.0	0.0	0.0	0.5	0.0	0.0	0.0	0.0	0.0	0.0	0.0	
Red-breasted Merganser	0.25	0.2	0.2	0.3333333333333333	0.0	0.75	0.5	0.5	1.0	1.0	0.25	0.0	0.0	0.6666666666666666	0.5	0.0	0.75	0.0	0.5	0.0	0.0	0.0	0.0	0.0	0.0	0.0	0.0	0.0	0.0	0.0	0.0	0.0	0.0	0.0	0.0	0.0	0.07692307692307693	0.1111111111111111	0.0	0.16666666666666666	0.5	0.6666666666666666	0.8	0.42857142857142855	0.2222222222222222	0.3333333333333333	0.0	0.0	
duck sp.	0.0	0.2	0.0	0.0	0.0	0.0	0.0	0.0	0.0	0.0	0.0	0.0	0.0	0.0	0.0	0.0	0.0	0.0	0.0	0.0	0.0	0.0	0.0	0.0	0.0	0.0	0.0	0.0	0.0	0.0	0.0	0.0	0.0	0.0	0.0	0.0	0.0	0.0	0.0	0.0	0.0	0.0	0.0	0.0	0.0	0.0	0.0	0.0	
California Quail	0.0	0.0	0.0	0.0	0.0	0.0	0.0	0.0	0.0	0.0	0.0	0.0	0.0	0.0	0.0	0.0	0.0	0.0	0.0	0.3333333333333333	0.0	0.0	0.0	0.0	0.0	0.0	0.0	0.0	0.0	0.0	0.0	0.0	0.0	0.0	0.0	0.0	0.0	0.0	0.0	0.0	0.0	0.0	0.0	0.0	0.0	0.0	0.0	0.0	
Pied-billed Grebe	0.0	0.0	0.2	0.3333333333333333	0.0	0.0	0.0	0.0	0.0	0.0	0.0	0.0	0.0	0.0	0.0	0.0	0.0	0.0	0.0	0.0	0.0	0.0	0.0	0.0	0.0	0.0	0.0	0.0	0.0	0.0	0.0	0.0	0.0	0.0	0.0	0.0	0.0	0.0	0.0	0.0	0.0	0.0	0.0	0.0	0.0	0.0	0.0	0.0	
Horned Grebe	0.0	0.0	0.0	0.0	0.0	0.0	0.0	0.0	0.5	0.0	0.25	0.0	0.0	0.0	0.0	0.0	0.25	0.0	0.0	0.0	0.0	0.0	0.0	0.0	0.0	0.0	0.0	0.0	0.0	0.0	0.0	0.0	0.0	0.0	0.0	0.0	0.0	0.0	0.0	0.0	0.5	0.0	0.0	0.14285714285714285	0.0	0.0	0.0	0.0	
Red-necked Grebe	0.0	0.0	0.0	0.3333333333333333	0.0	0.25	0.0	0.0	0.0	0.0	0.0	0.0	0.0	0.0	0.0	0.0	0.0	0.0	0.0	0.0	0.0	0.0	0.0	0.0	0.0	0.0	0.0	0.0	0.0	0.0	0.0	0.0	0.0	0.0	0.0	0.0	0.0	0.0	0.0	0.0	0.5	0.0	0.0	0.0	0.0	0.0	0.0	0.0	
Western Grebe	0.0	0.0	0.0	0.0	0.0	0.0	0.0	0.0	0.0	0.0	0.0	0.0	0.0	0.0	0.0	0.0	0.0	0.0	0.0	0.0	0.0	0.0	0.0	0.0	0.0	0.0	0.0	0.0	0.0	0.0	0.0	0.08333333333333333	0.0	0.0	0.0	0.0	0.0	0.0	0.0	0.0	0.0	0.0	0.0	0.0	0.0	0.0	0.0	0.0	
Rock Pigeon	0.0015	0.0	0.2	0.3333333333333333	0.0	0.25	0.5	0.5	0.0	0.0	0.25	0.5	0.0	0.0	0.25	0.0	0.5	0.0	0.16666666666666666	0.3333333333333333	0.5	0.3333333333333333	0.4	0.375	0.0	0.0	0.2	0.0	0.0	0.0	0.5	0.5	0.5714285714285714	0.25	0.3333333333333333	0.16666666666666666	0.0	0.1111111111111111	0.6666666666666666	0.0	0.0	0.0	0.0	0.14285714285714285	0.1111111111111111	0.3333333333333333	0.0	0.0	
Band-tailed Pigeon	0.0	0.0	0.0	0.0	0.0	0.0	0.0	0.0	0.0	0.0	0.0	0.0	0.0	0.3333333333333333	0.25	0.0	0.25	0.0	0.16666666666666666	0.3333333333333333	0.0	0.0	0.0	0.125	0.0	0.3333333333333333	0.0	0.0	0.0	0.0	0.0	0.08333333333333333	0.07142857142857142	0.0	0.3333333333333333	0.0	0.07692307692307693	0.0	0.0	0.0	0.0	0.0	0.0	0.0	0.0	0.0	0.0	0.0	
Eurasian Collared-Dove	0.0	0.0	0.0	0.3333333333333333	0.0	0.0	0.5	0.0	0.0	0.0	0.25	0.0	0.0	0.0	0.0	0.0	0.5	0.0	0.16666666666666666	0.5	0.0	0.0	0.2	0.0	0.0	0.0	0.0	0.0	0.0	0.0	0.0	0.3333333333333333	0.14285714285714285	0.25	0.0	0.0	0.0	0.0	0.0	0.0	0.0	0.0	0.2	0.0	0.1111111111111111	0.0	0.0	0.0	
Mourning Dove	0.0	0.0	0.0	0.0	0.0	0.0	0.0	0.0	0.0	0.0	0.0	0.0	0.0	0.0015	0.25	0.0	0.0	1.0	0.16666666666666666	0.5	0.0	0.3333333333333333	0.0	0.25	0.0	0.0	0.2	0.0	0.0	0.0	0.25	0.08333333333333333	0.07142857142857142	0.25	0.0	0.0	0.0	0.0	0.0	0.0	0.0	0.0	0.0	0.0	0.0	0.0	0.0	0.0	
Anna's Hummingbird	0.0	0.0	0.0	0.0	0.0	0.0	0.0	0.0	0.0	0.3333333333333333	0.0	0.0	0.0	0.0	0.0	0.0	0.0	0.0	0.0	0.16666666666666666	0.0	0.0	0.0	0.0	0.0	0.0	0.0	0.0	0.0	0.0	0.0	0.0	0.07142857142857142	0.0	0.0	0.08333333333333333	0.07692307692307693	0.1111111111111111	0.0	0.0	0.0	0.0	0.0	0.0	0.0	0.0	0.0	0.0	
Rufous Hummingbird	0.0	0.0	0.0	0.0	0.0	0.0	0.0	0.0	0.0	0.0	0.0	0.0	0.0	0.0	0.0	0.0	0.0	0.0	0.0	0.0	0.0	0.0	0.4	0.0	0.0	0.0	0.0	0.0	0.0	0.0	0.0	0.0	0.0	0.0	0.0	0.0	0.0	0.0	0.0	0.0	0.0	0.0	0.0	0.0	0.0	0.0	0.0	0.0	
Virginia Rail	0.0	0.0	0.0	0.0	0.0	0.0	0.0	0.0	0.0	0.0	0.0	0.0015	0.0	0.0	0.0	0.0	0.0	0.0	0.0	0.0	0.0	0.0	0.0	0.0	0.0	0.0	0.0	0.0	0.0	0.0	0.0	0.0	0.0	0.0	0.0	0.0	0.0	0.0	0.0	0.0	0.0	0.0	0.0	0.0	0.0	0.0	0.0	0.0	
Black Oystercatcher	0.0	0.0	0.0	0.0	0.0	0.0	0.0	0.0	0.5	0.0	0.0	0.0	0.0	0.0	0.0	0.0	0.0	0.0	0.16666666666666666	0.0	0.5	0.3333333333333333	0.2	0.0	1.0	0.0	0.2	0.0	0.0	0.0	0.0	0.16666666666666666	0.07142857142857142	0.0	0.0	0.0	0.0	0.0	0.0	0.0	0.0	0.0	0.0	0.0	0.1111111111111111	0.0	0.0	0.0	
Black-bellied Plover	0.0	0.0	0.0	0.0	0.0	0.0	0.0	0.0	0.0	0.0	0.0	0.0	0.0	0.0	0.0	0.0	0.0	0.0	0.0	0.0	0.0	0.0	0.0	0.0	0.0	0.0	0.0	0.0	0.0	0.0	0.0	0.0	0.07142857142857142	0.0	0.0	0.08333333333333333	0.0	0.0	0.0	0.0	0.0	0.0	0.0	0.0	0.0	0.0	0.0	0.0	
Semipalmated Plover	0.0	0.0	0.0	0.0	0.0	0.0	0.0	0.0	0.0	0.0	0.0	0.0	0.0	0.0	0.0	0.0	0.0	0.0	0.0	0.0	0.0	0.0	0.0	0.0	0.0	0.0	0.0	0.0015	0.0	0.0	0.0	0.0	0.0	0.0	0.0	0.0	0.0	0.0	0.0	0.0	0.0	0.0	0.0	0.0	0.0	0.0	0.0	0.0	
Killdeer	0.25	0.0	0.0	0.0	1.0	0.25	0.5	1.0	0.0	0.0	0.25	0.0	0.0	0.6666666666666666	0.25	0.0	0.25	0.0	0.16666666666666666	0.6666666666666666	0.5	0.0	0.2	0.375	0.0	1.0	0.4	0.75	1.0	0.0	1.0	0.9166666666666666	0.7857142857142857	0.75	0.8333333333333334	0.8333333333333334	0.5384615384615384	0.7777777777777778	0.3333333333333333	0.16666666666666666	0.0	0.0	0.0	0.0	0.2222222222222222	0.0	0.0	0.0	
Whimbrel	0.0	0.0	0.0	0.0	0.0	0.0	0.0	0.0	0.0	0.0	0.0	0.0	0.0	0.0	0.0	0.0	0.0	0.0	0.0	0.0	0.0	0.0	0.0	0.0	0.0	0.0	0.0	0.0015	0.0	0.0	0.0	0.0	0.0	0.0	0.0	0.0	0.0	0.0	0.0	0.0	0.0	0.0	0.0	0.0	0.0	0.0	0.0	0.0	
Least Sandpiper	0.0	0.0	0.0	0.0	0.0	0.0	0.0	0.0	0.0	0.0	0.0	0.0	0.0	0.0	0.0	0.0	0.0	0.0	0.0	0.0	0.0	0.0	0.0	0.0	0.0	1.0	0.0	0.25	0.3333333333333333	0.0	0.25	0.6666666666666666	0.07142857142857142	0.0	0.0	0.0	0.0	0.0	0.0	0.0	0.0	0.0	0.0	0.0	0.0	0.0	0.0	0.0	
Semipalmated Sandpiper	0.0	0.0	0.0	0.0	0.0	0.0	0.0	0.0	0.0	0.0	0.0	0.0	0.0	0.0	0.0	0.0	0.0	0.0	0.0	0.0	0.0	0.0	0.0	0.0	0.0	0.3333333333333333	0.0	0.0	0.0	0.0	0.0	0.0	0.0	0.0	0.0	0.0	0.0	0.0	0.0	0.0	0.0	0.0	0.0	0.0	0.0	0.0	0.0	0.0	
Western Sandpiper	0.0	0.0	0.0	0.0	0.0	0.0	0.0	0.0	0.0	0.0	0.0	0.0	0.0	0.0	0.0	0.0	0.0	0.0	0.0	0.0	0.0	0.0	0.0	0.0	0.0	0.3333333333333333	0.0	0.0015	0.3333333333333333	0.0	0.25	0.25	0.0	0.0	0.0	0.0	0.0	0.0	0.0	0.0	0.0	0.0	0.0	0.0	0.0	0.0	0.0	0.0	
Short-billed Dowitcher	0.0	0.0	0.0	0.0	0.0	0.0	0.0	0.0	0.0	0.0	0.0	0.0	0.0	0.0	0.0	0.0	0.0	0.0	0.0	0.0	0.0	0.0	0.0	0.0	0.0	0.0	0.0	0.0	0.0	0.0	0.5	0.0	0.0	0.0	0.0	0.0	0.0	0.0	0.0	0.0	0.0	0.0	0.0	0.0	0.0	0.0	0.0	0.0	
Long-billed Dowitcher	0.0	0.0	0.0	0.0	0.0	0.0	0.0	0.0	0.0	0.0	0.0	0.0	0.0	0.0	0.0	0.0	0.0	0.0	0.0	0.0	0.0	0.0	0.0	0.0	0.0	0.0	0.0	0.0	0.0	0.0	0.25	0.0	0.0	0.0	0.0	0.0	0.0	0.0	0.0	0.0	0.0	0.0	0.0	0.0	0.0	0.0	0.0	0.0	
Wilson's Snipe	0.5	0.0	0.0015	0.3333333333333333	0.0	0.25	0.0	0.0	0.0	0.0	0.25	0.0	0.0015	0.0	0.25	0.0	0.0	0.0	0.0	0.0	0.0	0.0	0.0	0.0	0.0	0.0	0.0	0.0	0.0	0.0	0.0	0.0	0.0	0.0	0.0	0.0	0.0	0.1111111111111111	0.0	0.0	0.0	0.0	0.0	0.14285714285714285	0.3333333333333333	0.0	0.0	0.5	
Red-necked Phalarope	0.0	0.0	0.0	0.0	0.0	0.0	0.0	0.0	0.0	0.0	0.0	0.0	0.0	0.0	0.0	0.0	0.0	0.0	0.0	0.0	0.0	0.0	0.0	0.0	0.0	0.0	0.0	0.0015	0.0	0.0	0.0	0.0	0.0	0.0	0.0	0.0	0.0	0.0	0.0	0.0	0.0	0.0	0.0	0.0	0.0	0.0	0.0	0.0	
Spotted Sandpiper	0.0	0.0	0.0	0.0	0.0	0.0	0.0	0.0	0.0	0.0	0.0	0.0	0.0	0.0	0.0	0.0	0.0	0.0	0.16666666666666666	0.0	0.0	0.0	0.0	0.0	0.0	0.0	0.0	0.0	0.0	0.0	0.0	0.0	0.0	0.0	0.0	0.0	0.0	0.0	0.0	0.0	0.0	0.0	0.0	0.0	0.0	0.0	0.0	0.0	
Solitary Sandpiper	0.0	0.0	0.0	0.0	0.0	0.0	0.0	0.0	0.0	0.0	0.0	0.0	0.0	0.0	0.0	0.0	0.0	0.0	0.0	0.0	0.0	0.0	0.0	0.0	0.0	0.0	0.0	0.0	0.0	0.0	0.0	0.08333333333333333	0.0	0.0	0.0	0.0	0.0	0.0	0.0	0.0	0.0	0.0	0.0	0.0	0.0	0.0	0.0	0.0	
Greater Yellowlegs	0.0	0.0	0.0	0.0	0.0	0.0	0.0	0.0	0.0	0.0	0.0	0.0	0.0	0.3333333333333333	0.0	0.0	0.0	0.0	0.0	0.0	0.0	0.0	0.0	0.0	0.0	0.0	0.0	0.0	0.0	0.0	0.25	0.08333333333333333	0.0	0.0	0.0	0.0	0.0	0.0	0.0	0.0	0.0	0.0	0.0	0.0	0.0	0.0	0.0	0.0	
Common Murre	0.0	0.0	0.2	0.0	0.0	0.0	0.0	0.0	0.0	0.0	0.0	0.0	0.0	0.0	0.0	0.0	0.0	0.0	0.0	0.0	0.0	0.0	0.0	0.0	0.0	0.0	0.0	0.0	0.0	0.0	0.0	0.0	0.0	0.0	0.0	0.0	0.0	0.0	0.0	0.0	0.0	0.0	0.0	0.0	0.0	0.0	0.0	0.0	
Pigeon Guillemot	0.25	0.0	0.0	0.3333333333333333	0.0	0.25	0.0	0.5	0.5	0.6666666666666666	0.25	0.5	0.0	0.3333333333333333	0.25	0.0	0.0	1.0	0.5	0.3333333333333333	0.0	0.0	0.4	0.25	0.0	0.0	0.0	0.5	0.0	0.0	0.0	0.5833333333333334	0.35714285714285715	0.25	0.0	0.3333333333333333	0.07692307692307693	0.0	0.0	0.0	0.5	0.0	0.0	0.2857142857142857	0.0	0.0	0.0	0.0	
Marbled Murrelet	0.25	0.0	0.2	0.0	0.0	0.25	0.0	0.0	0.0	0.3333333333333333	0.0	0.0	0.0	0.0	0.0	0.0	0.0	0.0	0.0	0.0	0.0	0.0	0.0	0.0	0.0	0.0	0.0	0.0	0.0	0.0	0.0	0.0	0.0	0.25	0.0	0.0	0.0	0.0	0.0	0.0	0.5	0.0	0.0	0.2857142857142857	0.1111111111111111	0.0	0.0	0.0	
murrelet sp.	0.0	0.0	0.0	0.0	0.0	0.0	0.0	0.0	0.0	0.0	0.0	0.0	0.0	0.0	0.0	0.0	0.0	1.0	0.0	0.0	0.0	0.0	0.0	0.0	0.0	0.0	0.0	0.0	0.0	0.0	0.0	0.0	0.0	0.0	0.0	0.0	0.0	0.0	0.0	0.0	0.0	0.0	0.0	0.0	0.0	0.0	0.0	0.0	
Rhinoceros Auklet	0.0	0.0	0.0	0.0	0.0	0.0	0.0	0.0	0.0	0.0	0.0	0.0	0.0	0.0	0.25	0.0	0.0	0.0	0.0	0.0	0.0	0.0	0.0	0.0	0.0	0.0	0.0	0.25	0.0	0.0	0.0	0.0	0.0	0.0	0.0	0.08333333333333333	0.0	0.0	0.0	0.0	0.5	0.0	0.0	0.0	0.0	0.0	0.0	0.0	
Bonaparte's Gull	0.0	0.0	0.0	0.0	0.0	0.0	0.0	0.0	0.0	0.0	0.0	0.0	0.0	0.0	0.0	0.0	0.0	0.0	0.0	0.16666666666666666	0.0	0.0	0.0	0.0	0.0	0.0	0.0	0.0	0.0	0.0	0.0	0.0	0.21428571428571427	0.0	0.0	0.0	0.0	0.0	0.0	0.16666666666666666	0.0	0.3333333333333333	0.0	0.0	0.0	0.0	0.0	0.0	
Franklin's Gull	0.0	0.0	0.0	0.0	0.0	0.0	0.0	0.0	0.0	0.0	0.0	0.0	0.0	0.0	0.0	0.0	0.0	0.0	0.0	0.0	0.0	0.0	0.0	0.0	0.0	0.0	0.0	0.0	0.0	0.0	0.0	0.16666666666666666	0.35714285714285715	0.0	0.0	0.0	0.0	0.0	0.0	0.0	0.0	0.0	0.0	0.0	0.0	0.0	0.0	0.0	
Heermann's Gull	0.0	0.0	0.0	0.0	0.0	0.0	0.0	0.0	0.0	0.0	0.0	0.0	0.0	0.0	0.0	0.0	0.0	0.0	0.0	0.0	0.0	0.0	0.2	0.0	0.0	0.0	0.2	0.5	0.0	0.0	0.0	0.5	0.2857142857142857	0.25	0.0	0.16666666666666666	0.0	0.1111111111111111	0.3333333333333333	0.16666666666666666	0.0	0.0	0.0	0.0	0.0	0.0	0.0	0.0	
Mew Gull	0.25	0.2	0.4	0.3333333333333333	0.0	0.25	0.5	0.5	1.0	0.3333333333333333	0.25	0.0	0.0	0.0	0.25	0.0	0.25	0.0	0.0	0.0	0.0	0.0	0.0	0.0	0.0	0.0	0.0	0.75	0.3333333333333333	0.0015	1.0	0.9166666666666666	0.5	0.25	0.16666666666666666	0.5833333333333334	0.3076923076923077	0.3333333333333333	0.3333333333333333	0.16666666666666666	0.5	0.3333333333333333	0.0	0.14285714285714285	0.1111111111111111	0.6666666666666666	0.0	0.0	
Ring-billed Gull	0.0	0.0	0.0	0.0	0.0	0.0	0.0	0.0	0.0	0.0	0.0	0.0	0.0	0.0	0.0	0.0	0.0	0.0	0.0	0.0	0.0	0.3333333333333333	0.0	0.0	0.0	0.0	0.4	0.75	0.3333333333333333	0.0	1.0	0.6666666666666666	0.5	0.0	0.16666666666666666	0.25	0.23076923076923078	0.0	0.0	0.16666666666666666	0.5	0.0	0.0	0.0	0.1111111111111111	0.0	0.0	0.0	
Western Gull	0.0	0.0	0.0	0.0	0.0	0.25	0.0	0.0	0.5	0.0	0.25	0.5	0.0	0.0015	0.25	0.0	0.25	0.0	0.16666666666666666	0.0	1.0	0.0	0.2	0.0	0.0	0.0	0.0	0.0	0.0	0.0	0.0	0.0	0.07142857142857142	0.0	0.0	0.16666666666666666	0.0	0.0	0.0	0.16666666666666666	0.0	0.0	0.0	0.14285714285714285	0.1111111111111111	0.0	0.0	0.0	
California Gull	0.0	0.0	0.0	0.0	0.0	0.0	0.0	0.0	0.0	0.0	0.0	0.0	0.0	0.0	0.0	0.0	0.0	0.0	0.0	0.16666666666666666	0.0	0.0	0.0	0.125	0.0	0.0	0.2	0.75	0.0	0.0	0.5	0.8333333333333334	0.35714285714285715	0.5	0.3333333333333333	0.5833333333333334	0.15384615384615385	0.4444444444444444	0.3333333333333333	0.16666666666666666	0.0	0.0	0.2	0.14285714285714285	0.0	0.0	0.0	0.0	
Herring Gull	0.0	0.0	0.0	0.0	0.0	0.25	0.0	0.5	0.0	0.0	0.0	0.0	0.0	0.0	0.25	0.0	0.0	0.0	0.0	0.0	0.0	0.0	0.0	0.0	0.0	0.0	0.0	0.0	0.0	0.0	0.0	0.0	0.07142857142857142	0.0	0.0	0.08333333333333333	0.07692307692307693	0.0	0.0	0.0	0.5	0.0	0.0	0.0	0.1111111111111111	0.0	0.0	0.0	
Iceland Gull	0.0	0.0	0.0	0.0	0.0	0.0	0.0	0.5	0.0	0.0	0.0	0.0	0.0	0.0	0.0	0.0	0.0	0.0	0.0	0.0	0.0	0.0	0.0	0.0	0.0	0.0	0.0	0.0	0.0	0.0	0.0	0.0	0.0	0.0	0.0	0.0	0.0	0.0	0.0	0.0	0.0	0.0	0.0	0.14285714285714285	0.0	0.0	0.0	0.0	
Glaucous-winged Gull	0.25	0.4	0.4	0.3333333333333333	0.0	0.75	0.5	0.5	1.0	1.0	0.5	0.5	0.0	0.0	0.75	0.0	0.5	1.0	0.3333333333333333	0.5	1.0	0.3333333333333333	0.8	0.25	1.0	0.0	0.4	0.75	0.3333333333333333	0.0	0.25	0.3333333333333333	0.2857142857142857	0.25	0.6666666666666666	0.5833333333333334	0.38461538461538464	0.5555555555555556	1.0	0.3333333333333333	1.0	0.3333333333333333	0.6	0.2857142857142857	0.6666666666666666	0.3333333333333333	0.0	0.5	
Western x Glaucous-winged Gull (hybrid)	0.0	0.0	0.0	0.3333333333333333	0.0	0.0	0.0	0.0	0.0	0.0	0.0	0.0	0.0	0.0	0.25	0.0	0.0	0.0	0.16666666666666666	0.0	1.0	0.0	0.0	0.0	0.0	0.0	0.2	0.0	0.0	0.0	0.0	0.08333333333333333	0.07142857142857142	0.0	0.0	0.08333333333333333	0.15384615384615385	0.1111111111111111	0.3333333333333333	0.0	0.5	0.0	0.4	0.14285714285714285	0.3333333333333333	0.3333333333333333	0.0	0.0	
Herring x Glaucous-winged Gull (hybrid)	0.0	0.0	0.0	0.0	0.0	0.0	0.0	0.0	0.0	0.0	0.0	0.0	0.0	0.0	0.0	0.0	0.0	0.0	0.0	0.0	0.0	0.0	0.0	0.0	0.0	0.0	0.0	0.0	0.0	0.0	0.0	0.0	0.0	0.0	0.0	0.0	0.0	0.0	0.0	0.0	0.5	0.0	0.0	0.0	0.0	0.0	0.0	0.0	
Western/Glaucous-winged Gull	0.0	0.2	0.0	0.3333333333333333	0.0	0.0	1.0	0.0	0.0	0.0	0.0	0.0	0.0	0.0	0.0	0.0	0.0	0.0	0.16666666666666666	0.16666666666666666	0.0	0.0	0.2	0.0	0.0	0.0	0.4	0.0	0.0	0.0	0.25	0.08333333333333333	0.0	0.0	0.0	0.0	0.0	0.0	0.0	0.0	0.0	0.0	0.0	0.0	0.0	0.0	0.0	0.0	
Larus sp.	0.0	0.4	0.0	0.0	0.0	0.0	0.0	0.0	1.0	0.3333333333333333	0.25	0.5	0.0	0.0	0.0	0.0	0.5	1.0	0.0	0.3333333333333333	0.0	0.0	0.4	0.25	0.0	0.0	0.2	0.0	0.0	0.0	0.25	0.0	0.07142857142857142	0.0	0.0	0.0	0.0	0.1111111111111111	0.3333333333333333	0.0	0.5	0.3333333333333333	0.0	0.14285714285714285	0.3333333333333333	0.3333333333333333	0.0	0.0	
gull sp.	0.25	0.0	0.0	0.6666666666666666	0.0	0.5	0.0	0.5	0.0	0.3333333333333333	0.0	0.0	0.0	0.0	0.25	0.0	0.5	0.0	0.16666666666666666	0.16666666666666666	1.0	0.0	0.2	0.125	0.0	0.0	0.2	0.5	0.0	0.0	0.75	0.4166666666666667	0.2857142857142857	0.5	0.3333333333333333	0.4166666666666667	0.23076923076923078	0.3333333333333333	0.6666666666666666	0.16666666666666666	0.5	0.0	0.2	0.14285714285714285	0.3333333333333333	0.0	0.0	0.0	
Caspian Tern	0.0	0.0	0.0	0.0	0.0	0.0	0.0	0.0	0.0	0.0	0.0	0.0	0.0	0.0	0.0	0.0	0.0	0.0	0.0	0.0	0.0	0.0	0.0	0.0	0.0	0.0	0.2	0.0	0.0	0.0	0.0	0.0	0.0	0.0	0.0	0.0	0.0	0.0	0.0	0.0	0.0	0.0	0.0	0.0	0.0	0.0	0.0	0.0	
Red-throated Loon	0.0	0.0	0.0	0.0	0.0	0.0	0.0	0.0	0.0	0.0	0.0	0.0	0.0	0.0	0.0	0.0	0.0	0.0	0.0	0.0	0.0	0.0	0.0	0.0	0.0	0.0	0.0	0.0	0.0	0.0	0.0	0.0	0.0	0.0	0.16666666666666666	0.0	0.0	0.1111111111111111	0.0	0.0	0.0	0.0	0.0	0.0	0.0	0.0	0.0	0.0	
Pacific Loon	0.0	0.0	0.0	0.0	0.0	0.0	0.0	0.0	0.0	0.0	0.0	0.0	0.0	0.0	0.0	0.0	0.0	0.0	0.0	0.0	0.0	0.0	0.0	0.0	0.0	0.0	0.0	0.0	0.0	0.0	0.0	0.0	0.0	0.0	0.0	0.0	0.0	0.0	0.0	0.0	0.0	0.0	0.0	0.14285714285714285	0.0	0.0	0.0	0.0	
Common Loon	0.0	0.0	0.0	0.0	0.0	0.0	0.0	0.0	0.0	0.0	0.0	0.0	0.0	0.0	0.0	0.0	0.0	0.0	0.0	0.0	0.0	0.0	0.0	0.0	0.0	0.0	0.0	0.0	0.0	0.0	0.0	0.0	0.21428571428571427	0.0	0.0	0.16666666666666666	0.23076923076923078	0.1111111111111111	0.3333333333333333	0.16666666666666666	0.0	0.0	0.0	0.0	0.0	0.0	0.0	0.0	
Yellow-billed Loon	0.0	0.0	0.0	0.0	0.0	0.0	0.0	0.5	0.0	0.0	0.0	0.0	0.0	0.0	0.0	0.0	0.0	0.0	0.0	0.0	0.0	0.0	0.0	0.0	0.0	0.0	0.0	0.0	0.0	0.0	0.0	0.0	0.0	0.0	0.0	0.0	0.0	0.0	0.0	0.0	0.0	0.0	0.0	0.0	0.0	0.0	0.0	0.0	
loon sp.	0.0	0.0	0.0	0.0	0.0	0.25	0.0	0.0	0.0	0.0	0.0	0.0	0.0	0.0	0.0	0.0	0.0	0.0	0.0	0.0	0.0	0.0	0.0	0.0	0.0	0.0	0.0	0.0	0.0	0.0	0.0	0.0	0.0	0.0	0.0	0.0	0.0	0.0	0.0	0.0	0.0	0.0	0.0	0.0	0.0	0.0	0.0	0.0	
Brandt's Cormorant	0.0	0.0	0.0	0.0	0.0	0.25	0.0	0.0	0.0	0.0	0.0	0.0	0.0	0.0	0.0	0.0	0.0	0.0	0.0	0.0	0.0	0.0	0.0	0.0	0.0	0.0	0.0	0.0	0.0	0.0	0.0	0.0	0.0	0.0	0.0	0.0	0.0	0.0	0.0	0.0	0.0	0.0	0.0	0.0	0.0	0.0	0.0	0.0	
Pelagic Cormorant	0.0	0.0	0.0	0.0	0.0	0.25	0.0	0.0	0.0	0.0	0.0	0.0	0.0	0.0	0.0	0.0	0.0	0.0	0.0	0.0	0.0	0.0	0.0	0.0	0.0	0.0	0.0	0.0	0.0	0.0	0.0	0.0	0.0	0.0	0.0	0.0	0.0	0.0	0.0	0.0	0.0	0.0	0.0	0.0	0.0	0.0	0.0	0.0	
Double-crested Cormorant	0.25	0.0	0.0	0.0	0.0	0.25	0.0	0.5	0.0	0.3333333333333333	0.0	0.0	0.0	0.3333333333333333	0.0	0.0	0.0	0.0	0.0	0.0	0.0	0.0	0.0	0.0	0.0	0.0	0.0	0.0	0.0	0.0	0.0	0.0	0.07142857142857142	0.0	0.0	0.08333333333333333	0.07692307692307693	0.2222222222222222	0.0	0.0	0.0	0.0	0.2	0.42857142857142855	0.1111111111111111	0.0	0.0	0.0	
cormorant sp.	0.0	0.0	0.0	0.0	0.0	0.25	0.0	0.0	0.0	0.0	0.0	0.0	0.0	0.0	0.0	0.0	0.0	0.0	0.0	0.0	0.0	0.0	0.0	0.0	0.0	0.0	0.0	0.0	0.0	0.0	0.0	0.0	0.0	0.0	0.0	0.0	0.07692307692307693	0.0	0.0	0.0	0.0	0.0	0.0	0.0	0.0	0.0	0.0	0.0	
American White Pelican	0.0	0.0	0.0	0.0	0.0	0.0	0.0	0.0	0.0	0.0	0.0	0.0	0.0	0.0	0.0	0.0	0.0	0.0	0.0	0.0	0.0	0.0	0.0	0.0	1.0	0.0	0.0	0.0	0.0	0.0	0.0	0.0	0.0	0.0	0.0	0.0	0.0	0.0	0.0	0.0	0.0	0.0	0.0	0.0	0.0	0.0	0.0	0.0	
Great Blue Heron	0.5	0.2	0.0	0.3333333333333333	0.0	0.25	0.5	0.5	0.5	1.0	0.25	1.0	0.0	0.6666666666666666	0.75	1.0	0.5	1.0	0.3333333333333333	0.5	0.5	0.3333333333333333	0.6	0.125	0.0	0.0	0.8	0.5	0.3333333333333333	0.0	0.75	0.5	0.5714285714285714	0.25	0.16666666666666666	0.5833333333333334	0.38461538461538464	0.4444444444444444	0.3333333333333333	0.16666666666666666	0.5	0.3333333333333333	0.4	0.42857142857142855	0.0	0.3333333333333333	0.0	0.5	
Turkey Vulture	0.0	0.0	0.0	0.0	0.0	0.0	0.0	0.0	0.0	0.0	0.0	0.0	0.0	0.0	0.25	0.0	0.0	0.0	0.0	0.0	0.0	0.0	0.0	0.125	0.0	0.0	0.0	0.0	0.0	0.0	0.0	0.0	0.0	0.0	0.0	0.0	0.0	0.0	0.0	0.0	0.0	0.0	0.0	0.0	0.0	0.0	0.0	0.0	
Osprey	0.0	0.0	0.0	0.0	0.0	0.0	0.0	0.0	0.0	0.0	0.0	0.0	0.0	0.0	0.0	0.0	0.0	0.0	0.0	0.16666666666666666	0.0	0.0	0.0	0.0	0.0	0.0	0.0	0.0	0.0	0.0	0.0	0.0	0.0	0.0	0.0	0.0	0.0	0.0	0.0	0.0	0.0	0.0	0.0	0.0	0.0	0.0	0.0	0.0	
Sharp-shinned Hawk	0.0	0.0	0.0	0.0	0.0	0.0	0.0	0.0	0.0	0.0	0.0	0.0	0.0	0.0	0.0	0.0	0.0	0.0	0.16666666666666666	0.0	0.0	0.0	0.0	0.0	0.0	0.0	0.0	0.0	0.0	0.0	0.0	0.0	0.07142857142857142	0.0	0.0	0.0	0.0	0.0	0.0	0.0	0.0	0.0	0.0	0.0	0.0	0.0	0.0	0.0	
Cooper's Hawk	0.0	0.0	0.0	0.0	0.0	0.0	0.0	0.0	0.0	0.0	0.0	0.0	0.0	0.0	0.0	0.0	0.0	0.0	0.0	0.0	0.0	0.0	0.0	0.0	0.0	0.0	0.0	0.0	0.0	0.0	0.0	0.08333333333333333	0.07142857142857142	0.25	0.0	0.0	0.07692307692307693	0.0	0.0	0.0	0.0	0.0	0.2	0.0	0.0	0.0	0.0	0.0	
Sharp-shinned/Cooper's Hawk	0.0	0.0	0.0	0.0	0.0	0.0	0.0	0.0	0.0	0.0	0.0	0.0	0.0	0.0	0.0	0.0	0.0	0.0	0.0	0.0	0.0	0.0	0.0	0.0	0.0	0.0	0.0	0.0	0.0	0.0	0.0	0.0	0.07142857142857142	0.0	0.0	0.0	0.0	0.0	0.0	0.0	0.0	0.0	0.0	0.0	0.0	0.0	0.0	0.0	
Bald Eagle	0.25	0.0	0.0	0.0	0.0	0.25	0.5	0.0	0.0	0.3333333333333333	0.25	0.0	0.0	0.3333333333333333	0.0	0.0	0.0	0.0	0.0	0.0	0.5	0.0	0.0	0.0	1.0	0.0	0.2	0.0	0.0	0.0	0.0	0.0	0.07142857142857142	0.0	0.16666666666666666	0.16666666666666666	0.0	0.0	0.0	0.0	0.0	0.0	0.2	0.2857142857142857	0.1111111111111111	0.0	0.0	0.0	
Red-tailed Hawk	0.0	0.2	0.0	0.0	0.0	0.0	0.0	0.0	0.0	0.0	0.0	0.0	0.0	0.0	0.0	1.0	0.0	0.0	0.16666666666666666	0.0	0.0	0.0	0.0	0.0	0.0	0.0	0.0	0.0	0.0	0.0	0.0	0.0	0.0	0.0	0.0	0.0	0.07692307692307693	0.1111111111111111	0.0	0.16666666666666666	0.0	0.0	0.0	0.2857142857142857	0.1111111111111111	0.0	0.0	0.0	
Belted Kingfisher	0.5	0.4	0.4	0.6666666666666666	0.0	0.5	0.5	0.0	1.0	0.3333333333333333	0.0	0.5	0.0	0.3333333333333333	0.25	0.0	0.25	0.0	0.8333333333333334	0.8333333333333334	0.0	0.6666666666666666	0.2	0.625	1.0	1.0	1.0	0.75	0.0	0.0015	0.75	0.6666666666666666	0.7857142857142857	0.75	0.6666666666666666	0.5833333333333334	0.23076923076923078	0.7777777777777778	0.6666666666666666	0.16666666666666666	1.0	0.6666666666666666	0.2	0.2857142857142857	0.3333333333333333	0.0	0.0	0.0	
Red-breasted Sapsucker	0.0	0.0	0.0	0.0	0.0	0.0	0.0	0.0	0.0	0.0015	0.0	0.0	0.0	0.0	0.0	0.0	0.0	0.0	0.0	0.0	0.0	0.0	0.0	0.0	0.0	0.0	0.0	0.0	0.0	0.0	0.25	0.0	0.0	0.0	0.0	0.0	0.0	0.0	0.0	0.0	0.0	0.0	0.0	0.0	0.0	0.0	0.0	0.0	
Downy Woodpecker	0.0	0.0	0.0	0.0	1.0	0.25	0.0	0.0	0.0	0.0	0.0	0.0	0.0	0.0	0.0	0.0	0.0	0.0	0.0	0.0	0.5	0.0	0.0	0.0	0.0	0.0	0.0	0.0	0.0	0.0	0.0	0.0	0.14285714285714285	0.0	0.16666666666666666	0.0	0.0	0.0	0.0	0.0	0.0	0.0	0.0	0.0	0.1111111111111111	0.0	0.0	0.0	
Northern Flicker	0.0	0.0	0.2	0.0	0.0	0.25	0.5	0.5	0.0	0.0	0.25	0.0015	0.0	0.3333333333333333	0.0	0.0	0.0	0.0	0.3333333333333333	0.0	0.0	0.0	0.4	0.0	1.0	0.3333333333333333	0.2	0.5	0.0	0.0	0.25	0.16666666666666666	0.14285714285714285	0.25	0.16666666666666666	0.5	0.38461538461538464	0.3333333333333333	0.3333333333333333	0.3333333333333333	0.5	0.3333333333333333	0.0	0.14285714285714285	0.2222222222222222	0.0	0.0	0.5	
Merlin	0.0	0.0	0.0	0.0	0.0	0.0	0.0	0.0	0.0	0.0	0.0	0.0	0.0	0.0	0.0	0.0	0.0	0.0	0.0	0.0	0.0	0.0	0.0	0.0	0.0	0.0	0.0	0.0	0.0	0.0	0.0	0.0	0.0	0.0	0.0	0.0	0.0	0.1111111111111111	0.0	0.16666666666666666	0.0	0.0	0.0	0.0	0.0	0.0	0.0	0.0	
Peregrine Falcon	0.0	0.0	0.0	0.0	0.0	0.0	0.0	0.0	0.0	0.0	0.0	0.0	0.0	0.0	0.0	0.0	0.0	0.0	0.0	0.0	0.0	0.0	0.0	0.0	0.0	0.0	0.0	0.0	0.0	0.0	0.0	0.0	0.0	0.0	0.0	0.0	0.0015	0.0	0.0	0.16666666666666666	0.0	0.0	0.0	0.0	0.0	0.0	0.0	0.0	
Olive-sided Flycatcher	0.0	0.0	0.0	0.0	0.0	0.0	0.0	0.0	0.0	0.0	0.0	0.0	0.0	0.0	0.0	0.0	0.0	0.0	0.0	0.0	0.5	0.0	0.0	0.0	0.0	0.0	0.0	0.0	0.0	0.0	0.0	0.0	0.0	0.0	0.0	0.0	0.0	0.0	0.0	0.0	0.0	0.0	0.0	0.0	0.0	0.0	0.0	0.0	
Western Wood-Pewee	0.0	0.0	0.0	0.0	0.0	0.0	0.0	0.0	0.0	0.0	0.0	0.0	0.0	0.0	0.0	0.0	0.0	0.0	0.0	0.16666666666666666	0.0	0.0	0.0	0.0	0.0	0.0	0.0	0.0	0.0	0.0	0.0	0.0	0.0	0.0	0.0	0.0	0.0	0.0	0.0	0.0	0.0	0.0	0.0	0.0	0.0	0.0	0.0	0.0	
Willow Flycatcher	0.0	0.0	0.0	0.0	0.0	0.0	0.0	0.0	0.0	0.0	0.0	0.0	0.0	0.0	0.0	0.0	0.0	0.0	0.0	0.0	0.0	0.3333333333333333	0.4	0.375	0.0	0.0	0.4	0.0	0.0	0.0	0.0	0.0	0.0	0.0	0.0	0.0	0.0	0.0	0.0	0.0	0.0	0.0	0.0	0.0	0.0	0.0	0.0	0.0	
Pacific-slope Flycatcher	0.0	0.0	0.0	0.0	0.0	0.0	0.0	0.0	0.0	0.0	0.0	0.0	0.0	0.0	0.0	0.0	0.0	0.0	0.0	0.0	0.0	0.0	0.2	0.125	1.0	0.0	0.2	0.0	0.0	0.0	0.0	0.0	0.0	0.0	0.0	0.0	0.0	0.0	0.0	0.0	0.0	0.0	0.0	0.0	0.0	0.0	0.0	0.0	
Steller's Jay	0.0	0.0	0.0	0.0	1.0	0.25	0.0	0.5	0.5	0.3333333333333333	0.0	0.0	0.0	0.0	0.0	1.0	0.0	0.0	0.16666666666666666	0.0	0.0	0.0	0.4	0.125	0.0	0.3333333333333333	0.4	0.5	0.0	0.0	0.0	0.3333333333333333	0.5	0.0	0.16666666666666666	0.25	0.07692307692307693	0.1111111111111111	0.0	0.16666666666666666	0.5	0.0	0.2	0.0	0.1111111111111111	0.0	0.0	0.0	
American Crow	0.25	0.0	0.0	0.0	0.0	0.5	0.0	0.5	0.0	0.0	0.5	0.0	0.0	0.0015	0.25	1.0	0.25	1.0	0.16666666666666666	0.5	0.0	0.3333333333333333	0.8	0.5	0.0	0.0	0.6	0.0	0.3333333333333333	0.0	0.5	0.25	0.14285714285714285	0.0	0.0	0.25	0.3076923076923077	0.4444444444444444	0.0	0.0	0.5	0.0	0.2	0.0	0.1111111111111111	0.0	0.0	0.0	
Northwestern Crow	0.25	0.0	0.0	0.0	0.0	0.5	0.0	0.0	0.0	0.0	0.0	0.5	0.0	0.0	0.0	0.0	0.0	0.0	0.3333333333333333	0.3333333333333333	0.0	0.0	0.2	0.125	1.0	0.0	0.2	0.5	0.0	0.0	0.0	0.16666666666666666	0.07142857142857142	0.0	0.0	0.08333333333333333	0.0	0.0	0.3333333333333333	0.0	0.0	0.0	0.0	0.0	0.0	0.0	0.0	0.0	
American/Northwestern Crow	0.0	0.0	0.0	0.0	0.0	0.25	0.5	0.0	0.0	0.0	0.0	0.5	0.0	0.3333333333333333	0.25	0.0	0.0	0.0	0.16666666666666666	0.5	1.0	0.3333333333333333	0.2	0.25	0.0	0.0	0.4	0.25	0.0	0.0	0.25	0.25	0.14285714285714285	0.5	0.16666666666666666	0.08333333333333333	0.15384615384615385	0.1111111111111111	0.0	0.0	0.5	0.0	0.0	0.14285714285714285	0.1111111111111111	0.0	0.0	0.0	
Common Raven	0.0	0.0	0.0	0.0	0.0	0.25	0.0	0.5	0.0	0.3333333333333333	0.0	0.0	0.0	0.0	0.25	0.0	0.0	0.0	0.0	0.0	0.0	0.0	0.0	0.125	0.0	0.0	0.2	0.0	0.0	0.0	0.0	0.3333333333333333	0.07142857142857142	0.25	0.0	0.0	0.15384615384615385	0.1111111111111111	0.0	0.0	0.5	0.3333333333333333	0.0	0.0	0.3333333333333333	0.0	0.0	0.0	
Northern Rough-winged Swallow	0.0	0.0	0.0	0.0	0.0	0.0	0.0	0.0	0.0	0.0	0.0	0.0	0.0	0.0	0.25	0.0	0.25	0.0	0.16666666666666666	0.3333333333333333	1.0	0.3333333333333333	0.4	0.375	0.0	0.0	0.6	0.0	0.0	0.0	0.0	0.0	0.0	0.0	0.0	0.0	0.0	0.0	0.0	0.0	0.0	0.0	0.0	0.0	0.0	0.0	0.0	0.0	
Purple Martin	0.0	0.0	0.0	0.0	0.0	0.0	0.0	0.0	0.0	0.0	0.0	0.0	0.0	0.0	0.25	0.0	0.0	0.0	0.0	0.0	0.0	0.0	0.0	0.0	0.0	0.3333333333333333	0.0	0.0	0.0	0.0	0.0	0.0	0.07142857142857142	0.0	0.0	0.0	0.0	0.0	0.0	0.0	0.0	0.0	0.0	0.0	0.0	0.0	0.0	0.0	
Tree Swallow	0.0	0.0	0.0	0.0	0.0	0.0	0.0	0.0	0.0	0.0	0.0	0.0	0.0	0.0	0.25	0.0	0.25	0.0	0.5	0.6666666666666666	0.0	0.0	0.4	0.5	0.0	0.0	0.2	0.25	0.0	0.0	0.0	0.0	0.0	0.0	0.0	0.0	0.0	0.0	0.0	0.0	0.0	0.0	0.0	0.0	0.0	0.0	0.0	0.0	
Violet-green Swallow	0.0	0.0	0.0	0.0	0.0	0.0	0.0	0.0	0.0	0.0	0.0	0.0	0.0	0.0	0.25	1.0	0.5	0.0	0.3333333333333333	0.8333333333333334	0.5	0.3333333333333333	0.4	0.5	0.0	0.0	0.2	0.5	0.3333333333333333	0.0	0.5	0.08333333333333333	0.21428571428571427	0.0	0.0	0.0	0.0	0.0	0.0	0.0	0.0	0.0	0.0	0.0	0.0	0.0	0.0	0.0	
Tree/Violet-green Swallow	0.0	0.0	0.0	0.0	0.0	0.0	0.0	0.0	0.0	0.0	0.0	0.0	0.0	0.0	0.0	0.0	0.0	0.0	0.0	0.0	0.0	0.0	0.0	0.125	0.0	0.0	0.0	0.0	0.0	0.0	0.0	0.0	0.0	0.0	0.0	0.0	0.0	0.0	0.0	0.0	0.0	0.0	0.0	0.0	0.0	0.0	0.0	0.0	
Barn Swallow	0.0	0.0	0.0	0.0	0.0	0.0	0.0	0.0	0.0	0.0	0.0	0.0	0.0	0.0	0.25	1.0	0.25	0.0	0.6666666666666666	0.3333333333333333	1.0	0.6666666666666666	0.8	0.5	0.0	0.0	0.6	1.0	0.6666666666666666	0.0	0.5	0.5	0.14285714285714285	0.0	0.0	0.0	0.0	0.0	0.0	0.0	0.0	0.0	0.0	0.0	0.0	0.0	0.0	0.0	
Cliff Swallow	0.0	0.0	0.0	0.0	0.0	0.0	0.0	0.0	0.0	0.0	0.0	0.0	0.0	0.0	0.0	0.0	0.0	0.0	0.0	0.0	0.0	0.3333333333333333	0.0	0.125	0.0	0.0	0.2	0.25	0.0	0.0	0.0	0.0	0.0	0.0	0.0	0.0	0.0	0.0	0.0	0.0	0.0	0.0	0.0	0.0	0.0	0.0	0.0	0.0	
swallow sp.	0.0	0.0	0.0	0.0	0.0	0.0	0.0	0.0	0.0	0.0	0.0	0.0	0.0	0.0	0.0	0.0	0.0	0.0	0.0	0.0	0.0	0.0	0.0	0.0	0.0	0.0	0.2	0.0	0.0	0.0	0.0	0.0	0.07142857142857142	0.0	0.0	0.0	0.0	0.0	0.0	0.0	0.0	0.0	0.0	0.0	0.0	0.0	0.0	0.0	
Black-capped Chickadee	0.25	0.0	0.0	0.0	0.0	0.0	0.0	0.0	0.0	0.0	0.0	0.0	0.0	0.0	0.0	0.0	0.0	0.0	0.0	0.16666666666666666	0.0	0.0	0.2	0.0	0.0	0.0	0.0	0.0	0.0	0.0	0.25	0.08333333333333333	0.0	0.0	0.0	0.0	0.07692307692307693	0.0	0.0	0.0	0.5	0.3333333333333333	0.0	0.0	0.0	0.0	0.0	0.0	
Chestnut-backed Chickadee	0.0	0.0	0.0	0.0	0.0	0.0	0.5	0.0	0.0	0.0	0.25	0.0	0.0	0.0	0.0	0.0	0.0	0.0	0.0	0.0	0.0	0.3333333333333333	0.0	0.0	0.0	0.0	0.0	0.0	0.0	0.0	0.0	0.08333333333333333	0.0	0.0	0.0	0.08333333333333333	0.07692307692307693	0.0	0.0	0.0	0.0	0.0	0.0	0.0	0.0	0.0	0.0	0.0	
Red-breasted Nuthatch	0.0	0.0	0.0	0.0	1.0	0.0	0.0	0.0	0.0	0.0	0.0	0.0015	0.0	0.3333333333333333	0.0	0.0	0.0	0.0	0.0	0.16666666666666666	0.0	0.3333333333333333	0.0	0.0	0.0	0.0	0.0	0.25	0.0	0.0	0.25	0.16666666666666666	0.21428571428571427	0.0	0.3333333333333333	0.08333333333333333	0.0	0.0	0.0	0.0	0.0	0.0	0.0	0.0	0.0	0.0	0.0	0.0	
House Wren	0.0	0.0	0.0	0.0	0.0	0.0	0.0	0.0	0.0	0.0	0.0	0.0	0.0	0.0	0.0	0.0	0.0	0.0	0.0	0.0	0.0	0.0	0.2	0.0	0.0	0.0	0.0	0.0	0.0	0.0	0.0	0.0	0.0	0.0	0.0	0.0	0.0	0.0	0.0	0.0	0.0	0.0	0.0	0.0	0.0	0.0	0.0	0.0	
Marsh Wren	0.0	0.0	0.0	0.0	0.0	0.25	0.5	0.0	0.0	0.0	0.0	0.0015	0.0	0.3333333333333333	0.0	0.0	0.25	0.0	0.0	0.16666666666666666	0.5	0.0	0.0	0.125	0.0	0.0	0.0	0.0	0.0	0.0	0.0	0.0	0.07142857142857142	0.0	0.0	0.0	0.07692307692307693	0.0	0.0	0.0	0.0	0.3333333333333333	0.2	0.14285714285714285	0.1111111111111111	0.3333333333333333	0.0	0.0	
Bewick's Wren	0.0	0.0	0.0	0.0	0.0	0.0	0.0	0.0	0.0	0.0	0.0	0.0	0.0	0.0	0.0	0.0	0.0	0.0	0.0	0.16666666666666666	0.0	0.3333333333333333	0.2	0.0	0.0	0.0	0.0	0.0	0.0	0.0	0.0	0.0	0.0	0.0	0.0	0.0	0.0	0.0	0.0	0.0	0.0	0.0	0.0	0.0	0.1111111111111111	0.0	0.0	0.0	
Golden-crowned Kinglet	0.0	0.0	0.0	0.0	0.0	0.0	0.0	0.0	0.0	0.0	0.0	0.0	0.0	0.0	0.0	0.0	0.0	0.0	0.0	0.0	0.0	0.0	0.0	0.0	0.0	0.0	0.0	0.0	0.0	0.0	0.0	0.0	0.0	0.0	0.0	0.0	0.0	0.0	0.0	0.0	0.0	0.3333333333333333	0.0	0.0	0.0	0.0	0.0	0.0	
Ruby-crowned Kinglet	0.25	0.0	0.0	0.0	0.0	0.0	0.0	0.0	0.0	0.0	0.0	0.0	0.0	0.0	0.0	0.0	0.0	0.0	0.0	0.0	0.0	0.0	0.0	0.0	0.0	0.0	0.0	0.0	0.0	0.0	0.0	0.0	0.0	0.0	0.0	0.0	0.0	0.0	0.0	0.0	0.5	0.0	0.0	0.14285714285714285	0.0	0.0	0.0	0.0	
Varied Thrush	0.0	0.2	0.0	0.0	0.0	0.0	0.0	0.0	0.0	0.0	0.0	0.0	0.0	0.0	0.0	0.0	0.0	0.0	0.0	0.0	0.0	0.0	0.0	0.0	0.0	0.0	0.0	0.0	0.0	0.0	0.0	0.0	0.0	0.0	0.0	0.0	0.0	0.0	0.0	0.0	0.0	0.0	0.0	0.0	0.0	0.0	0.0	0.0	
Swainson's Thrush	0.0	0.0	0.0	0.0	0.0	0.0	0.0	0.0	0.0	0.0	0.0	0.0	0.0	0.0	0.0	0.0	0.0	0.0	0.16666666666666666	0.3333333333333333	0.0	0.3333333333333333	0.2	0.625	1.0	0.0	0.6	0.0	0.0	0.0	0.0	0.0	0.07142857142857142	0.0	0.0	0.0	0.0	0.0	0.0	0.0	0.0	0.0	0.0	0.0	0.0	0.0	0.0	0.0	
Catharus sp.	0.0	0.0	0.0	0.0	0.0	0.0	0.0	0.0	0.0	0.0	0.0	0.0	0.0	0.0	0.0	0.0	0.0	0.0	0.0	0.0	0.0	0.0	0.0	0.0	0.0	0.0	0.0	0.0	0.0	0.0	0.0	0.0	0.0	0.0	0.0	0.0	0.0	0.0	0.0	0.0	0.0	0.0	0.0	0.14285714285714285	0.0	0.0	0.0	0.0	
American Robin	0.0	0.0	0.0	0.0	0.0	0.0	0.0	0.0	0.5	0.3333333333333333	0.5	0.0	0.0	0.3333333333333333	0.25	0.0	0.5	0.0	0.8333333333333334	0.8333333333333334	1.0	0.3333333333333333	0.8	0.75	0.0	0.0	0.4	0.5	0.0	0.0	0.5	0.25	0.07142857142857142	0.25	0.16666666666666666	0.16666666666666666	0.38461538461538464	0.4444444444444444	0.0	0.16666666666666666	0.5	0.0	0.4	0.14285714285714285	0.1111111111111111	0.3333333333333333	0.0	0.5	
European Starling	0.0	0.0	0.0	0.0	0.0	0.0	0.0	0.0	0.0	0.0	0.0	0.0015	0.0	0.0	0.0	1.0	0.75	0.0	0.16666666666666666	0.3333333333333333	0.0	0.3333333333333333	0.4	0.0	0.0	0.0	0.0	0.0	0.0	0.0	0.0	0.0	0.07142857142857142	0.0	0.0	0.0	0.15384615384615385	0.0	0.0	0.16666666666666666	0.0	0.0	0.0	0.0	0.0	0.0	0.0	0.0	
Cedar Waxwing	0.0	0.0	0.0	0.0	0.0	0.0	0.0	0.0	0.0	0.0	0.0	0.0	0.0	0.0	0.0	0.0	0.0	0.0	0.0	0.3333333333333333	0.0	0.0	0.0	0.25	0.0	0.0	0.0	0.25	0.0	0.0	0.0	0.25	0.14285714285714285	0.0	0.0	0.0	0.0	0.0	0.0	0.0	0.0	0.0	0.0	0.0	0.0	0.0	0.0	0.0	
House Finch	0.0	0.0	0.2	0.0	0.0	0.0	0.5	0.0	0.5	0.3333333333333333	0.25	0.0	0.0	0.3333333333333333	0.25	0.0	0.25	0.0	0.16666666666666666	0.6666666666666666	0.0	0.0	0.4	0.25	1.0	0.0	0.2	0.0	0.0	0.0	0.5	0.3333333333333333	0.21428571428571427	0.25	0.0	0.16666666666666666	0.07692307692307693	0.1111111111111111	0.0	0.3333333333333333	0.0	0.3333333333333333	0.0	0.14285714285714285	0.1111111111111111	0.0	0.0	0.0	
Purple Finch	0.0	0.0	0.0	0.0	0.0	0.0	0.0	0.0	0.0015	0.0	0.5	0.5	0.0	0.3333333333333333	0.0	0.0	0.5	0.0	0.3333333333333333	0.0	0.0	0.3333333333333333	0.0	0.25	0.0	0.3333333333333333	0.0	0.25	0.0	0.0	0.0	0.0	0.0	0.0	0.0	0.0	0.0	0.0	0.0	0.0	0.0	0.0	0.0	0.0	0.0	0.0	0.0	0.0	
Red Crossbill	0.0	0.0	0.0	0.0	0.0	0.0	0.0	0.0	0.0	0.0	0.0	0.0	0.0	0.0	0.25	0.0	0.0	0.0	0.0	0.0	0.0	0.0	0.0	0.0	0.0	0.0	0.0	0.25	0.0	0.0	0.0	0.16666666666666666	0.0	0.0	0.0	0.0	0.0	0.0	0.0	0.0	0.0	0.0	0.0	0.0	0.0	0.0	0.0	0.0	
Pine Siskin	0.0	0.0	0.0	0.0	0.0	0.0	0.5	0.0	0.0	0.0	0.0	0.0	0.0	0.0	0.25	0.0	0.0	0.0	0.0	0.0	0.0	0.0	0.0	0.0	0.0	0.0	0.0	0.0	0.0	0.0	0.0	0.0	0.0	0.0	0.0	0.0	0.0	0.0	0.0	0.0	0.0	0.0	0.0	0.2857142857142857	0.1111111111111111	0.0	0.0	0.0	
American Goldfinch	0.0	0.0	0.0	0.0	0.0	0.0	0.0	0.0	0.0	0.0	0.0	0.0	0.0	0.0	0.0	0.0	0.25	0.0	0.16666666666666666	0.8333333333333334	0.5	0.3333333333333333	0.4	0.625	1.0	0.0	0.8	0.75	0.3333333333333333	0.0	0.75	0.08333333333333333	0.07142857142857142	0.0	0.0	0.08333333333333333	0.07692307692307693	0.0	0.0	0.0	0.0	0.0	0.0	0.0	0.0	0.0	0.0	0.0	
Fox Sparrow	0.0	0.0	0.0	0.0	0.0	0.0	0.0	0.0	0.0	0.0	0.0	0.0	0.0	0.0	0.0	0.0	0.0	0.0	0.0	0.0	0.0	0.0	0.0	0.0	0.0	0.0	0.0	0.0	0.0	0.0	0.0	0.0	0.0	0.0	0.0	0.0	0.07692307692307693	0.0	0.0	0.0	0.0	0.0	0.0	0.0	0.1111111111111111	0.0	0.0	0.0	
Dark-eyed Junco	0.0	0.0	0.0	0.0	0.0	0.0	0.5	0.0	0.0015	0.0	0.0	0.0	0.0	0.0	0.0	0.0	0.0	0.0	0.0	0.0	0.5	0.0	0.0	0.25	0.0	0.0	0.0	0.0	0.0	0.0	0.0	0.0	0.0	0.0	0.16666666666666666	0.08333333333333333	0.07692307692307693	0.0	0.0	0.0	0.0	0.0	0.0	0.0	0.0	0.0	0.0	0.0	
White-crowned Sparrow	0.0	0.0	0.0	0.0	0.0	0.0	0.0	0.0	0.0	0.0	0.0	0.5	0.0	0.3333333333333333	0.25	1.0	0.25	1.0	0.3333333333333333	0.16666666666666666	1.0	0.3333333333333333	0.2	0.25	0.0	0.0	0.0	0.0	0.3333333333333333	0.0	0.0	0.25	0.14285714285714285	0.0	0.0	0.08333333333333333	0.0	0.0	0.0	0.0	0.0	0.0	0.0	0.0	0.2222222222222222	0.0	0.0	0.0	
Golden-crowned Sparrow	0.0	0.2	0.0	0.0	0.0	0.0	0.5	0.5	0.5	0.0	0.0	0.0	0.0	0.0	0.0	0.0	0.0	0.0	0.0	0.0	0.0	0.0	0.0	0.0	0.0	0.0	0.0	0.0	0.0	0.0	0.0	0.0	0.0	0.0	0.0	0.0	0.0	0.0	0.0	0.0	0.5	0.3333333333333333	0.0	0.2857142857142857	0.3333333333333333	0.0	0.0	0.0	
White-throated Sparrow	0.0	0.0	0.0	0.0	0.0	0.0	0.0	0.0	0.0	0.0	0.0	0.0	0.0	0.0	0.0	0.0	0.0	0.0	0.0	0.0	0.0	0.0	0.0	0.0	0.0	0.0	0.0	0.0	0.0	0.0	0.0	0.0	0.0	0.0	0.0	0.0	0.0	0.0	0.0	0.0	0.0	0.0	0.0	0.0	0.1111111111111111	0.0	0.0	0.0	
Savannah Sparrow	0.0	0.0	0.0	0.0	0.0	0.0	0.0	0.0	0.0	0.0	0.0	0.0	0.0	0.0	0.0	0.0	0.25	0.0	0.16666666666666666	0.0	0.0	0.0	0.0	0.125	0.0	0.0	0.0	0.0	0.0	0.0	0.0	0.0	0.0	0.0	0.16666666666666666	0.08333333333333333	0.0	0.0	0.0	0.0	0.0	0.0	0.0	0.0	0.0	0.0	0.0	0.0	
Song Sparrow	0.5	0.4	0.2	0.0	1.0	0.25	1.0	1.0	0.5	0.3333333333333333	0.5	1.0	1.0	0.3333333333333333	0.5	1.0	0.5	0.0	0.5	0.8333333333333334	1.0	0.3333333333333333	0.8	0.875	1.0	0.3333333333333333	0.8	0.25	0.0	0.0	0.5	0.3333333333333333	0.14285714285714285	0.5	0.16666666666666666	0.16666666666666666	0.15384615384615385	0.3333333333333333	0.0	0.16666666666666666	0.5	0.3333333333333333	0.0	0.2857142857142857	0.4444444444444444	0.3333333333333333	0.0	0.0	
Lincoln's Sparrow	0.0	0.0	0.0	0.0	0.0	0.0	0.0	0.0	0.0	0.0	0.0	0.0	0.0	0.0	0.0	0.0	0.0	0.0	0.0	0.0	0.0	0.0	0.0	0.0	0.0	0.0	0.0	0.0	0.0	0.0	0.0	0.0	0.07142857142857142	0.0	0.0	0.0	0.0	0.0	0.0	0.0	0.0	0.0	0.0	0.0	0.0	0.0	0.0	0.0	
Swamp Sparrow	0.0	0.0	0.0	0.0	0.0	0.0	0.0	0.0	0.0	0.0	0.0	0.0	0.0	0.0	0.0	0.0	0.0	0.0	0.0	0.0	0.0	0.0	0.0	0.0	0.0	0.0	0.0	0.0	0.0	0.0	0.0	0.0	0.0	0.0	0.0	0.0	0.0	0.0	0.0	0.0	0.0	0.0	0.0	0.14285714285714285	0.2222222222222222	0.0	0.0	0.0	
Spotted Towhee	0.0	0.0	0.0	0.0	1.0	0.0	0.5	0.5	0.0	0.3333333333333333	0.0	0.0	0.0	0.0	0.25	0.0	0.0	0.0	0.16666666666666666	0.0	0.0	0.0	0.6	0.25	1.0	0.0	0.2	0.0	0.0	0.0	0.0	0.0	0.07142857142857142	0.0	0.0	0.16666666666666666	0.15384615384615385	0.2222222222222222	0.0	0.0	0.5	0.0	0.0	0.0	0.2222222222222222	0.0	0.0	0.0	
Red-winged Blackbird	0.0	0.2	0.0	0.0	0.0	0.0	0.5	0.5	0.5	0.3333333333333333	0.5	1.0	1.0	1.0	0.25	1.0	0.5	1.0	0.6666666666666666	1.0	1.0	0.6666666666666666	0.8	0.625	1.0	0.0	1.0	0.25	0.0	0.0	0.0	0.08333333333333333	0.0	0.25	0.16666666666666666	0.08333333333333333	0.15384615384615385	0.0	0.0	0.0	0.5	0.0	0.0	0.0	0.1111111111111111	0.0	0.0	0.0	
Brown-headed Cowbird	0.0	0.0	0.0	0.0	0.0	0.0	0.0	0.0	0.0	0.0	0.0	0.0	0.0	0.0	0.0	0.0	0.25	0.0	0.0	0.0	0.0	0.0	0.2	0.0	0.0	0.0	0.0	0.25	0.0	0.0	0.0	0.0	0.0	0.0	0.0	0.0	0.0	0.0	0.0	0.0	0.0	0.0	0.0	0.0	0.0	0.0	0.0	0.0	
Orange-crowned Warbler	0.0	0.0	0.0	0.0	0.0	0.0	0.0	0.0	0.0	0.0	0.0	0.0	0.0	0.3333333333333333	0.25	0.0	0.5	0.0	0.0	0.0	0.0	0.3333333333333333	0.0	0.125	0.0	0.0	0.0	0.0	0.0	0.0	0.0	0.0	0.0	0.0	0.0	0.08333333333333333	0.0	0.0	0.0	0.0	0.0	0.0	0.0	0.0	0.0	0.0	0.0	0.0	
Common Yellowthroat	0.0	0.0	0.0	0.0	0.0	0.0	0.0	0.0	0.0	0.0	0.0	0.0	0.0	0.0	0.0	0.0	0.25	0.0	0.0	0.0	0.5	0.0	0.4	0.375	0.0	0.0	0.2	0.0	0.0	0.0	0.0	0.08333333333333333	0.21428571428571427	0.0	0.0	0.0	0.0	0.0	0.0	0.0	0.0	0.0	0.0	0.0	0.0	0.0	0.0	0.0	
Wilson's Warbler	0.0	0.0	0.0	0.0	0.0	0.0	0.0	0.0	0.0	0.0	0.0	0.0	0.0	0.0	0.0	0.0	0.0	0.0	0.0	0.16666666666666666	1.0	0.3333333333333333	0.0	0.0	0.0	0.0	0.0	0.0	0.0	0.0	0.0	0.0	0.0	0.0	0.0	0.0	0.0	0.0	0.0	0.0	0.0	0.0	0.0	0.0	0.0	0.0	0.0	0.0	
Western Tanager	0.0	0.0	0.0	0.0	0.0	0.0	0.0	0.0	0.0	0.0	0.0	0.0	0.0	0.0	0.0	0.0	0.0	0.0	0.0	0.0	0.0	0.0	0.2	0.125	0.0	0.0	0.0	0.0	0.0	0.0	0.0	0.0	0.0	0.0	0.0	0.0	0.0	0.0	0.0	0.0	0.0	0.0	0.0	0.0	0.0	0.0	0.0	0.0	
Black-headed Grosbeak	0.0	0.0	0.0	0.0	0.0	0.0	0.0	0.0	0.0	0.0	0.0	0.0	0.0	0.0	0.0	0.0	0.0	0.0	0.3333333333333333	0.3333333333333333	0.0	0.0	0.2	0.125	0.0	0.0	0.2	0.25	0.0	0.0	0.0	0.0	0.0	0.0	0.0	0.0	0.0	0.0	0.0	0.0	0.0	0.0	0.0	0.0	0.0	0.0	0.0	0.0	
House Sparrow	0.0	0.0	0.0	0.0	0.0	0.0	0.0	0.0	0.0	0.0	0.0	0.0	0.0	0.0	0.0	0.0	0.0	0.0	0.0	0.0	0.0	0.0	0.0	0.0	0.0	0.0	0.0	0.0	0.0	0.0	0.0	0.08333333333333333	0.0	0.0	0.0	0.0	0.0	0.0	0.0	0.0	0.0	0.0	0.0	0.0	0.0	0.0	0.0	0.0	
passerine sp.	0.0	0.0	0.0	0.0	0.0	0.0	0.0	0.0	0.0	0.0	0.0	0.0	0.0	0.0	0.0	0.0	0.0	0.0	0.0	0.0	0.0	0.0	0.0	0.0	0.0	0.0	0.0	0.0	0.0	0.0	0.0	0.0	0.0	0.0	0.0	0.0	0.07692307692307693	0.0	0.0	0.0	0.0	0.0	0.0	0.0	0.0	0.0	0.0	0.0	

