









Frequency of observations in the selected location(s).:
Number of taxa: 	219

	Jan				Feb				Mar				Apr				May				Jun				Jul				Aug				Sep				Oct				Nov				Dec				
Sample Size:	27.0	19.0	18.0	33.0	12.0	20.0	21.0	17.0	19.0	11.0	16.0	27.0	11.0	27.0	22.0	14.0	9.0	3.0	8.0	9.0	2.0	5.0	5.0	16.0	3.0	4.0	6.0	22.0	11.0	15.0	13.0	22.0	17.0	11.0	13.0	22.0	21.0	16.0	19.0	22.0	16.0	18.0	15.0	20.0	15.0	10.0	7.0	17.0	

Snow Goose	0.0	0.0	0.0	0.0	0.0	0.0	0.0	0.0	0.0	0.0	0.0	0.0	0.0	0.0	0.0	0.0	0.0	0.0	0.0	0.0	0.0	0.0	0.0	0.0	0.0	0.0	0.0	0.0	0.0	0.0	0.0	0.0	0.0	0.0	0.0	0.0	0.0	0.0	0.0	0.0	0.0	0.0	0.0	0.0	0.06666666666666667	0.0	0.0	0.0	
Greater White-fronted Goose	0.0	0.0	0.0	0.0	0.0	0.0	0.0	0.058823529411764705	0.0	0.0	0.0	0.0	0.0	0.0	0.0	0.0	0.0	0.0	0.0	0.0	0.0	0.0	0.0	0.0	0.0	0.0	0.0	0.0	0.0	0.0	0.0	0.0	0.0	0.09090909090909091	0.0	0.13636363636363635	0.047619047619047616	0.0	0.0	0.0	0.0	0.0	0.0	0.05	0.0	0.0	0.0	0.0	
Domestic goose sp. (Domestic type)	0.0	0.0	0.0	0.0	0.0	0.0	0.0	0.0	0.0	0.0	0.0	0.0	0.0	0.0	0.0	0.0	0.0	0.0	0.0	0.0	0.0	0.0	0.0	0.0	0.0	0.0	0.0	0.0	0.0	0.0	0.0	0.0	0.058823529411764705	0.0	0.0	0.0	0.0	0.0	0.0	0.0	0.0	0.0	0.0	0.0	0.0	0.0	0.0	0.0	
Brant	0.4444444444444444	0.47368421052631576	0.5	0.5151515151515151	0.25	0.25	0.2857142857142857	0.29411764705882354	0.3157894736842105	0.18181818181818182	0.375	0.1111111111111111	0.45454545454545453	0.48148148148148145	0.45454545454545453	0.0	0.0	0.0	0.0	0.0	0.0	0.0	0.0	0.0	0.0	0.0	0.0	0.0	0.0	0.0	0.0	0.0	0.0	0.0	0.0	0.0	0.0	0.0	0.0	0.0	0.0	0.0	0.26666666666666666	0.1	0.13333333333333333	0.2	0.14285714285714285	0.23529411764705882	
Cackling Goose	0.037037037037037035	0.0	0.0	0.030303030303030304	0.0	0.0	0.0	0.0	0.0	0.0	0.0	0.0	0.0	0.037037037037037035	0.0	0.0	0.0	0.0	0.0	0.0	0.0	0.0	0.0	0.0	0.0	0.0	0.0	0.0	0.0	0.0	0.0	0.0	0.0	0.0	0.0	0.18181818181818182	0.2857142857142857	0.0625	0.21052631578947367	0.18181818181818182	0.125	0.16666666666666666	0.0	0.05	0.06666666666666667	0.0	0.0	0.0	
Canada Goose	0.4444444444444444	0.21052631578947367	0.2222222222222222	0.18181818181818182	0.16666666666666666	0.15	0.19047619047619047	0.29411764705882354	0.3684210526315789	0.2727272727272727	0.5	0.2962962962962963	0.36363636363636365	0.5185185185185185	0.5	0.42857142857142855	0.5555555555555556	0.3333333333333333	0.25	0.5555555555555556	0.5	0.6	0.4	0.375	0.3333333333333333	0.25	0.16666666666666666	0.36363636363636365	0.36363636363636365	0.06666666666666667	0.6153846153846154	0.36363636363636365	0.29411764705882354	0.18181818181818182	0.6923076923076923	0.5454545454545454	0.42857142857142855	0.5	0.5789473684210527	0.4090909090909091	0.4375	0.4444444444444444	0.3333333333333333	0.4	0.13333333333333333	0.1	0.14285714285714285	0.17647058823529413	
Cackling/Canada Goose	0.0	0.0	0.0	0.0	0.0	0.0	0.0	0.0	0.0	0.0	0.0	0.0	0.0	0.0	0.0	0.0	0.0	0.0	0.0	0.0	0.0	0.0	0.0	0.0	0.0	0.0	0.0	0.0	0.0	0.0	0.0	0.0	0.0	0.0	0.0	0.0	0.0	0.0625	0.0	0.0	0.0	0.0	0.0	0.0	0.0	0.0	0.0	0.0	
Trumpeter Swan	0.0	0.0	0.1111111111111111	0.0	0.0	0.0	0.0	0.0	0.05263157894736842	0.0	0.0	0.0	0.0	0.0	0.0	0.0	0.0	0.0	0.0	0.0	0.0	0.0	0.0	0.0	0.0	0.0	0.0	0.0	0.0	0.0	0.0	0.0	0.0	0.0	0.0	0.0	0.0	0.0	0.0	0.0	0.0	0.0	0.0	0.0	0.06666666666666667	0.0	0.0	0.058823529411764705	
Trumpeter/Tundra Swan	0.0	0.0	0.0	0.0	0.0	0.0	0.0	0.0	0.0	0.0	0.0	0.0	0.0	0.0	0.0	0.0	0.0	0.0	0.0	0.0	0.0	0.0	0.0	0.0	0.0	0.0	0.0	0.0	0.0	0.0	0.0	0.0	0.0	0.0	0.0	0.0	0.0	0.0	0.0	0.045454545454545456	0.0	0.0	0.0	0.0	0.0	0.0	0.0	0.0	
Cinnamon Teal	0.0	0.0	0.0	0.0	0.0	0.0	0.0	0.0	0.0	0.0	0.0	0.0	0.0	0.0	0.0	0.0	0.0	0.0	0.0	0.0	0.0	0.0	0.0	0.0	0.0	0.0	0.0	0.0	0.0	0.06666666666666667	0.0	0.0	0.0	0.0	0.0	0.0	0.0	0.0	0.0	0.0	0.0	0.0	0.0	0.0	0.0	0.0	0.0	0.0	
Northern Shoveler	0.0	0.0015	0.0	0.0	0.0	0.0	0.047619047619047616	0.0	0.0	0.09090909090909091	0.0	0.0	0.0	0.0	0.0	0.0	0.0	0.0	0.0	0.0	0.0	0.0	0.0	0.0	0.0	0.0	0.0	0.0	0.0	0.0015	0.07692307692307693	0.18181818181818182	0.17647058823529413	0.09090909090909091	0.0	0.045454545454545456	0.0	0.0	0.05263157894736842	0.045454545454545456	0.0625	0.0	0.06666666666666667	0.05	0.06666666666666667	0.0	0.0	0.0	
Gadwall	0.14814814814814814	0.0	0.05555555555555555	0.09090909090909091	0.0	0.05	0.14285714285714285	0.23529411764705882	0.0	0.18181818181818182	0.125	0.07407407407407407	0.0015	0.037037037037037035	0.13636363636363635	0.07142857142857142	0.3333333333333333	0.0	0.0	0.1111111111111111	0.0	0.0	0.0	0.0	0.0	0.0	0.0	0.0	0.0	0.0	0.0	0.09090909090909091	0.0	0.0	0.07692307692307693	0.0	0.0	0.0	0.0	0.0	0.0625	0.05555555555555555	0.06666666666666667	0.05	0.0	0.0	0.0	0.058823529411764705	
Eurasian Wigeon	0.5185185185185185	0.2631578947368421	0.2777777777777778	0.42424242424242425	0.25	0.35	0.47619047619047616	0.4117647058823529	0.42105263157894735	0.45454545454545453	0.25	0.2222222222222222	0.2727272727272727	0.1111111111111111	0.09090909090909091	0.0	0.0	0.0	0.0	0.0	0.0	0.0	0.0	0.0	0.0	0.0	0.0	0.0	0.0	0.0	0.0	0.0	0.0	0.0	0.0	0.0	0.0	0.0625	0.0	0.09090909090909091	0.375	0.3333333333333333	0.2	0.45	0.4666666666666667	0.5	0.5714285714285714	0.29411764705882354	
American Wigeon	0.8888888888888888	0.8421052631578947	0.9444444444444444	0.9090909090909091	0.9166666666666666	0.9	0.7619047619047619	1.0	0.8421052631578947	0.8181818181818182	0.75	0.8518518518518519	1.0	0.7037037037037037	0.9090909090909091	0.5	0.4444444444444444	0.0	0.0	0.0	0.0	0.0	0.0	0.0	0.0	0.0	0.0	0.0	0.0	0.0	0.0	0.0	0.0	0.18181818181818182	0.07692307692307693	0.18181818181818182	0.23809523809523808	0.5	0.7368421052631579	0.7727272727272727	0.75	0.8888888888888888	0.7333333333333333	0.8	0.8666666666666667	0.9	0.8571428571428571	0.7647058823529411	
Eurasian x American Wigeon (hybrid)	0.1111111111111111	0.0	0.0	0.0	0.0	0.0	0.0	0.0	0.0	0.0	0.0	0.0	0.0	0.0	0.0	0.0	0.0	0.0	0.0	0.0	0.0	0.0	0.0	0.0	0.0	0.0	0.0	0.0	0.0	0.0	0.0	0.0	0.0	0.0	0.0	0.0	0.0	0.0	0.0	0.0	0.0	0.0	0.0	0.0	0.0	0.0	0.14285714285714285	0.0	
Mallard	0.5925925925925926	0.5263157894736842	0.5	0.48484848484848486	0.5833333333333334	0.8	0.6190476190476191	0.7058823529411765	0.5263157894736842	0.6363636363636364	0.5	0.4444444444444444	0.6363636363636364	0.5185185185185185	0.5909090909090909	0.5	0.6666666666666666	0.3333333333333333	0.125	0.3333333333333333	0.5	0.4	0.4	0.125	0.3333333333333333	0.0015	0.16666666666666666	0.18181818181818182	0.18181818181818182	0.3333333333333333	0.5384615384615384	0.6818181818181818	0.29411764705882354	0.36363636363636365	0.5384615384615384	0.5454545454545454	0.38095238095238093	0.5	0.631578947368421	0.5454545454545454	0.5625	0.6666666666666666	0.4	0.5	0.2	0.5	0.5714285714285714	0.5882352941176471	
Northern Pintail	0.037037037037037035	0.05263157894736842	0.05555555555555555	0.06060606060606061	0.0	0.1	0.09523809523809523	0.0	0.0	0.0	0.0	0.0	0.09090909090909091	0.037037037037037035	0.0	0.0	0.0	0.0	0.0	0.0	0.0	0.0	0.0	0.0	0.0	0.0	0.0	0.0	0.0	0.0	0.0	0.13636363636363635	0.0	0.0	0.0	0.09090909090909091	0.047619047619047616	0.0	0.0	0.0	0.125	0.1111111111111111	0.0	0.0	0.0	0.0	0.0015	0.0	
Green-winged Teal	0.2222222222222222	0.10526315789473684	0.05555555555555555	0.15151515151515152	0.0	0.15	0.14285714285714285	0.11764705882352941	0.05263157894736842	0.09090909090909091	0.125	0.0	0.09090909090909091	0.07407407407407407	0.13636363636363635	0.07142857142857142	0.0	0.0	0.0	0.0	0.0	0.0	0.0	0.0	0.0	0.0	0.0	0.0	0.0	0.0	0.0	0.045454545454545456	0.058823529411764705	0.0015	0.15384615384615385	0.18181818181818182	0.0	0.0	0.05263157894736842	0.045454545454545456	0.125	0.0	0.0	0.1	0.06666666666666667	0.1	0.0015	0.058823529411764705	
teal sp.	0.0	0.0	0.0	0.0	0.0	0.0	0.0	0.0	0.0	0.0	0.0	0.0	0.0	0.0	0.0	0.0	0.0	0.0	0.0	0.0	0.0	0.0	0.0	0.0	0.0	0.0	0.0	0.0	0.0	0.0	0.0	0.045454545454545456	0.0	0.0	0.0	0.0	0.0	0.0	0.0	0.0	0.0	0.0	0.0	0.0	0.0	0.0	0.0	0.0	
Ring-necked Duck	0.037037037037037035	0.05263157894736842	0.0	0.0	0.0	0.0	0.0	0.0	0.0	0.0	0.0	0.0	0.0	0.0	0.0	0.0	0.0	0.0	0.0	0.0	0.0	0.0	0.0	0.0	0.0	0.0	0.0	0.0	0.0	0.0	0.0	0.0	0.0	0.0	0.0	0.0	0.0	0.0	0.0	0.0	0.0	0.0	0.0	0.0	0.0	0.0	0.0	0.0	
Greater Scaup	0.18518518518518517	0.15789473684210525	0.2777777777777778	0.48484848484848486	0.16666666666666666	0.4	0.5238095238095238	0.17647058823529413	0.3157894736842105	0.09090909090909091	0.5	0.25925925925925924	0.18181818181818182	0.3333333333333333	0.18181818181818182	0.14285714285714285	0.1111111111111111	0.0	0.0	0.0	0.0	0.0	0.0	0.0	0.0	0.0	0.0	0.0	0.0	0.0	0.0	0.0	0.0	0.0	0.0	0.0	0.0	0.0	0.0	0.0	0.0015	0.1111111111111111	0.13333333333333333	0.15	0.26666666666666666	0.4	0.14285714285714285	0.17647058823529413	
Lesser Scaup	0.1111111111111111	0.0	0.0	0.09090909090909091	0.0	0.0015	0.09523809523809523	0.11764705882352941	0.15789473684210525	0.0	0.1875	0.07407407407407407	0.0	0.037037037037037035	0.045454545454545456	0.07142857142857142	0.0	0.0	0.0	0.0	0.0	0.0	0.0	0.0	0.0	0.0	0.0	0.0	0.0	0.0	0.0	0.0	0.0	0.0	0.15384615384615385	0.0	0.0	0.0	0.0	0.0	0.0	0.0	0.0	0.05	0.0	0.0	0.0	0.0	
Greater/Lesser Scaup	0.0	0.0015	0.0	0.030303030303030304	0.08333333333333333	0.0	0.0	0.0	0.0	0.0	0.0	0.0	0.09090909090909091	0.14814814814814814	0.09090909090909091	0.0	0.0	0.0	0.0	0.0	0.0	0.0	0.0	0.0	0.0	0.0	0.0	0.0	0.0	0.0	0.0	0.0	0.0	0.0	0.0	0.0	0.0	0.0	0.0	0.0	0.0	0.0	0.0	0.0	0.0	0.0	0.0	0.0	
Harlequin Duck	0.14814814814814814	0.05263157894736842	0.1111111111111111	0.2727272727272727	0.25	0.2	0.42857142857142855	0.17647058823529413	0.3684210526315789	0.09090909090909091	0.5	0.18518518518518517	0.5454545454545454	0.3333333333333333	0.3181818181818182	0.0	0.1111111111111111	0.0	0.25	0.0	0.0	0.0	0.0	0.0	0.0	0.0	0.0	0.0	0.0	0.06666666666666667	0.0	0.13636363636363635	0.0	0.0015	0.0	0.13636363636363635	0.3333333333333333	0.125	0.15789473684210525	0.22727272727272727	0.125	0.1111111111111111	0.26666666666666666	0.15	0.06666666666666667	0.0	0.0	0.17647058823529413	
Surf Scoter	0.37037037037037035	0.3157894736842105	0.5	0.696969696969697	0.6666666666666666	0.35	0.5238095238095238	0.7058823529411765	0.8421052631578947	0.45454545454545453	0.5625	0.5185185185185185	0.6363636363636364	0.3333333333333333	0.5909090909090909	0.21428571428571427	0.2222222222222222	0.0	0.125	0.0	0.0	0.2	0.0	0.125	0.0	0.0	0.0	0.13636363636363635	0.0	0.0	0.0	0.0	0.058823529411764705	0.18181818181818182	0.0	0.18181818181818182	0.2857142857142857	0.125	0.15789473684210525	0.4090909090909091	0.25	0.4444444444444444	0.2	0.3	0.3333333333333333	0.5	0.2857142857142857	0.35294117647058826	
White-winged Scoter	0.14814814814814814	0.10526315789473684	0.2222222222222222	0.18181818181818182	0.08333333333333333	0.25	0.14285714285714285	0.4117647058823529	0.15789473684210525	0.18181818181818182	0.25	0.1111111111111111	0.18181818181818182	0.037037037037037035	0.13636363636363635	0.0	0.1111111111111111	0.3333333333333333	0.125	0.0	0.0	0.0	0.0	0.0	0.0	0.0	0.16666666666666666	0.0	0.0	0.0	0.0	0.0	0.0	0.18181818181818182	0.07692307692307693	0.045454545454545456	0.19047619047619047	0.125	0.0	0.045454545454545456	0.1875	0.2222222222222222	0.4666666666666667	0.1	0.06666666666666667	0.2	0.0015	0.058823529411764705	
Black Scoter	0.037037037037037035	0.0	0.0015	0.0	0.0	0.0	0.047619047619047616	0.0	0.10526315789473684	0.0	0.0	0.0	0.0	0.0	0.045454545454545456	0.0	0.0	0.0	0.0	0.0	0.0	0.0	0.0	0.0	0.0	0.0	0.0	0.0	0.0	0.0	0.0	0.0	0.0	0.0	0.0	0.0	0.0	0.0	0.0	0.0	0.0	0.0	0.0	0.0015	0.0	0.0	0.0015	0.0	
scoter sp.	0.0	0.0	0.0	0.0	0.0	0.0	0.0	0.058823529411764705	0.0	0.0	0.0	0.0	0.0	0.0	0.045454545454545456	0.0	0.0	0.0	0.0	0.0	0.0	0.0	0.0	0.0	0.0	0.0	0.0	0.0	0.0	0.0	0.0	0.0	0.0	0.0	0.0	0.0	0.0	0.0	0.0	0.0	0.0	0.05555555555555555	0.06666666666666667	0.0	0.0	0.0	0.0	0.0	
Long-tailed Duck	0.6296296296296297	0.7894736842105263	0.5	0.8181818181818182	0.6666666666666666	0.2	0.6190476190476191	0.5882352941176471	0.47368421052631576	0.6363636363636364	0.6875	0.2962962962962963	0.7272727272727273	0.2962962962962963	0.22727272727272727	0.07142857142857142	0.0	0.0	0.0	0.0	0.0	0.0	0.0	0.0	0.0	0.0	0.0	0.0	0.0	0.0	0.0	0.0	0.0	0.0	0.0	0.045454545454545456	0.0	0.0	0.0015	0.18181818181818182	0.375	0.4444444444444444	0.13333333333333333	0.5	0.6	0.2	0.42857142857142855	0.4117647058823529	
Bufflehead	0.8888888888888888	0.8947368421052632	1.0	0.8787878787878788	0.9166666666666666	0.8	0.9047619047619048	0.8823529411764706	0.9473684210526315	1.0	0.9375	0.9629629629629629	1.0	0.7777777777777778	0.9545454545454546	0.6428571428571429	0.4444444444444444	0.3333333333333333	0.25	0.0	0.0	0.0	0.0	0.0	0.0	0.0	0.0	0.0	0.0	0.0	0.0	0.0	0.0	0.0	0.0	0.045454545454545456	0.0	0.125	0.21052631578947367	0.6818181818181818	0.875	1.0	0.8666666666666667	0.95	0.9333333333333333	1.0	0.7142857142857143	0.8823529411764706	
Common Goldeneye	0.8888888888888888	0.8947368421052632	0.8333333333333334	0.7878787878787878	0.6666666666666666	0.8	0.8095238095238095	1.0	0.7894736842105263	1.0	0.875	0.7777777777777778	0.9090909090909091	0.7037037037037037	0.7727272727272727	0.2857142857142857	0.4444444444444444	0.0	0.0015	0.1111111111111111	0.0	0.0	0.0	0.0	0.0	0.0	0.0	0.0	0.0	0.0	0.0	0.0	0.0	0.0	0.0	0.0	0.0	0.0	0.0	0.045454545454545456	0.0	0.3333333333333333	0.6666666666666666	0.7	0.7333333333333333	0.8	0.7142857142857143	0.8823529411764706	
Barrow's Goldeneye	0.5925925925925926	0.3157894736842105	0.3888888888888889	0.5454545454545454	0.16666666666666666	0.4	0.38095238095238093	0.29411764705882354	0.21052631578947367	0.2727272727272727	0.5625	0.37037037037037035	0.7272727272727273	0.4074074074074074	0.18181818181818182	0.0	0.0	0.0	0.0	0.0	0.0	0.0	0.0	0.0	0.0	0.0	0.0	0.0	0.0	0.0	0.0	0.0	0.0	0.0	0.0	0.0	0.0	0.0	0.0	0.18181818181818182	0.25	0.4444444444444444	0.3333333333333333	0.3	0.5333333333333333	0.5	0.2857142857142857	0.5294117647058824	
Common/Barrow's Goldeneye	0.0	0.0	0.0	0.0	0.0	0.0	0.0	0.0	0.0	0.0	0.0	0.0	0.0	0.037037037037037035	0.045454545454545456	0.0	0.0	0.0	0.0	0.0	0.0	0.0	0.0	0.0	0.0	0.0	0.0	0.0	0.0	0.0	0.0	0.0	0.0	0.0	0.0	0.0	0.0	0.0	0.0	0.0	0.0	0.0	0.06666666666666667	0.0	0.0	0.0	0.0	0.0	
Hooded Merganser	0.7407407407407407	0.7894736842105263	0.6111111111111112	0.7878787878787878	0.8333333333333334	0.8	0.6190476190476191	0.6470588235294118	0.42105263157894735	0.6363636363636364	0.5	0.25925925925925924	0.5454545454545454	0.18518518518518517	0.22727272727272727	0.07142857142857142	0.1111111111111111	0.0	0.125	0.0	0.0	0.0	0.0	0.0	0.0	0.0	0.0	0.0	0.0	0.13333333333333333	0.07692307692307693	0.18181818181818182	0.23529411764705882	0.45454545454545453	0.38461538461538464	0.4090909090909091	0.14285714285714285	0.5	0.5789473684210527	0.5454545454545454	0.75	0.7777777777777778	0.8666666666666667	0.9	0.8666666666666667	0.8	0.8571428571428571	0.6470588235294118	
Common Merganser	0.2222222222222222	0.15789473684210525	0.2777777777777778	0.18181818181818182	0.5	0.45	0.09523809523809523	0.23529411764705882	0.10526315789473684	0.18181818181818182	0.125	0.18518518518518517	0.09090909090909091	0.1111111111111111	0.045454545454545456	0.07142857142857142	0.0015	0.0	0.125	0.0	0.0	0.0	0.0	0.0	0.0	0.0	0.0	0.0	0.0	0.0	0.0	0.0	0.058823529411764705	0.09090909090909091	0.07692307692307693	0.045454545454545456	0.09523809523809523	0.0625	0.21052631578947367	0.045454545454545456	0.25	0.05555555555555555	0.13333333333333333	0.2	0.0	0.3	0.2857142857142857	0.35294117647058826	
Red-breasted Merganser	0.7037037037037037	0.7368421052631579	0.7222222222222222	0.9090909090909091	0.9166666666666666	0.75	0.8095238095238095	0.7647058823529411	0.7894736842105263	0.8181818181818182	0.875	0.7407407407407407	0.7272727272727273	0.6666666666666666	0.8636363636363636	0.42857142857142855	0.4444444444444444	0.3333333333333333	0.25	0.0	0.0	0.0	0.0	0.0	0.0	0.0	0.0	0.0	0.0	0.0	0.0	0.0	0.0	0.0	0.0	0.09090909090909091	0.0	0.1875	0.15789473684210525	0.5454545454545454	0.6875	0.6666666666666666	0.5333333333333333	0.75	0.7333333333333333	0.6	0.5714285714285714	0.8235294117647058	
Common/Red-breasted Merganser	0.0	0.0	0.0	0.0	0.0	0.0	0.0	0.0	0.0	0.0	0.0	0.0	0.0	0.0	0.0	0.0	0.0	0.0	0.0	0.0	0.0	0.0	0.0	0.0	0.0	0.0	0.0	0.0	0.0	0.0	0.0	0.0	0.0	0.0	0.0	0.0	0.0	0.0625	0.0	0.0	0.0625	0.0	0.0	0.0	0.0	0.0	0.0	0.0	
Ruddy Duck	0.0	0.0	0.0	0.0	0.0	0.0	0.0	0.0	0.0	0.0	0.0625	0.0	0.0	0.0	0.0	0.0	0.0	0.0	0.0	0.0	0.0	0.0	0.0	0.0	0.0	0.0	0.0	0.0	0.0	0.0	0.0	0.0	0.0	0.0	0.0	0.0	0.0	0.125	0.0	0.045454545454545456	0.0	0.0	0.0	0.0	0.0	0.0	0.0	0.0	
duck sp.	0.0	0.0	0.0	0.0	0.0	0.0	0.0	0.0	0.0	0.0	0.0625	0.0	0.0	0.0	0.0	0.07142857142857142	0.0	0.0	0.0	0.0	0.0	0.0	0.0	0.0	0.0	0.0	0.0	0.0	0.0	0.0	0.0	0.0	0.0	0.0	0.0	0.0	0.0	0.0	0.0	0.0	0.0	0.0	0.0	0.0	0.0	0.0	0.0	0.0	
waterfowl sp.	0.0	0.0	0.0	0.0	0.0	0.0	0.0	0.0	0.0	0.0	0.0	0.0	0.0	0.0	0.0	0.0	0.0	0.0	0.0	0.0	0.0	0.0	0.0	0.0	0.0	0.0	0.0	0.0	0.0	0.0	0.0	0.0	0.0	0.0	0.0	0.0	0.0	0.0625	0.0	0.0	0.0	0.0	0.0	0.0	0.0	0.0	0.0	0.0	
California Quail	0.037037037037037035	0.05263157894736842	0.0	0.06060606060606061	0.0	0.05	0.0	0.058823529411764705	0.0	0.18181818181818182	0.0	0.1111111111111111	0.0	0.037037037037037035	0.045454545454545456	0.07142857142857142	0.1111111111111111	0.0	0.125	0.1111111111111111	0.0	0.0	0.0	0.0625	0.3333333333333333	0.0	0.0	0.09090909090909091	0.0	0.0	0.0	0.09090909090909091	0.0	0.0	0.0	0.13636363636363635	0.09523809523809523	0.0	0.10526315789473684	0.045454545454545456	0.0	0.0	0.06666666666666667	0.1	0.0	0.0015	0.14285714285714285	0.0	
Pied-billed Grebe	0.07407407407407407	0.15789473684210525	0.2222222222222222	0.12121212121212122	0.3333333333333333	0.2	0.23809523809523808	0.35294117647058826	0.21052631578947367	0.0	0.25	0.2222222222222222	0.0	0.1111111111111111	0.0	0.0	0.0	0.0	0.0	0.0	0.0	0.0	0.0	0.0	0.0	0.0	0.0	0.045454545454545456	0.0	0.0	0.0	0.0	0.0	0.0	0.07692307692307693	0.045454545454545456	0.0	0.0	0.05263157894736842	0.045454545454545456	0.0	0.05555555555555555	0.0	0.2	0.0	0.3	0.0015	0.17647058823529413	
Horned Grebe	0.14814814814814814	0.05263157894736842	0.05555555555555555	0.2727272727272727	0.5	0.1	0.2857142857142857	0.35294117647058826	0.42105263157894735	0.36363636363636365	0.25	0.25925925925925924	0.18181818181818182	0.14814814814814814	0.2727272727272727	0.07142857142857142	0.0	0.0	0.0	0.0	0.0	0.0	0.0	0.0	0.0	0.0	0.0	0.0	0.0	0.0	0.0	0.0	0.058823529411764705	0.0	0.15384615384615385	0.13636363636363635	0.19047619047619047	0.1875	0.15789473684210525	0.18181818181818182	0.125	0.2777777777777778	0.26666666666666666	0.45	0.3333333333333333	0.5	0.2857142857142857	0.29411764705882354	
Red-necked Grebe	0.14814814814814814	0.21052631578947367	0.16666666666666666	0.12121212121212122	0.16666666666666666	0.1	0.19047619047619047	0.058823529411764705	0.10526315789473684	0.18181818181818182	0.125	0.14814814814814814	0.18181818181818182	0.18518518518518517	0.2727272727272727	0.07142857142857142	0.0	0.0	0.0	0.0	0.0	0.0	0.0	0.0	0.0	0.0	0.0	0.0	0.0	0.0	0.0	0.0	0.0015	0.09090909090909091	0.15384615384615385	0.09090909090909091	0.047619047619047616	0.25	0.10526315789473684	0.3181818181818182	0.25	0.3333333333333333	0.06666666666666667	0.2	0.13333333333333333	0.3	0.14285714285714285	0.17647058823529413	
Eared Grebe	0.037037037037037035	0.0015	0.05555555555555555	0.0	0.0	0.0	0.047619047619047616	0.0	0.0	0.0015	0.0	0.07407407407407407	0.0	0.0	0.0	0.0	0.0	0.0	0.0	0.0	0.0	0.0	0.0	0.0	0.0	0.0	0.0	0.0	0.0	0.0	0.0	0.0	0.0	0.0	0.0	0.0	0.0	0.0	0.0	0.0	0.0	0.05555555555555555	0.06666666666666667	0.0	0.0	0.0	0.14285714285714285	0.0	
Western Grebe	0.18518518518518517	0.05263157894736842	0.05555555555555555	0.15151515151515152	0.08333333333333333	0.05	0.09523809523809523	0.0015	0.05263157894736842	0.09090909090909091	0.0625	0.14814814814814814	0.18181818181818182	0.07407407407407407	0.045454545454545456	0.07142857142857142	0.1111111111111111	0.0	0.0	0.0	0.0	0.0	0.0	0.0	0.0	0.0	0.0	0.0	0.0	0.0	0.0	0.09090909090909091	0.058823529411764705	0.09090909090909091	0.0	0.09090909090909091	0.09523809523809523	0.125	0.05263157894736842	0.13636363636363635	0.0625	0.2222222222222222	0.06666666666666667	0.0015	0.06666666666666667	0.2	0.14285714285714285	0.11764705882352941	
grebe sp.	0.0	0.0	0.0	0.0	0.0	0.0	0.0	0.0	0.0	0.0	0.0	0.0	0.0	0.0	0.0	0.0	0.0	0.0	0.0	0.0	0.0	0.0	0.0	0.0	0.0	0.0	0.0	0.0	0.0	0.0	0.0	0.0	0.0	0.0	0.0	0.0	0.0	0.0	0.0	0.0	0.0	0.0	0.0	0.0	0.06666666666666667	0.0	0.0	0.0	
Rock Pigeon	0.037037037037037035	0.10526315789473684	0.2222222222222222	0.030303030303030304	0.25	0.15	0.19047619047619047	0.23529411764705882	0.10526315789473684	0.2727272727272727	0.1875	0.18518518518518517	0.0	0.07407407407407407	0.22727272727272727	0.21428571428571427	0.0	0.0	0.125	0.3333333333333333	0.0015	0.0	0.0	0.0625	0.0	0.25	0.0	0.13636363636363635	0.2727272727272727	0.26666666666666666	0.15384615384615385	0.4090909090909091	0.29411764705882354	0.18181818181818182	0.07692307692307693	0.09090909090909091	0.047619047619047616	0.0625	0.15789473684210525	0.13636363636363635	0.125	0.1111111111111111	0.0	0.0015	0.13333333333333333	0.0	0.14285714285714285	0.29411764705882354	
Band-tailed Pigeon	0.0	0.0	0.0	0.0	0.0	0.0	0.0	0.0	0.0	0.0	0.0	0.037037037037037035	0.0	0.0	0.045454545454545456	0.07142857142857142	0.1111111111111111	0.0	0.125	0.2222222222222222	0.0	0.0	0.0	0.0625	0.3333333333333333	0.0	0.0	0.0	0.0	0.0	0.0	0.0	0.058823529411764705	0.0	0.0	0.045454545454545456	0.0	0.0	0.0015	0.0	0.0	0.0	0.0	0.0	0.0	0.0	0.0	0.0	
Eurasian Collared-Dove	0.07407407407407407	0.05263157894736842	0.1111111111111111	0.18181818181818182	0.08333333333333333	0.15	0.047619047619047616	0.058823529411764705	0.21052631578947367	0.18181818181818182	0.25	0.37037037037037035	0.09090909090909091	0.25925925925925924	0.36363636363636365	0.21428571428571427	0.3333333333333333	0.3333333333333333	0.375	0.5555555555555556	0.0	0.0	0.0	0.1875	0.3333333333333333	0.5	0.0	0.09090909090909091	0.18181818181818182	0.4	0.07692307692307693	0.2727272727272727	0.23529411764705882	0.2727272727272727	0.15384615384615385	0.2727272727272727	0.19047619047619047	0.0	0.15789473684210525	0.13636363636363635	0.4375	0.3888888888888889	0.0	0.1	0.2	0.1	0.14285714285714285	0.23529411764705882	
Mourning Dove	0.037037037037037035	0.05263157894736842	0.1111111111111111	0.030303030303030304	0.0	0.1	0.047619047619047616	0.23529411764705882	0.05263157894736842	0.09090909090909091	0.0	0.1111111111111111	0.09090909090909091	0.14814814814814814	0.09090909090909091	0.14285714285714285	0.1111111111111111	0.0	0.125	0.2222222222222222	0.0	0.0	0.0	0.0	0.0	0.0015	0.0	0.09090909090909091	0.09090909090909091	0.06666666666666667	0.07692307692307693	0.09090909090909091	0.058823529411764705	0.0	0.0	0.045454545454545456	0.047619047619047616	0.0	0.05263157894736842	0.22727272727272727	0.1875	0.05555555555555555	0.0	0.05	0.13333333333333333	0.0	0.14285714285714285	0.17647058823529413	
Common Nighthawk	0.0	0.0	0.0	0.0	0.0	0.0	0.0	0.0	0.0	0.0	0.0	0.0	0.0	0.0	0.0	0.0	0.0	0.0	0.0	0.0	0.0	0.0	0.0	0.0	0.0	0.0	0.0	0.0	0.0	0.0	0.0	0.045454545454545456	0.0	0.0	0.0	0.0	0.0	0.0	0.0	0.0	0.0	0.0	0.0	0.0	0.0	0.0	0.0	0.0	
Vaux's Swift	0.0	0.0	0.0	0.0	0.0	0.0	0.0	0.0	0.0	0.0	0.0	0.0	0.0	0.0	0.0	0.0	0.0	0.0	0.0	0.1111111111111111	0.0	0.0	0.0	0.0	0.0	0.0	0.0	0.0	0.0	0.0	0.07692307692307693	0.0	0.058823529411764705	0.0	0.0	0.0	0.047619047619047616	0.0	0.0	0.0	0.0	0.0	0.0	0.0	0.0	0.0	0.0	0.0	
swift sp.	0.0	0.0	0.0	0.0	0.0	0.0	0.0	0.0	0.0	0.0	0.0	0.0	0.0	0.0	0.0	0.0	0.0	0.0	0.125	0.0	0.0	0.0	0.0	0.0	0.0	0.0	0.0	0.0	0.0	0.0	0.0	0.0	0.0	0.0	0.0	0.0	0.0	0.0	0.0	0.0	0.0	0.0	0.0	0.0	0.0	0.0	0.0	0.0	
Anna's Hummingbird	0.1111111111111111	0.05263157894736842	0.05555555555555555	0.18181818181818182	0.08333333333333333	0.1	0.0	0.17647058823529413	0.15789473684210525	0.18181818181818182	0.125	0.14814814814814814	0.0	0.07407407407407407	0.22727272727272727	0.14285714285714285	0.2222222222222222	0.0	0.125	0.2222222222222222	0.0	0.0	0.2	0.0	0.0	0.0	0.0	0.0	0.0	0.0	0.0	0.045454545454545456	0.17647058823529413	0.0	0.07692307692307693	0.18181818181818182	0.14285714285714285	0.125	0.21052631578947367	0.13636363636363635	0.25	0.16666666666666666	0.0	0.15	0.26666666666666666	0.0	0.14285714285714285	0.058823529411764705	
Rufous Hummingbird	0.0	0.0	0.0	0.0	0.0	0.0	0.0	0.0	0.0	0.0	0.0	0.07407407407407407	0.0	0.07407407407407407	0.13636363636363635	0.21428571428571427	0.1111111111111111	0.0	0.0	0.1111111111111111	0.0	0.0	0.0	0.125	0.3333333333333333	0.0	0.0	0.0	0.0	0.0	0.0	0.0	0.0	0.0	0.0	0.0	0.0	0.0	0.0	0.0	0.0	0.0	0.0	0.0	0.0	0.0	0.0	0.0	
hummingbird sp.	0.0	0.0	0.0	0.0	0.0	0.0	0.0	0.0	0.0	0.0	0.0	0.0	0.0	0.0	0.045454545454545456	0.0	0.0	0.0	0.0	0.0	0.0	0.0	0.0	0.0	0.0	0.0	0.0	0.0	0.0	0.0	0.0	0.045454545454545456	0.0	0.0	0.0	0.0	0.0	0.0	0.0	0.0	0.0	0.0	0.0	0.0	0.0	0.0	0.0	0.0	
Virginia Rail	0.0	0.0	0.0	0.0	0.0	0.0	0.0	0.0	0.0	0.0	0.0	0.07407407407407407	0.0	0.07407407407407407	0.045454545454545456	0.0	0.1111111111111111	0.0	0.0	0.0	0.0	0.0	0.0	0.0	0.0	0.0	0.0	0.0	0.0	0.0	0.0	0.0	0.0	0.0	0.0	0.0	0.0	0.0	0.0	0.0	0.0	0.0	0.0	0.0	0.0	0.0	0.0	0.0	
American Coot	0.0	0.0	0.0015	0.0	0.0	0.0	0.0	0.0	0.05263157894736842	0.0	0.0	0.0	0.0	0.0	0.0	0.0	0.0	0.0	0.0	0.0	0.0	0.0	0.0	0.0	0.0	0.0	0.0	0.0	0.0	0.0	0.0	0.0	0.0	0.0	0.0	0.0	0.0	0.0	0.05263157894736842	0.0	0.0	0.0	0.0	0.0	0.0	0.0	0.0015	0.0	
Black Oystercatcher	0.14814814814814814	0.21052631578947367	0.1111111111111111	0.21212121212121213	0.16666666666666666	0.25	0.3333333333333333	0.5294117647058824	0.15789473684210525	0.5454545454545454	0.3125	0.4074074074074074	0.36363636363636365	0.4444444444444444	0.4090909090909091	0.35714285714285715	0.4444444444444444	0.3333333333333333	0.25	0.4444444444444444	0.5	0.4	0.0015	0.0	0.0	0.5	0.6666666666666666	0.13636363636363635	0.18181818181818182	0.2	0.23076923076923078	0.22727272727272727	0.29411764705882354	0.0	0.0	0.0	0.0	0.125	0.0	0.09090909090909091	0.0	0.0015	0.2	0.1	0.13333333333333333	0.0	0.0015	0.17647058823529413	
Black-bellied Plover	0.037037037037037035	0.15789473684210525	0.0	0.0	0.08333333333333333	0.05	0.0	0.0	0.0015	0.0	0.0625	0.0	0.0	0.0	0.0	0.0	0.0	0.0	0.0	0.0	0.0	0.0	0.0	0.0	0.0	0.0	0.0	0.0	0.0	0.0	0.07692307692307693	0.045454545454545456	0.17647058823529413	0.0015	0.0	0.13636363636363635	0.14285714285714285	0.3125	0.21052631578947367	0.13636363636363635	0.3125	0.05555555555555555	0.2	0.1	0.06666666666666667	0.2	0.0	0.11764705882352941	
Killdeer	0.18518518518518517	0.05263157894736842	0.0	0.030303030303030304	0.16666666666666666	0.15	0.09523809523809523	0.11764705882352941	0.10526315789473684	0.18181818181818182	0.125	0.1111111111111111	0.18181818181818182	0.2962962962962963	0.22727272727272727	0.0015	0.2222222222222222	0.0	0.0	0.1111111111111111	0.0	0.2	0.2	0.125	0.0	0.25	0.0	0.18181818181818182	0.2727272727272727	0.2	0.46153846153846156	0.5	0.35294117647058826	0.2727272727272727	0.5384615384615384	0.36363636363636365	0.09523809523809523	0.1875	0.2631578947368421	0.18181818181818182	0.0625	0.0	0.0	0.05	0.06666666666666667	0.0015	0.0	0.0	
Whimbrel	0.0	0.0	0.0	0.0	0.0	0.0	0.0	0.0	0.0	0.0	0.0	0.0	0.0	0.0	0.0015	0.0	0.0	0.0	0.0	0.0	0.0015	0.0	0.0	0.0	0.0	0.0	0.0	0.0	0.0	0.0	0.0	0.045454545454545456	0.0	0.0	0.0	0.0	0.0	0.0	0.0	0.0	0.0	0.0	0.0	0.0	0.0	0.0	0.0	0.0	
Long-billed Curlew	0.0	0.0	0.0	0.0	0.0	0.0	0.0	0.0	0.0	0.0	0.0	0.0	0.0	0.0	0.0	0.0	0.0	0.0	0.0	0.0	0.0	0.0	0.0	0.0	0.0	0.0	0.0	0.0	0.0	0.0	0.0	0.0	0.0015	0.0	0.0	0.0	0.0	0.0	0.0	0.0	0.0	0.0	0.0	0.0	0.0	0.0	0.0	0.0	
Marbled Godwit	0.0	0.05263157894736842	0.0015	0.0015	0.0	0.0	0.0	0.0	0.0	0.0	0.0	0.0	0.09090909090909091	0.0	0.0	0.0	0.0	0.0	0.0	0.0	0.0	0.0	0.0	0.0	0.0	0.0	0.0	0.0015	0.09090909090909091	0.0	0.0	0.0	0.0	0.0	0.0	0.0	0.0	0.0625	0.0	0.0	0.0	0.0015	0.0015	0.0	0.06666666666666667	0.0	0.0	0.0	
Ruddy Turnstone	0.0	0.0	0.0	0.0	0.0	0.0	0.0	0.0	0.0	0.0	0.0	0.0	0.0	0.0	0.0	0.0	0.0	0.0	0.0	0.0	0.0	0.0	0.0	0.0	0.0	0.0	0.0	0.0	0.0	0.0	0.0	0.045454545454545456	0.0	0.0	0.0	0.0	0.0	0.0	0.0	0.0	0.0	0.0	0.0	0.0	0.0	0.0	0.0	0.0	
Black Turnstone	0.0	0.0	0.0	0.0	0.0	0.0	0.0	0.0	0.0	0.0	0.0	0.0	0.0	0.0	0.0	0.0	0.0	0.0	0.0	0.0	0.0	0.0	0.0	0.0	0.0	0.0	0.0	0.0	0.0	0.0	0.0	0.0	0.0	0.0	0.0	0.0	0.0	0.0	0.0	0.0	0.0	0.0	0.13333333333333333	0.05	0.0	0.0	0.0	0.0	
Sanderling	0.0	0.0	0.0	0.0	0.0	0.05	0.0	0.0	0.0	0.0	0.0	0.0	0.0	0.0	0.0	0.0	0.0	0.0	0.0	0.0	0.0	0.0	0.0	0.0	0.0	0.0	0.0	0.0	0.0	0.0	0.0	0.0	0.0	0.0	0.0	0.0	0.0	0.0	0.0	0.0	0.0625	0.05555555555555555	0.0	0.0015	0.0	0.1	0.0	0.0	
Dunlin	0.037037037037037035	0.0015	0.0	0.0	0.0	0.05	0.0	0.0	0.0015	0.0	0.0	0.0	0.09090909090909091	0.0	0.0	0.0	0.0	0.0	0.0	0.0	0.0	0.0	0.0	0.0	0.0	0.0	0.0	0.0	0.0	0.0	0.0	0.0	0.0	0.0	0.0	0.0	0.0	0.0	0.0	0.045454545454545456	0.25	0.3333333333333333	0.0015	0.05	0.2	0.2	0.0	0.0	
Least Sandpiper	0.0	0.0	0.0	0.0	0.0	0.0	0.0	0.0	0.0	0.0	0.0	0.0	0.09090909090909091	0.0	0.0	0.0	0.1111111111111111	0.0	0.0	0.0	0.0	0.0	0.0	0.0625	0.0	0.5	0.0	0.045454545454545456	0.09090909090909091	0.13333333333333333	0.23076923076923078	0.18181818181818182	0.0	0.0	0.0	0.0	0.0	0.0	0.0	0.0	0.0	0.0	0.0	0.0	0.0	0.0	0.0	0.0	
Western Sandpiper	0.0	0.0	0.0	0.0	0.0	0.0	0.047619047619047616	0.0	0.0	0.0	0.0	0.0	0.09090909090909091	0.0	0.0	0.0	0.2222222222222222	0.0	0.0	0.0	0.0	0.0	0.0	0.0	0.0	0.0	0.16666666666666666	0.0	0.0	0.0	0.15384615384615385	0.13636363636363635	0.0	0.0	0.0	0.0	0.0	0.0	0.0	0.0	0.0	0.0	0.0	0.0	0.0	0.0	0.0	0.0	
peep sp.	0.0	0.0	0.0	0.0	0.0	0.0	0.0	0.0	0.0	0.0	0.0	0.0	0.0	0.0	0.0	0.0	0.0	0.0	0.0	0.0	0.0	0.0	0.0	0.0	0.0	0.0	0.0	0.0	0.0	0.06666666666666667	0.0	0.045454545454545456	0.0	0.0	0.0	0.0	0.0	0.0	0.0	0.0	0.0	0.0	0.0	0.0	0.0	0.0	0.0	0.0	
Calidris sp.	0.0	0.0	0.0	0.0	0.0	0.0	0.0	0.0	0.0	0.0	0.0	0.0	0.0	0.0	0.045454545454545456	0.0	0.0	0.0	0.0	0.0	0.0	0.0	0.0	0.0	0.0	0.0	0.0	0.0	0.0	0.0	0.0	0.0	0.0	0.0	0.0	0.0	0.0	0.0	0.0	0.0	0.0	0.0	0.0	0.0	0.0	0.0	0.0	0.0	
Short-billed Dowitcher	0.0	0.0	0.0	0.0	0.0	0.0	0.0	0.0	0.0	0.0	0.0	0.0	0.0	0.0	0.0	0.0	0.0	0.0	0.0	0.0	0.0	0.0	0.0	0.0	0.0	0.0	0.0	0.0	0.0	0.0	0.15384615384615385	0.0	0.0	0.0	0.0	0.0	0.0	0.0	0.0	0.0015	0.0	0.0	0.0	0.0	0.0	0.0	0.0	0.0	
Long-billed Dowitcher	0.037037037037037035	0.0	0.0	0.0	0.0	0.0	0.0	0.0	0.0	0.0	0.0	0.0	0.0	0.0	0.0	0.0	0.0	0.0	0.0	0.0	0.0	0.0	0.0	0.0	0.0	0.0	0.0	0.0	0.0	0.0	0.0	0.0	0.0	0.0	0.0	0.045454545454545456	0.0	0.0625	0.0	0.0	0.0	0.0	0.0	0.0	0.0	0.0	0.0	0.0	
Wilson's Snipe	0.14814814814814814	0.05263157894736842	0.0015	0.12121212121212122	0.0	0.1	0.0	0.0	0.0	0.0	0.0	0.07407407407407407	0.0	0.0015	0.0	0.0	0.0	0.0	0.0	0.0	0.0	0.0	0.0	0.0	0.0	0.0	0.0	0.0	0.0	0.0	0.0	0.0	0.0	0.0	0.0	0.0	0.0	0.0	0.0	0.045454545454545456	0.0015	0.0	0.0	0.0015	0.06666666666666667	0.0015	0.0	0.0	
Red-necked Phalarope	0.0	0.0	0.0	0.0	0.0	0.0	0.0	0.0	0.0	0.0	0.0	0.0	0.0	0.0	0.0	0.0	0.0	0.0	0.0	0.0	0.0	0.0	0.0	0.0	0.0	0.0	0.0	0.0	0.0	0.0	0.0	0.045454545454545456	0.0	0.0	0.0	0.0	0.0	0.0	0.0	0.0	0.0	0.0	0.0	0.0	0.0	0.0	0.0	0.0	
Red Phalarope	0.0	0.0	0.0	0.0	0.0	0.0	0.0	0.0	0.0	0.0	0.0	0.0	0.0	0.0	0.0	0.0	0.0	0.0	0.0	0.0	0.0	0.0	0.0	0.0	0.0	0.0	0.0	0.0	0.0	0.0	0.0	0.0	0.0	0.0	0.0	0.0	0.0	0.0	0.05263157894736842	0.0	0.0	0.0	0.0	0.0015	0.0	0.0	0.0	0.0	
Spotted Sandpiper	0.0	0.0	0.0	0.0	0.0	0.0	0.0	0.0	0.0	0.0	0.0	0.0	0.0	0.0	0.0	0.0	0.1111111111111111	0.0	0.25	0.0	0.0	0.0	0.0	0.0	0.0	0.0	0.0	0.0	0.09090909090909091	0.0	0.0	0.0015	0.0	0.0	0.0	0.0	0.0	0.0	0.0	0.0	0.0	0.0	0.0	0.0	0.0	0.0	0.0	0.0	
Greater Yellowlegs	0.0	0.0	0.0	0.0	0.0	0.0	0.0	0.0	0.0	0.0	0.0	0.0	0.0	0.07407407407407407	0.045454545454545456	0.0	0.0	0.0	0.0	0.0	0.0015	0.0	0.0	0.0	0.0	0.25	0.0	0.045454545454545456	0.0	0.0	0.0	0.0	0.0	0.0	0.0	0.0	0.047619047619047616	0.0	0.0	0.0	0.0	0.0	0.0	0.0	0.0	0.0	0.0	0.0	
Lesser Yellowlegs	0.0	0.0	0.0	0.0	0.0	0.0	0.0	0.0	0.0	0.0	0.0	0.0	0.0	0.0	0.0	0.0	0.0	0.0	0.0	0.0	0.0	0.0	0.0	0.0	0.0	0.0	0.0	0.0	0.0	0.0	0.07692307692307693	0.0	0.0	0.0	0.0	0.0	0.0	0.0	0.0	0.0	0.0	0.0	0.0	0.0	0.0	0.0	0.0	0.0	
Parasitic Jaeger	0.0	0.0	0.0	0.0	0.0	0.0	0.0	0.0	0.0	0.0	0.0	0.0	0.0	0.0	0.0	0.0	0.0	0.0	0.0	0.0	0.0	0.0	0.0	0.0	0.0	0.0	0.0	0.0	0.0	0.0	0.0	0.0	0.0	0.0	0.0	0.0	0.0	0.0	0.05263157894736842	0.0	0.0	0.0	0.0	0.0	0.0	0.0	0.0	0.0	
Common Murre	0.25925925925925924	0.21052631578947367	0.1111111111111111	0.24242424242424243	0.3333333333333333	0.05	0.3333333333333333	0.17647058823529413	0.3684210526315789	0.2727272727272727	0.25	0.2222222222222222	0.09090909090909091	0.14814814814814814	0.22727272727272727	0.0	0.1111111111111111	0.0	0.0	0.0	0.0015	0.4	0.0	0.0	0.0	0.0	0.16666666666666666	0.09090909090909091	0.2727272727272727	0.13333333333333333	0.0	0.13636363636363635	0.17647058823529413	0.0	0.07692307692307693	0.09090909090909091	0.23809523809523808	0.125	0.10526315789473684	0.13636363636363635	0.3125	0.16666666666666666	0.06666666666666667	0.15	0.13333333333333333	0.2	0.14285714285714285	0.29411764705882354	
Pigeon Guillemot	0.6296296296296297	0.8421052631578947	0.5555555555555556	0.6060606060606061	0.6666666666666666	0.6	0.6190476190476191	0.8235294117647058	0.8947368421052632	0.8181818181818182	0.8125	0.5925925925925926	0.9090909090909091	0.7777777777777778	0.9090909090909091	0.7142857142857143	0.4444444444444444	0.6666666666666666	0.625	0.7777777777777778	0.5	1.0	0.6	0.6875	0.3333333333333333	0.25	0.6666666666666666	0.5909090909090909	0.7272727272727273	0.7333333333333333	0.5384615384615384	0.7272727272727273	0.6470588235294118	0.36363636363636365	0.5384615384615384	0.5909090909090909	0.5714285714285714	0.5625	0.47368421052631576	0.5909090909090909	0.8125	0.5555555555555556	0.4	0.6	0.8	0.7	0.42857142857142855	0.5882352941176471	
Marbled Murrelet	0.4074074074074074	0.47368421052631576	0.3888888888888889	0.24242424242424243	0.25	0.25	0.23809523809523808	0.17647058823529413	0.3684210526315789	0.09090909090909091	0.125	0.037037037037037035	0.2727272727272727	0.07407407407407407	0.13636363636363635	0.21428571428571427	0.1111111111111111	0.0	0.125	0.1111111111111111	0.0015	0.0	0.2	0.0625	0.3333333333333333	0.25	0.0	0.09090909090909091	0.0	0.2	0.3076923076923077	0.18181818181818182	0.17647058823529413	0.2727272727272727	0.07692307692307693	0.0	0.23809523809523808	0.1875	0.3157894736842105	0.36363636363636365	0.3125	0.4444444444444444	0.13333333333333333	0.3	0.4666666666666667	0.4	0.14285714285714285	0.23529411764705882	
Ancient Murrelet	0.037037037037037035	0.0	0.0	0.0	0.0	0.0	0.0	0.0	0.0	0.0	0.0	0.0	0.0	0.037037037037037035	0.0	0.0	0.0	0.0	0.0	0.0	0.0	0.0	0.0	0.0	0.0	0.0	0.0	0.0	0.0	0.0	0.0	0.0	0.0	0.0	0.0	0.0	0.0	0.0	0.0	0.0	0.0	0.0	0.0	0.1	0.0	0.0	0.0	0.11764705882352941	
murrelet sp.	0.0	0.0	0.0	0.0	0.0	0.0	0.0	0.0	0.05263157894736842	0.0	0.0	0.0	0.0	0.0	0.0	0.0	0.0	0.0	0.0	0.0	0.0	0.0	0.0	0.0625	0.0	0.0	0.0	0.0	0.0	0.0	0.0	0.0	0.0	0.0	0.0	0.0	0.0	0.0625	0.0	0.0	0.0	0.0	0.0	0.0	0.0	0.0	0.0	0.0	
Cassin's Auklet	0.0	0.0	0.0	0.0	0.0	0.0	0.0	0.0	0.0	0.0	0.0	0.0	0.0	0.0	0.0	0.0	0.0	0.0	0.0	0.1111111111111111	0.0	0.0	0.0	0.0	0.0	0.0	0.0	0.0	0.0	0.0	0.0	0.0	0.0	0.0015	0.0	0.0	0.047619047619047616	0.0	0.0	0.0	0.0	0.0	0.0	0.0	0.0	0.0015	0.0	0.0	
Rhinoceros Auklet	0.037037037037037035	0.0	0.0	0.030303030303030304	0.25	0.05	0.19047619047619047	0.29411764705882354	0.3684210526315789	0.2727272727272727	0.5	0.37037037037037035	0.45454545454545453	0.5555555555555556	0.7272727272727273	0.21428571428571427	0.2222222222222222	0.0	0.25	0.2222222222222222	0.0015	0.6	0.2	0.3125	0.3333333333333333	0.25	0.3333333333333333	0.5909090909090909	0.36363636363636365	0.4	0.07692307692307693	0.2727272727272727	0.23529411764705882	0.09090909090909091	0.15384615384615385	0.09090909090909091	0.3333333333333333	0.125	0.05263157894736842	0.045454545454545456	0.0625	0.16666666666666666	0.0	0.1	0.0	0.0	0.0	0.058823529411764705	
Tufted Puffin	0.0	0.0	0.0	0.0	0.0	0.0	0.0	0.0	0.0	0.0	0.0	0.0	0.0	0.0	0.0	0.0	0.0	0.0	0.0	0.0	0.0	0.0	0.0	0.0	0.0	0.0	0.16666666666666666	0.0	0.0	0.0	0.0	0.0	0.0	0.0	0.0	0.0	0.0	0.0	0.0	0.0	0.0	0.0	0.0	0.0	0.0	0.0	0.0	0.0	
Black-legged Kittiwake	0.0	0.0	0.0	0.0	0.0	0.0	0.0	0.0	0.0	0.0	0.0	0.0	0.0	0.0	0.0	0.0	0.0	0.0	0.0	0.0	0.0	0.0	0.0	0.0	0.0	0.0	0.0	0.0	0.0	0.0	0.0	0.0	0.0	0.0	0.0	0.0	0.0	0.0	0.0	0.0	0.0	0.0	0.06666666666666667	0.05	0.0	0.0	0.0	0.0	
Bonaparte's Gull	0.0	0.0015	0.0	0.0	0.0	0.0	0.0	0.0	0.05263157894736842	0.0	0.0	0.0	0.0	0.07407407407407407	0.0015	0.0	0.0	0.0	0.0	0.0	0.0	0.0	0.0	0.0	0.0	0.0	0.0	0.13636363636363635	0.18181818181818182	0.06666666666666667	0.0	0.13636363636363635	0.47058823529411764	0.18181818181818182	0.15384615384615385	0.13636363636363635	0.09523809523809523	0.1875	0.10526315789473684	0.4090909090909091	0.1875	0.4444444444444444	0.13333333333333333	0.1	0.06666666666666667	0.1	0.0	0.058823529411764705	
Franklin's Gull	0.0	0.0	0.0	0.0	0.0	0.0	0.0	0.0	0.0	0.0	0.0	0.0	0.0	0.0	0.0	0.0	0.0	0.0	0.0	0.0	0.0	0.0	0.0	0.0	0.0	0.0	0.0	0.0	0.0	0.0	0.0	0.09090909090909091	0.35294117647058826	0.0015	0.0	0.0	0.0	0.0	0.0015	0.0	0.0	0.0	0.0	0.0	0.0	0.0	0.0	0.0	
Heermann's Gull	0.0	0.0	0.0	0.0	0.0	0.0	0.0	0.0	0.0	0.0	0.0	0.0	0.0	0.0	0.0	0.0	0.0	0.0	0.0	0.0	0.0015	0.0	0.2	0.1875	0.3333333333333333	0.5	0.5	0.6818181818181818	0.7272727272727273	0.5333333333333333	0.6923076923076923	0.8636363636363636	0.7647058823529411	0.6363636363636364	0.7692307692307693	0.6363636363636364	0.7142857142857143	1.0	0.8947368421052632	0.7727272727272727	0.3125	0.0	0.0	0.0	0.0	0.0	0.0	0.0	
Mew Gull	0.8148148148148148	0.7894736842105263	0.6666666666666666	0.5757575757575758	0.5833333333333334	0.45	0.5714285714285714	0.6470588235294118	0.5263157894736842	0.5454545454545454	0.4375	0.2962962962962963	0.45454545454545453	0.25925925925925924	0.2727272727272727	0.14285714285714285	0.0	0.0	0.0	0.0	0.0	0.0	0.0	0.0	0.3333333333333333	0.25	0.16666666666666666	0.13636363636363635	0.45454545454545453	0.3333333333333333	0.5384615384615384	0.8636363636363636	0.7058823529411765	0.6363636363636364	0.5384615384615384	0.5909090909090909	0.6190476190476191	0.625	0.5789473684210527	0.7272727272727273	0.8125	0.8333333333333334	0.4666666666666667	0.75	0.7333333333333333	0.7	0.5714285714285714	0.7058823529411765	
Ring-billed Gull	0.037037037037037035	0.0	0.05555555555555555	0.06060606060606061	0.0	0.05	0.047619047619047616	0.058823529411764705	0.0	0.0	0.0625	0.037037037037037035	0.0	0.0	0.0	0.0	0.0	0.0	0.125	0.0	0.0	0.0	0.0	0.0625	0.0	0.25	0.5	0.2727272727272727	0.5454545454545454	0.6	0.46153846153846156	0.7272727272727273	0.5294117647058824	0.36363636363636365	0.23076923076923078	0.22727272727272727	0.14285714285714285	0.25	0.0	0.09090909090909091	0.0	0.1111111111111111	0.0	0.0015	0.0	0.0	0.0015	0.058823529411764705	
Western Gull	0.037037037037037035	0.3157894736842105	0.16666666666666666	0.24242424242424243	0.16666666666666666	0.1	0.2857142857142857	0.11764705882352941	0.15789473684210525	0.0	0.0625	0.1111111111111111	0.09090909090909091	0.1111111111111111	0.2727272727272727	0.14285714285714285	0.0	0.0	0.0	0.3333333333333333	0.0	0.2	0.0	0.1875	0.0	0.0	0.3333333333333333	0.09090909090909091	0.0	0.13333333333333333	0.07692307692307693	0.09090909090909091	0.058823529411764705	0.09090909090909091	0.07692307692307693	0.09090909090909091	0.047619047619047616	0.0	0.10526315789473684	0.09090909090909091	0.0625	0.0	0.0	0.25	0.13333333333333333	0.2	0.14285714285714285	0.17647058823529413	
California Gull	0.1111111111111111	0.0	0.0	0.030303030303030304	0.0	0.0	0.047619047619047616	0.058823529411764705	0.0	0.0	0.0	0.0	0.0	0.037037037037037035	0.0	0.0	0.0	0.0	0.0	0.2222222222222222	0.0	0.0	0.0	0.125	0.3333333333333333	0.5	0.16666666666666666	0.45454545454545453	0.5454545454545454	0.5333333333333333	0.6923076923076923	0.7727272727272727	0.5294117647058824	0.5454545454545454	0.38461538461538464	0.5	0.5238095238095238	0.5	0.3157894736842105	0.5909090909090909	0.375	0.2777777777777778	0.2	0.05	0.0	0.3	0.0	0.058823529411764705	
Herring Gull	0.07407407407407407	0.10526315789473684	0.05555555555555555	0.0	0.0	0.05	0.047619047619047616	0.11764705882352941	0.0	0.0	0.0625	0.037037037037037035	0.0	0.0	0.0	0.07142857142857142	0.0	0.0	0.0	0.0	0.0	0.0	0.0	0.0	0.0	0.0	0.0	0.0	0.0	0.0	0.07692307692307693	0.0	0.11764705882352941	0.0	0.0	0.13636363636363635	0.09523809523809523	0.125	0.05263157894736842	0.045454545454545456	0.0625	0.05555555555555555	0.06666666666666667	0.0	0.0	0.2	0.0	0.058823529411764705	
Iceland Gull	0.0	0.05263157894736842	0.05555555555555555	0.030303030303030304	0.0015	0.05	0.0	0.11764705882352941	0.0	0.09090909090909091	0.0625	0.037037037037037035	0.0	0.0	0.0	0.14285714285714285	0.0	0.0	0.0	0.0	0.0	0.0	0.0	0.0	0.0	0.0	0.0	0.0	0.0	0.0	0.0	0.0	0.058823529411764705	0.0	0.0	0.045454545454545456	0.0	0.0	0.0	0.0	0.0	0.05555555555555555	0.13333333333333333	0.05	0.0	0.0	0.0	0.11764705882352941	
Herring/Iceland Gull	0.037037037037037035	0.05263157894736842	0.0	0.0	0.0	0.0	0.0	0.0	0.0	0.0	0.0	0.0	0.0	0.0	0.0	0.0	0.0	0.0	0.0	0.0	0.0	0.0	0.0	0.0	0.0	0.0	0.0	0.0	0.0	0.0	0.0	0.0	0.0	0.0	0.0	0.0	0.0	0.0	0.0	0.0	0.0	0.0	0.06666666666666667	0.0	0.0	0.0	0.0	0.0	
Glaucous-winged Gull	0.7407407407407407	0.7894736842105263	0.8333333333333334	0.6060606060606061	0.5833333333333334	0.65	0.47619047619047616	0.7647058823529411	0.631578947368421	0.7272727272727273	0.5625	0.6666666666666666	0.2727272727272727	0.7407407407407407	0.7272727272727273	0.6428571428571429	0.6666666666666666	1.0	0.5	0.2222222222222222	0.5	0.4	0.6	0.4375	0.6666666666666666	0.25	0.8333333333333334	0.6363636363636364	1.0	0.6666666666666666	0.7692307692307693	0.7727272727272727	0.7058823529411765	0.7272727272727273	0.6153846153846154	0.6818181818181818	0.7142857142857143	0.875	0.631578947368421	0.7727272727272727	0.8125	0.6111111111111112	0.6666666666666666	0.7	0.8	0.9	0.42857142857142855	0.7647058823529411	
Western x Glaucous-winged Gull (hybrid)	0.18518518518518517	0.21052631578947367	0.3888888888888889	0.30303030303030304	0.25	0.1	0.2857142857142857	0.23529411764705882	0.05263157894736842	0.45454545454545453	0.3125	0.2222222222222222	0.5454545454545454	0.25925925925925924	0.3181818181818182	0.14285714285714285	0.1111111111111111	0.3333333333333333	0.125	0.2222222222222222	0.0015	0.0	0.0	0.0625	0.0	0.25	0.16666666666666666	0.13636363636363635	0.0	0.2	0.15384615384615385	0.09090909090909091	0.11764705882352941	0.18181818181818182	0.3076923076923077	0.2727272727272727	0.19047619047619047	0.0	0.42105263157894735	0.4090909090909091	0.3125	0.3333333333333333	0.13333333333333333	0.25	0.3333333333333333	0.2	0.14285714285714285	0.23529411764705882	
Herring x Glaucous-winged Gull (hybrid)	0.0	0.0	0.0	0.030303030303030304	0.0	0.0	0.0	0.0	0.0	0.0	0.0	0.037037037037037035	0.0	0.0	0.0	0.0	0.0	0.0	0.0	0.0	0.0	0.0	0.0	0.0	0.0	0.0	0.0	0.0	0.0	0.0	0.0	0.0	0.0	0.0	0.0	0.0	0.0	0.0	0.0	0.0	0.0	0.0	0.06666666666666667	0.0	0.0	0.0	0.0	0.0	
Western/Glaucous-winged Gull	0.1111111111111111	0.15789473684210525	0.1111111111111111	0.30303030303030304	0.16666666666666666	0.05	0.23809523809523808	0.058823529411764705	0.15789473684210525	0.0	0.25	0.037037037037037035	0.18181818181818182	0.037037037037037035	0.09090909090909091	0.0	0.0	0.0	0.125	0.0	0.0	0.0	0.4	0.125	0.0	0.25	0.3333333333333333	0.0	0.09090909090909091	0.2	0.15384615384615385	0.13636363636363635	0.17647058823529413	0.09090909090909091	0.0	0.09090909090909091	0.047619047619047616	0.0	0.10526315789473684	0.045454545454545456	0.0625	0.05555555555555555	0.06666666666666667	0.1	0.06666666666666667	0.0	0.0	0.11764705882352941	
Glaucous Gull	0.0	0.0	0.0	0.030303030303030304	0.08333333333333333	0.0	0.0	0.0	0.0	0.0	0.0	0.0	0.0	0.0	0.0	0.0	0.0	0.0	0.0	0.0	0.0	0.0	0.0	0.0	0.0	0.0	0.0	0.0	0.0	0.0	0.0	0.0	0.0	0.0	0.0	0.0	0.0	0.0	0.0	0.0	0.0	0.0	0.0	0.0	0.0	0.0	0.0	0.0	
Larus sp.	0.1111111111111111	0.10526315789473684	0.1111111111111111	0.12121212121212122	0.08333333333333333	0.1	0.047619047619047616	0.058823529411764705	0.15789473684210525	0.0	0.125	0.1111111111111111	0.0	0.1111111111111111	0.09090909090909091	0.07142857142857142	0.3333333333333333	0.0	0.0	0.0	0.0	0.0	0.4	0.1875	0.3333333333333333	0.25	0.0	0.0	0.0	0.13333333333333333	0.07692307692307693	0.045454545454545456	0.17647058823529413	0.0	0.0	0.09090909090909091	0.09523809523809523	0.125	0.3157894736842105	0.18181818181818182	0.375	0.2222222222222222	0.26666666666666666	0.25	0.06666666666666667	0.0	0.14285714285714285	0.11764705882352941	
gull sp.	0.4074074074074074	0.3157894736842105	0.1111111111111111	0.15151515151515152	0.08333333333333333	0.4	0.09523809523809523	0.29411764705882354	0.15789473684210525	0.18181818181818182	0.125	0.4444444444444444	0.09090909090909091	0.07407407407407407	0.2727272727272727	0.35714285714285715	0.0	0.0	0.25	0.5555555555555556	0.0	0.0	0.2	0.125	0.0	0.5	0.3333333333333333	0.2727272727272727	0.18181818181818182	0.06666666666666667	0.23076923076923078	0.36363636363636365	0.4117647058823529	0.36363636363636365	0.23076923076923078	0.18181818181818182	0.23809523809523808	0.3125	0.10526315789473684	0.22727272727272727	0.25	0.2222222222222222	0.3333333333333333	0.3	0.4	0.5	0.0	0.23529411764705882	
Caspian Tern	0.0	0.0	0.0	0.0	0.0	0.0	0.0	0.0	0.0	0.0	0.0	0.0	0.0	0.0	0.045454545454545456	0.0	0.1111111111111111	0.0	0.125	0.1111111111111111	0.0015	0.2	0.0	0.0	0.3333333333333333	0.0	0.3333333333333333	0.045454545454545456	0.09090909090909091	0.2	0.07692307692307693	0.045454545454545456	0.11764705882352941	0.0	0.0	0.0	0.0	0.0	0.0	0.0	0.0	0.0	0.0	0.0	0.0	0.0	0.0	0.0	
Common Tern	0.0	0.0	0.0	0.0	0.0	0.0	0.0	0.0	0.0	0.0	0.0	0.0	0.0	0.0	0.0	0.0	0.0	0.0	0.0	0.0	0.0	0.0	0.0	0.0	0.0	0.0	0.0	0.0	0.0	0.0	0.0	0.0	0.0	0.0	0.0	0.0015	0.047619047619047616	0.0	0.0015	0.045454545454545456	0.0	0.0	0.0	0.0	0.0	0.0	0.0	0.0	
Arctic Tern	0.0	0.0	0.0	0.0	0.0	0.0	0.0	0.0	0.0	0.0	0.0	0.0	0.0	0.0	0.0	0.0	0.0	0.0	0.0	0.0	0.0	0.0	0.0	0.0	0.0	0.0	0.0	0.0	0.0	0.0	0.0	0.0	0.0	0.09090909090909091	0.0	0.0	0.0	0.0	0.0	0.0	0.0	0.0	0.0	0.0	0.0	0.0	0.0	0.0	
Elegant Tern	0.0	0.0	0.0	0.0	0.0	0.0	0.0	0.0	0.0	0.0	0.0	0.0	0.0	0.0	0.0	0.0	0.0	0.0	0.0	0.0	0.0	0.0	0.0	0.0	0.0	0.0	0.0	0.0	0.0	0.0	0.0	0.0	0.0	0.0015	0.0	0.0	0.0	0.0	0.0	0.0	0.0	0.0	0.0	0.0	0.0	0.0	0.0	0.0	
Red-throated Loon	0.07407407407407407	0.05263157894736842	0.05555555555555555	0.09090909090909091	0.0	0.0	0.09523809523809523	0.0	0.0015	0.0	0.0625	0.07407407407407407	0.0015	0.07407407407407407	0.0	0.0	0.0	0.0	0.0	0.0	0.0	0.2	0.0	0.0	0.0	0.0	0.0	0.0	0.0	0.0	0.0	0.0	0.0	0.0	0.0	0.0	0.047619047619047616	0.0625	0.05263157894736842	0.0	0.0	0.1111111111111111	0.06666666666666667	0.15	0.06666666666666667	0.1	0.0015	0.11764705882352941	
Pacific Loon	0.037037037037037035	0.10526315789473684	0.1111111111111111	0.12121212121212122	0.16666666666666666	0.1	0.047619047619047616	0.11764705882352941	0.15789473684210525	0.09090909090909091	0.0625	0.037037037037037035	0.0	0.0	0.0	0.0	0.0	0.0	0.0	0.0	0.0	0.0	0.0	0.0	0.0	0.0	0.0	0.045454545454545456	0.09090909090909091	0.0	0.07692307692307693	0.0	0.0	0.0	0.0	0.045454545454545456	0.14285714285714285	0.0015	0.0	0.09090909090909091	0.0625	0.05555555555555555	0.2	0.05	0.06666666666666667	0.2	0.0	0.058823529411764705	
Common Loon	0.1111111111111111	0.21052631578947367	0.16666666666666666	0.18181818181818182	0.08333333333333333	0.2	0.2857142857142857	0.11764705882352941	0.05263157894736842	0.09090909090909091	0.0625	0.1111111111111111	0.18181818181818182	0.1111111111111111	0.13636363636363635	0.21428571428571427	0.1111111111111111	0.0	0.0	0.0	0.0	0.0	0.0	0.0	0.0	0.0	0.0	0.0	0.0	0.0	0.07692307692307693	0.045454545454545456	0.11764705882352941	0.18181818181818182	0.23076923076923078	0.4090909090909091	0.42857142857142855	0.5	0.42105263157894735	0.5	0.25	0.2777777777777778	0.13333333333333333	0.15	0.2	0.3	0.0015	0.058823529411764705	
Yellow-billed Loon	0.0	0.0	0.0	0.0	0.08333333333333333	0.05	0.0015	0.11764705882352941	0.0015	0.18181818181818182	0.0	0.0015	0.0	0.0	0.0	0.0	0.0	0.0	0.0	0.0	0.0	0.0	0.0	0.0	0.0	0.0	0.0	0.0	0.0	0.0	0.0	0.0	0.0	0.0	0.0	0.0	0.047619047619047616	0.0	0.0	0.0	0.0625	0.0	0.0	0.0015	0.0015	0.0	0.0	0.058823529411764705	
loon sp.	0.037037037037037035	0.05263157894736842	0.0	0.030303030303030304	0.0	0.0	0.047619047619047616	0.0	0.0	0.0	0.0	0.0	0.0	0.0	0.0	0.0	0.0	0.0	0.0	0.0	0.0	0.0	0.0	0.0	0.0	0.0	0.0	0.0	0.0	0.0	0.0	0.0	0.0	0.0	0.0	0.0	0.0	0.0625	0.0	0.0	0.0	0.0	0.06666666666666667	0.0	0.0	0.0	0.0	0.0	
Brandt's Cormorant	0.07407407407407407	0.05263157894736842	0.1111111111111111	0.09090909090909091	0.0	0.0	0.09523809523809523	0.11764705882352941	0.05263157894736842	0.09090909090909091	0.25	0.0	0.09090909090909091	0.037037037037037035	0.0015	0.0	0.0	0.0	0.125	0.0	0.0	0.0	0.0	0.0	0.0	0.0	0.0	0.0	0.0	0.0	0.07692307692307693	0.045454545454545456	0.0	0.0	0.07692307692307693	0.045454545454545456	0.047619047619047616	0.0015	0.15789473684210525	0.045454545454545456	0.0	0.0	0.06666666666666667	0.0	0.0	0.0	0.0015	0.058823529411764705	
Pelagic Cormorant	0.48148148148148145	0.47368421052631576	0.5555555555555556	0.5151515151515151	0.5	0.45	0.47619047619047616	0.5294117647058824	0.631578947368421	0.5454545454545454	0.375	0.48148148148148145	0.6363636363636364	0.5555555555555556	0.6818181818181818	0.2857142857142857	0.2222222222222222	0.0	0.125	0.0	0.0015	0.2	0.0	0.125	0.0	0.0015	0.0	0.13636363636363635	0.0	0.0	0.07692307692307693	0.0015	0.058823529411764705	0.09090909090909091	0.23076923076923078	0.18181818181818182	0.38095238095238093	0.1875	0.2631578947368421	0.4090909090909091	0.5	0.3888888888888889	0.2	0.45	0.5333333333333333	0.6	0.14285714285714285	0.4117647058823529	
Double-crested Cormorant	0.6666666666666666	0.7368421052631579	0.7222222222222222	0.8484848484848485	0.6666666666666666	0.6	0.6666666666666666	0.7647058823529411	0.47368421052631576	0.7272727272727273	0.6875	0.5925925925925926	0.8181818181818182	0.4074074074074074	0.5	0.42857142857142855	0.4444444444444444	0.0	0.25	0.0	0.0015	0.2	0.2	0.1875	0.0	0.0	0.0	0.045454545454545456	0.09090909090909091	0.13333333333333333	0.0	0.045454545454545456	0.17647058823529413	0.18181818181818182	0.38461538461538464	0.2727272727272727	0.38095238095238093	0.5	0.5263157894736842	0.6818181818181818	0.875	0.6666666666666666	0.6	0.85	0.7333333333333333	0.9	0.8571428571428571	0.6470588235294118	
cormorant sp.	0.0	0.10526315789473684	0.0	0.030303030303030304	0.0	0.05	0.047619047619047616	0.058823529411764705	0.05263157894736842	0.09090909090909091	0.0	0.0	0.0	0.0	0.22727272727272727	0.07142857142857142	0.0	0.0	0.125	0.0	0.0	0.0	0.0	0.0625	0.0	0.0	0.0	0.0	0.0	0.0	0.07692307692307693	0.09090909090909091	0.0	0.09090909090909091	0.07692307692307693	0.045454545454545456	0.0	0.0	0.05263157894736842	0.0	0.0	0.0	0.13333333333333333	0.0	0.0	0.0	0.0	0.058823529411764705	
American White Pelican	0.0	0.0	0.0	0.0	0.0	0.0	0.0	0.0	0.0	0.0	0.0	0.0	0.0	0.0	0.0	0.0	0.0	0.0	0.0	0.0	0.0	0.0	0.0	0.0	0.3333333333333333	0.0	0.0	0.0	0.0	0.0	0.0	0.0	0.0	0.0	0.0	0.0	0.0	0.0	0.0	0.0	0.0	0.0	0.0	0.0	0.0	0.0	0.0	0.0	
American Bittern	0.0	0.0	0.0	0.0	0.0	0.0	0.0	0.058823529411764705	0.0	0.0	0.0	0.0	0.0	0.0	0.0	0.0	0.0	0.0	0.0	0.0	0.0	0.0	0.0	0.0	0.0	0.0	0.0	0.0	0.0	0.0	0.0	0.0	0.0	0.0	0.0	0.0	0.0	0.0	0.0	0.0	0.0	0.0	0.0	0.0	0.0	0.0	0.0	0.0	
Great Blue Heron	0.48148148148148145	0.5263157894736842	0.6111111111111112	0.6363636363636364	0.5833333333333334	0.6	0.5238095238095238	0.5882352941176471	0.6842105263157895	0.36363636363636365	0.5	0.48148148148148145	0.36363636363636365	0.2962962962962963	0.45454545454545453	0.42857142857142855	0.2222222222222222	0.6666666666666666	0.125	0.4444444444444444	0.5	0.4	0.8	0.5	0.6666666666666666	0.0015	0.6666666666666666	0.36363636363636365	0.5454545454545454	0.6	0.5384615384615384	0.6818181818181818	0.47058823529411764	0.45454545454545453	0.5384615384615384	0.5454545454545454	0.6666666666666666	0.5	0.7368421052631579	0.5909090909090909	0.5	0.5	0.6	0.45	0.6666666666666666	0.6	0.5714285714285714	0.47058823529411764	
Green Heron	0.0	0.0	0.0	0.0	0.0	0.0	0.0	0.0	0.0	0.0	0.0	0.0	0.0	0.0	0.0	0.0	0.0	0.0	0.0	0.0	0.0	0.0	0.0	0.0	0.0	0.0	0.0	0.0	0.0	0.0	0.0	0.0	0.0	0.0	0.0	0.0	0.0	0.0	0.0	0.0	0.0	0.05555555555555555	0.0	0.0	0.0	0.0	0.0	0.0	
Turkey Vulture	0.0	0.0	0.0	0.0	0.0	0.0	0.0	0.0	0.0	0.0	0.25	0.037037037037037035	0.0	0.037037037037037035	0.045454545454545456	0.0	0.1111111111111111	0.0	0.25	0.1111111111111111	0.0	0.0	0.2	0.0	0.0	0.0	0.0	0.0	0.09090909090909091	0.06666666666666667	0.15384615384615385	0.0	0.0	0.18181818181818182	0.07692307692307693	0.0	0.0	0.0	0.0	0.0	0.0	0.0	0.0	0.0	0.0	0.0	0.0	0.0	
Osprey	0.0	0.0	0.0	0.0	0.0	0.0	0.0	0.0	0.0	0.0	0.0	0.0	0.0	0.0	0.0	0.0	0.1111111111111111	0.0	0.125	0.1111111111111111	0.0	0.0	0.0	0.0	0.0	0.0	0.0	0.0	0.0	0.0	0.0	0.0	0.0	0.0	0.0	0.045454545454545456	0.0	0.0	0.0	0.0	0.0	0.0	0.0	0.0	0.0	0.2	0.0	0.0	
Northern Harrier	0.0	0.0	0.0	0.0	0.0	0.0	0.047619047619047616	0.0	0.0	0.18181818181818182	0.0	0.0	0.0	0.0	0.0	0.0	0.0	0.0	0.0	0.0	0.0	0.0	0.0	0.0	0.0	0.0	0.0	0.0	0.0	0.0	0.0	0.0	0.0	0.0	0.0	0.0	0.047619047619047616	0.0625	0.05263157894736842	0.0	0.0015	0.05555555555555555	0.0	0.0015	0.06666666666666667	0.0	0.0	0.058823529411764705	
Sharp-shinned Hawk	0.037037037037037035	0.0	0.0	0.030303030303030304	0.0	0.05	0.0	0.0	0.05263157894736842	0.0	0.0	0.0	0.0	0.0	0.0	0.0	0.0	0.3333333333333333	0.0	0.0	0.0	0.0	0.0	0.0	0.0	0.0	0.0	0.0	0.0	0.0	0.0	0.0	0.0	0.0	0.0	0.0	0.0	0.0	0.0	0.0	0.0625	0.05555555555555555	0.0	0.0	0.0	0.0	0.0	0.0	
Cooper's Hawk	0.0	0.0015	0.05555555555555555	0.06060606060606061	0.0	0.0	0.0	0.058823529411764705	0.0	0.0	0.0	0.0	0.0	0.037037037037037035	0.0	0.0	0.0	0.0	0.0	0.0	0.0	0.0	0.0	0.0	0.0	0.0	0.0	0.0	0.0	0.0	0.07692307692307693	0.0	0.11764705882352941	0.0	0.0	0.045454545454545456	0.0015	0.0	0.05263157894736842	0.045454545454545456	0.125	0.05555555555555555	0.06666666666666667	0.05	0.0	0.0	0.0	0.0	
Sharp-shinned/Cooper's Hawk	0.0	0.0	0.0	0.0	0.0	0.05	0.0	0.0	0.0	0.0	0.0	0.0	0.0	0.0	0.0	0.0	0.0	0.0	0.0	0.0	0.0	0.0	0.0	0.0	0.0	0.0	0.0	0.0	0.0	0.0	0.0	0.0	0.058823529411764705	0.0	0.0	0.0	0.0	0.0	0.0	0.0	0.0	0.0	0.0	0.0	0.0	0.0	0.0	0.0	
Northern Goshawk	0.0	0.0	0.0	0.0	0.0	0.0	0.0	0.0	0.0	0.0	0.0	0.0	0.0	0.0	0.0	0.0	0.0	0.0	0.0	0.0	0.0	0.0	0.0	0.0	0.0	0.0	0.0	0.0	0.0	0.0	0.0	0.0	0.0	0.0	0.0	0.0	0.0	0.0	0.0	0.0	0.0	0.0	0.0	0.0	0.0	0.0	0.0	0.058823529411764705	
Accipiter sp.	0.0	0.0	0.0	0.0	0.0	0.0	0.0	0.0	0.0	0.0	0.0	0.0	0.0	0.0	0.0	0.0	0.0	0.0	0.0	0.0	0.0	0.0	0.0	0.0	0.0	0.0	0.0	0.0	0.0	0.0	0.0	0.0	0.0	0.0	0.0	0.0	0.0	0.0	0.0	0.045454545454545456	0.0	0.0	0.0	0.0	0.0	0.0	0.0	0.0	
Bald Eagle	0.1111111111111111	0.3684210526315789	0.2777777777777778	0.48484848484848486	0.4166666666666667	0.45	0.6666666666666666	0.47058823529411764	0.3157894736842105	0.5454545454545454	0.3125	0.48148148148148145	0.6363636363636364	0.25925925925925924	0.36363636363636365	0.2857142857142857	0.2222222222222222	0.0015	0.125	0.3333333333333333	0.5	0.2	0.2	0.0	0.0	0.0	0.16666666666666666	0.18181818181818182	0.18181818181818182	0.2	0.07692307692307693	0.18181818181818182	0.0	0.0	0.15384615384615385	0.13636363636363635	0.19047619047619047	0.25	0.2631578947368421	0.36363636363636365	0.3125	0.2777777777777778	0.2	0.4	0.4666666666666667	0.6	0.2857142857142857	0.6470588235294118	
Red-tailed Hawk	0.2222222222222222	0.10526315789473684	0.0	0.030303030303030304	0.08333333333333333	0.1	0.047619047619047616	0.058823529411764705	0.05263157894736842	0.09090909090909091	0.0625	0.037037037037037035	0.09090909090909091	0.037037037037037035	0.045454545454545456	0.07142857142857142	0.1111111111111111	0.0	0.0	0.0	0.0	0.0	0.0	0.0	0.3333333333333333	0.0	0.0	0.0	0.0	0.13333333333333333	0.0	0.045454545454545456	0.058823529411764705	0.0	0.0	0.0	0.09523809523809523	0.0	0.15789473684210525	0.13636363636363635	0.125	0.16666666666666666	0.06666666666666667	0.1	0.13333333333333333	0.1	0.0	0.29411764705882354	
Rough-legged Hawk	0.0	0.0	0.05555555555555555	0.0	0.0	0.0	0.0	0.0	0.0	0.0	0.0	0.0	0.0	0.0	0.0	0.0	0.0	0.0	0.0	0.0	0.0	0.0	0.0	0.0	0.0	0.0	0.0	0.0	0.0	0.0	0.0	0.0	0.0	0.0	0.0	0.0	0.0	0.0	0.0	0.0	0.0	0.0	0.0	0.0	0.0	0.0	0.0	0.0	
Barred Owl	0.0	0.0	0.0	0.0	0.0	0.0	0.047619047619047616	0.0	0.0	0.0	0.0	0.0	0.0	0.0	0.0	0.0	0.0	0.0	0.0	0.0	0.0	0.0	0.0	0.0	0.0	0.0	0.0	0.0	0.0	0.0	0.0	0.0	0.0	0.0	0.0	0.0	0.0	0.0	0.0	0.0	0.0	0.0	0.0	0.0	0.0	0.0	0.0	0.0	
Short-eared Owl	0.0	0.0	0.0	0.0	0.0	0.0	0.047619047619047616	0.0	0.0	0.0	0.0	0.0	0.0	0.0	0.0	0.0	0.0	0.0	0.0	0.0	0.0	0.0	0.0	0.0	0.0	0.0	0.0	0.0	0.0	0.0	0.0	0.0	0.0	0.0	0.0	0.0	0.0	0.0	0.0	0.0	0.0	0.0	0.0	0.0	0.0	0.0	0.0	0.0	
Belted Kingfisher	0.48148148148148145	0.631578947368421	0.5555555555555556	0.5454545454545454	0.5833333333333334	0.75	0.7619047619047619	0.5882352941176471	0.5263157894736842	0.8181818181818182	0.5625	0.5555555555555556	0.6363636363636364	0.5185185185185185	0.7727272727272727	0.42857142857142855	0.5555555555555556	0.6666666666666666	0.25	0.4444444444444444	0.0015	0.6	0.0	0.4375	0.3333333333333333	0.75	0.3333333333333333	0.5	0.8181818181818182	0.7333333333333333	0.8461538461538461	0.7272727272727273	0.8823529411764706	0.5454545454545454	0.6923076923076923	0.7272727272727273	0.7142857142857143	0.625	0.7894736842105263	0.8181818181818182	0.4375	0.9444444444444444	0.7333333333333333	0.75	0.6	0.9	0.42857142857142855	0.6470588235294118	
Red-breasted Sapsucker	0.037037037037037035	0.05263157894736842	0.0	0.030303030303030304	0.0	0.0	0.0	0.0	0.0	0.0	0.0625	0.037037037037037035	0.0	0.037037037037037035	0.045454545454545456	0.0	0.0015	0.0	0.0	0.1111111111111111	0.0	0.0	0.0	0.0	0.0	0.0	0.0	0.045454545454545456	0.0	0.0	0.0	0.045454545454545456	0.058823529411764705	0.0	0.0015	0.09090909090909091	0.0	0.0625	0.15789473684210525	0.0	0.0625	0.0	0.0	0.0	0.0	0.0	0.0	0.058823529411764705	
Downy Woodpecker	0.0	0.0	0.0015	0.0	0.0	0.0	0.0	0.0	0.0	0.0	0.0625	0.0	0.0	0.0	0.045454545454545456	0.0	0.0015	0.0	0.0	0.1111111111111111	0.0	0.0	0.0	0.0	0.0	0.0	0.0	0.0	0.09090909090909091	0.0	0.0	0.0	0.0	0.09090909090909091	0.0	0.045454545454545456	0.047619047619047616	0.0625	0.0	0.045454545454545456	0.0625	0.05555555555555555	0.0	0.0	0.0	0.0	0.0	0.11764705882352941	
Hairy Woodpecker	0.037037037037037035	0.0	0.05555555555555555	0.0	0.0	0.05	0.0	0.0	0.0	0.0	0.0625	0.0	0.0	0.0	0.0015	0.0	0.1111111111111111	0.0	0.0	0.0	0.0	0.0	0.0	0.0	0.0	0.0	0.0	0.0	0.0	0.0	0.0	0.0	0.0	0.0	0.0	0.09090909090909091	0.0	0.0	0.05263157894736842	0.0	0.0	0.0	0.0	0.05	0.0	0.0	0.0	0.11764705882352941	
Pileated Woodpecker	0.0	0.0	0.0	0.0	0.0	0.0	0.047619047619047616	0.11764705882352941	0.05263157894736842	0.0	0.0	0.0	0.0	0.0	0.0015	0.0	0.0	0.0	0.0	0.0015	0.0	0.0	0.0	0.0	0.0	0.0	0.0	0.0	0.0	0.0	0.0	0.0	0.0	0.09090909090909091	0.0	0.0	0.0	0.0	0.0	0.0	0.0	0.0	0.0	0.05	0.0	0.0	0.0	0.0	
Northern Flicker	0.1111111111111111	0.0	0.05555555555555555	0.12121212121212122	0.16666666666666666	0.1	0.14285714285714285	0.058823529411764705	0.2631578947368421	0.2727272727272727	0.375	0.18518518518518517	0.09090909090909091	0.1111111111111111	0.09090909090909091	0.07142857142857142	0.1111111111111111	0.0	0.25	0.0	0.0	0.0	0.0	0.0	0.0	0.0	0.0	0.09090909090909091	0.09090909090909091	0.06666666666666667	0.07692307692307693	0.09090909090909091	0.0	0.09090909090909091	0.0015	0.18181818181818182	0.19047619047619047	0.25	0.2631578947368421	0.2727272727272727	0.3125	0.2222222222222222	0.26666666666666666	0.3	0.13333333333333333	0.0	0.14285714285714285	0.17647058823529413	
American Kestrel	0.0	0.0	0.0	0.0	0.0	0.05	0.0	0.0	0.0	0.0	0.0	0.0	0.0	0.0	0.0	0.07142857142857142	0.0	0.0	0.0	0.0	0.0	0.0	0.0	0.0	0.0	0.0	0.0	0.0	0.0015	0.0	0.0	0.0	0.0	0.0	0.0	0.0	0.0	0.0	0.0	0.0	0.0	0.0	0.0	0.0	0.0	0.0	0.0	0.0	
Merlin	0.0	0.10526315789473684	0.0	0.0	0.0	0.0	0.0	0.0	0.0	0.0	0.0	0.0	0.0	0.0	0.0	0.0	0.0	0.0	0.0	0.0	0.0	0.0	0.0	0.0	0.0	0.0	0.0	0.0	0.0	0.0	0.07692307692307693	0.0	0.0	0.0	0.0	0.045454545454545456	0.047619047619047616	0.0	0.05263157894736842	0.0	0.1875	0.05555555555555555	0.0	0.0	0.0	0.0	0.0	0.058823529411764705	
Peregrine Falcon	0.0	0.0	0.0	0.0	0.0	0.05	0.047619047619047616	0.0	0.0	0.0	0.0	0.037037037037037035	0.0	0.0	0.045454545454545456	0.0	0.0	0.0	0.0	0.0	0.0	0.0	0.0	0.0	0.0	0.0	0.0	0.0	0.0	0.0	0.0	0.0	0.0	0.0	0.0	0.0	0.047619047619047616	0.0	0.05263157894736842	0.0	0.0	0.05555555555555555	0.0	0.0	0.06666666666666667	0.0	0.0	0.058823529411764705	
Olive-sided Flycatcher	0.0	0.0	0.0	0.0	0.0	0.0	0.0	0.0	0.0	0.0	0.0	0.0	0.0	0.0	0.0	0.0	0.0	0.0	0.0	0.0	0.0015	0.0	0.0	0.0	0.0	0.0	0.0	0.045454545454545456	0.0	0.0	0.0	0.0	0.0	0.0	0.0	0.0	0.0	0.0	0.0	0.0	0.0	0.0	0.0	0.0	0.0	0.0	0.0	0.0	
Western Wood-Pewee	0.0	0.0	0.0	0.0	0.0	0.0	0.0	0.0	0.0	0.0	0.0	0.0	0.0	0.0	0.0	0.0	0.0	0.0	0.0	0.1111111111111111	0.0	0.0	0.0	0.0	0.3333333333333333	0.0	0.0	0.0	0.0	0.0	0.0	0.0	0.058823529411764705	0.0	0.0	0.0	0.0	0.0	0.0	0.0	0.0	0.0	0.0	0.0	0.0	0.0	0.0	0.0	
Willow Flycatcher	0.0	0.0	0.0	0.0	0.0	0.0	0.0	0.0	0.0	0.0	0.0	0.0	0.0	0.0	0.0	0.0	0.0	0.0	0.0	0.0	0.0	0.0	0.2	0.125	0.0	0.0	0.0	0.0	0.0	0.0	0.0	0.045454545454545456	0.0	0.0	0.0	0.0	0.0	0.0	0.0	0.0	0.0	0.0	0.0	0.0	0.0	0.0	0.0	0.0	
Pacific-slope Flycatcher	0.0	0.0	0.0	0.0	0.0	0.0	0.0	0.0	0.0	0.0	0.0	0.0	0.0	0.0	0.0	0.0	0.1111111111111111	0.0	0.25	0.2222222222222222	0.0	0.2	0.6	0.125	0.3333333333333333	0.0	0.0	0.0	0.0	0.0	0.0	0.045454545454545456	0.0	0.0	0.0	0.0	0.0	0.0	0.0	0.0	0.0	0.0	0.0	0.0	0.0	0.0	0.0	0.0	
Northern Shrike	0.0	0.0	0.0	0.0	0.0	0.0	0.0	0.058823529411764705	0.0	0.0	0.0	0.0	0.0	0.0	0.0	0.0	0.0	0.0	0.0	0.0	0.0	0.0	0.0	0.0	0.0	0.0	0.0	0.0	0.0	0.0	0.0	0.0	0.0	0.0	0.0	0.0	0.0	0.0	0.0	0.0	0.0	0.0	0.0	0.0	0.0	0.0	0.0	0.0	
Hutton's Vireo	0.0	0.0	0.0	0.030303030303030304	0.08333333333333333	0.05	0.047619047619047616	0.058823529411764705	0.05263157894736842	0.09090909090909091	0.0625	0.037037037037037035	0.0	0.07407407407407407	0.045454545454545456	0.0	0.0	0.0	0.0	0.0	0.0	0.0	0.0	0.0	0.0	0.0	0.0	0.0	0.0	0.0	0.07692307692307693	0.045454545454545456	0.0	0.0	0.0	0.0	0.0	0.0	0.0	0.045454545454545456	0.0	0.0	0.0	0.05	0.0	0.0	0.0	0.058823529411764705	
Warbling Vireo	0.0	0.0	0.0	0.0	0.0	0.0	0.0	0.0	0.0	0.0	0.0	0.0	0.0	0.0	0.0	0.0	0.1111111111111111	0.0015	0.0	0.0	0.0	0.0	0.0	0.0	0.0	0.0	0.0	0.0	0.0	0.0	0.0	0.0	0.0	0.0	0.0	0.0	0.0	0.0	0.0	0.0	0.0	0.0	0.0	0.0	0.0	0.0	0.0	0.0	
Steller's Jay	0.1111111111111111	0.05263157894736842	0.16666666666666666	0.30303030303030304	0.25	0.05	0.09523809523809523	0.11764705882352941	0.21052631578947367	0.09090909090909091	0.125	0.14814814814814814	0.09090909090909091	0.037037037037037035	0.09090909090909091	0.07142857142857142	0.1111111111111111	0.0	0.125	0.2222222222222222	0.0	0.0	0.0	0.0625	0.0	0.25	0.16666666666666666	0.045454545454545456	0.0	0.13333333333333333	0.0	0.18181818181818182	0.17647058823529413	0.09090909090909091	0.0	0.4090909090909091	0.19047619047619047	0.0625	0.21052631578947367	0.2727272727272727	0.25	0.1111111111111111	0.06666666666666667	0.25	0.13333333333333333	0.1	0.14285714285714285	0.23529411764705882	
American Crow	0.37037037037037035	0.3684210526315789	0.5	0.5151515151515151	0.16666666666666666	0.25	0.38095238095238093	0.47058823529411764	0.05263157894736842	0.6363636363636364	0.375	0.2962962962962963	0.45454545454545453	0.3333333333333333	0.5454545454545454	0.2857142857142857	0.2222222222222222	0.0	0.375	0.3333333333333333	0.5	0.2	0.2	0.3125	0.0	0.25	0.5	0.2727272727272727	0.18181818181818182	0.13333333333333333	0.3076923076923077	0.36363636363636365	0.35294117647058826	0.2727272727272727	0.23076923076923078	0.2727272727272727	0.3333333333333333	0.3125	0.15789473684210525	0.3181818181818182	0.125	0.3333333333333333	0.26666666666666666	0.35	0.13333333333333333	0.5	0.14285714285714285	0.4117647058823529	
Northwestern Crow	0.07407407407407407	0.05263157894736842	0.1111111111111111	0.030303030303030304	0.0	0.15	0.047619047619047616	0.058823529411764705	0.21052631578947367	0.18181818181818182	0.0625	0.2222222222222222	0.0	0.07407407407407407	0.13636363636363635	0.07142857142857142	0.1111111111111111	0.0	0.25	0.1111111111111111	0.0	0.2	0.8	0.1875	0.0	0.0015	0.5	0.18181818181818182	0.45454545454545453	0.2	0.15384615384615385	0.3181818181818182	0.17647058823529413	0.0015	0.0	0.045454545454545456	0.14285714285714285	0.25	0.05263157894736842	0.18181818181818182	0.0	0.05555555555555555	0.0	0.1	0.13333333333333333	0.1	0.14285714285714285	0.0	
American/Northwestern Crow	0.2962962962962963	0.15789473684210525	0.2222222222222222	0.18181818181818182	0.3333333333333333	0.25	0.23809523809523808	0.23529411764705882	0.47368421052631576	0.2727272727272727	0.375	0.2962962962962963	0.18181818181818182	0.2962962962962963	0.22727272727272727	0.2857142857142857	0.2222222222222222	0.3333333333333333	0.125	0.6666666666666666	0.0	0.0	0.4	0.1875	0.3333333333333333	0.25	0.16666666666666666	0.09090909090909091	0.18181818181818182	0.13333333333333333	0.15384615384615385	0.45454545454545453	0.35294117647058826	0.09090909090909091	0.0	0.4090909090909091	0.2857142857142857	0.1875	0.5263157894736842	0.22727272727272727	0.5	0.2777777777777778	0.2	0.35	0.4	0.1	0.2857142857142857	0.23529411764705882	
crow sp.	0.0	0.0	0.0	0.0	0.0	0.0	0.0	0.0	0.0	0.0	0.0	0.0	0.0	0.0	0.0	0.0	0.0	0.0	0.0	0.0	0.0	0.0	0.0	0.0	0.0	0.0	0.16666666666666666	0.0	0.0	0.0	0.0	0.0	0.0	0.0	0.0	0.0	0.0	0.0	0.0	0.0	0.0	0.0	0.0	0.0	0.0	0.0	0.0	0.0	
Common Raven	0.18518518518518517	0.05263157894736842	0.3333333333333333	0.21212121212121213	0.0	0.2	0.14285714285714285	0.4117647058823529	0.21052631578947367	0.18181818181818182	0.125	0.2222222222222222	0.0	0.0	0.09090909090909091	0.14285714285714285	0.2222222222222222	0.3333333333333333	0.0	0.0	0.5	0.0	0.2	0.0625	0.0	0.0	0.16666666666666666	0.045454545454545456	0.09090909090909091	0.0	0.0	0.09090909090909091	0.23529411764705882	0.0	0.15384615384615385	0.18181818181818182	0.14285714285714285	0.125	0.3157894736842105	0.22727272727272727	0.3125	0.05555555555555555	0.06666666666666667	0.25	0.2	0.3	0.14285714285714285	0.17647058823529413	
Northern Rough-winged Swallow	0.0	0.0	0.0	0.0	0.0	0.0	0.0	0.0	0.0	0.0	0.0	0.0	0.2727272727272727	0.07407407407407407	0.0	0.14285714285714285	0.2222222222222222	0.3333333333333333	0.5	0.3333333333333333	1.0	0.0	0.6	0.1875	0.0	0.25	0.16666666666666666	0.045454545454545456	0.18181818181818182	0.0	0.0	0.0	0.0	0.0	0.0	0.0	0.0	0.0	0.0	0.0	0.0	0.0	0.0	0.0	0.0	0.0	0.0	0.0	
Purple Martin	0.0	0.0	0.0	0.0	0.0	0.0	0.0	0.0	0.0	0.0	0.0	0.0	0.0	0.0	0.045454545454545456	0.0	0.0	0.0	0.0	0.0	0.0	0.0	0.0	0.0	0.0	0.0	0.0	0.0	0.0	0.0	0.0	0.0	0.058823529411764705	0.0	0.0	0.0	0.0	0.0	0.0	0.0	0.0	0.0	0.0	0.0	0.0	0.0	0.0	0.0	
Tree Swallow	0.0	0.0	0.0	0.0	0.0	0.0	0.0	0.0	0.0	0.0	0.0625	0.1111111111111111	0.0	0.14814814814814814	0.18181818181818182	0.21428571428571427	0.1111111111111111	0.3333333333333333	0.375	0.0	0.5	0.2	0.0	0.125	0.3333333333333333	0.0015	0.0	0.045454545454545456	0.0	0.0	0.0	0.045454545454545456	0.0	0.0	0.0	0.0	0.0	0.0	0.0	0.0	0.0	0.0	0.0	0.0	0.0	0.0	0.0	0.0	
Violet-green Swallow	0.0	0.0	0.0	0.0	0.0	0.0	0.0	0.0	0.0	0.0	0.125	0.14814814814814814	0.0	0.25925925925925924	0.5909090909090909	0.42857142857142855	0.6666666666666666	0.6666666666666666	0.375	0.5555555555555556	0.0	0.0	0.8	0.375	0.3333333333333333	0.25	0.16666666666666666	0.045454545454545456	0.09090909090909091	0.0	0.0	0.18181818181818182	0.17647058823529413	0.0	0.0	0.045454545454545456	0.0	0.0	0.0	0.0	0.0	0.0	0.0	0.0	0.0	0.0	0.0	0.0	
Tree/Violet-green Swallow	0.0	0.0	0.0	0.0	0.0	0.0	0.0	0.0	0.0	0.0	0.0	0.0	0.0	0.0	0.045454545454545456	0.0	0.1111111111111111	0.0	0.0	0.0	0.0	0.0	0.0	0.0	0.0	0.0	0.0	0.0	0.0	0.0	0.0	0.0	0.0	0.0	0.0	0.0	0.09523809523809523	0.0	0.0	0.0	0.0	0.0	0.0	0.0	0.0	0.0	0.0	0.0	
Barn Swallow	0.0	0.0	0.0	0.0	0.0	0.0	0.0	0.0	0.0	0.0	0.0	0.0	0.0	0.0	0.09090909090909091	0.21428571428571427	0.2222222222222222	0.3333333333333333	0.5	0.6666666666666666	0.5	0.2	0.8	0.3125	0.3333333333333333	0.5	0.6666666666666666	0.2727272727272727	0.45454545454545453	0.26666666666666666	0.23076923076923078	0.45454545454545453	0.17647058823529413	0.0	0.0	0.0	0.0	0.0	0.0	0.0	0.0	0.0	0.0	0.0	0.0	0.0	0.0	0.0	
Cliff Swallow	0.0	0.0	0.0	0.0	0.0	0.0	0.0	0.0	0.0	0.0	0.0	0.0	0.0	0.0	0.0	0.0	0.0	0.0	0.125	0.1111111111111111	0.0	0.0	0.0015	0.0625	0.0	0.0	0.0	0.045454545454545456	0.0	0.0	0.0	0.0	0.0	0.0	0.0	0.0	0.0	0.0	0.0	0.0	0.0	0.0	0.0	0.0	0.0	0.0	0.0	0.0	
swallow sp.	0.0	0.0	0.0	0.0	0.0	0.0	0.0	0.0	0.0	0.0	0.0	0.0	0.0	0.0	0.0	0.0	0.0	0.0	0.125	0.0	0.0	0.0	0.2	0.0	0.3333333333333333	0.0	0.0	0.0	0.0	0.0	0.07692307692307693	0.0	0.11764705882352941	0.0	0.0	0.0	0.047619047619047616	0.0	0.0	0.0	0.0	0.0	0.0	0.0	0.0	0.0	0.0	0.0	
Black-capped Chickadee	0.14814814814814814	0.10526315789473684	0.1111111111111111	0.09090909090909091	0.08333333333333333	0.1	0.14285714285714285	0.17647058823529413	0.05263157894736842	0.09090909090909091	0.1875	0.07407407407407407	0.09090909090909091	0.07407407407407407	0.09090909090909091	0.0	0.0	0.0	0.125	0.0	0.0	0.0	0.0	0.0	0.3333333333333333	0.0015	0.0	0.045454545454545456	0.0	0.0	0.07692307692307693	0.09090909090909091	0.11764705882352941	0.0	0.07692307692307693	0.13636363636363635	0.14285714285714285	0.0	0.05263157894736842	0.09090909090909091	0.375	0.16666666666666666	0.13333333333333333	0.1	0.06666666666666667	0.0	0.14285714285714285	0.058823529411764705	
Chestnut-backed Chickadee	0.18518518518518517	0.05263157894736842	0.2222222222222222	0.15151515151515152	0.16666666666666666	0.2	0.19047619047619047	0.35294117647058826	0.05263157894736842	0.09090909090909091	0.25	0.1111111111111111	0.18181818181818182	0.07407407407407407	0.09090909090909091	0.07142857142857142	0.1111111111111111	0.0	0.125	0.2222222222222222	0.5	0.0	0.2	0.0625	0.0	0.0015	0.0	0.045454545454545456	0.18181818181818182	0.2	0.15384615384615385	0.3181818181818182	0.23529411764705882	0.0	0.23076923076923078	0.3181818181818182	0.19047619047619047	0.125	0.21052631578947367	0.18181818181818182	0.4375	0.16666666666666666	0.2	0.35	0.3333333333333333	0.0015	0.14285714285714285	0.17647058823529413	
chickadee sp.	0.0	0.0	0.0	0.0	0.0	0.0	0.0	0.0	0.05263157894736842	0.0	0.0	0.0	0.0	0.0	0.0	0.0	0.0	0.0	0.0	0.0	0.0	0.0	0.2	0.0	0.0	0.0	0.0	0.0	0.0	0.0	0.0	0.0	0.0	0.0015	0.0	0.0	0.0	0.0	0.0	0.0	0.0625	0.0	0.0	0.0	0.0	0.0	0.0	0.0	
Bushtit	0.0	0.0	0.0	0.030303030303030304	0.0	0.0	0.0	0.0	0.05263157894736842	0.0	0.125	0.0	0.0	0.037037037037037035	0.045454545454545456	0.0	0.1111111111111111	0.0	0.0	0.1111111111111111	0.0	0.0	0.0	0.0	0.3333333333333333	0.0	0.0	0.0	0.0	0.0	0.0	0.0	0.0	0.0	0.0	0.09090909090909091	0.0	0.0	0.0	0.0	0.0625	0.0	0.0	0.1	0.06666666666666667	0.0	0.0	0.058823529411764705	
Red-breasted Nuthatch	0.07407407407407407	0.05263157894736842	0.05555555555555555	0.06060606060606061	0.08333333333333333	0.05	0.047619047619047616	0.0	0.05263157894736842	0.0	0.0625	0.037037037037037035	0.0	0.0	0.0	0.0	0.1111111111111111	0.0	0.0	0.4444444444444444	0.0	0.0	0.0	0.0	0.0	0.0	0.0	0.045454545454545456	0.0	0.13333333333333333	0.07692307692307693	0.22727272727272727	0.11764705882352941	0.09090909090909091	0.07692307692307693	0.2727272727272727	0.047619047619047616	0.0	0.15789473684210525	0.045454545454545456	0.125	0.05555555555555555	0.06666666666666667	0.05	0.0	0.0	0.0	0.058823529411764705	
Brown Creeper	0.0	0.05263157894736842	0.05555555555555555	0.06060606060606061	0.0	0.1	0.0	0.058823529411764705	0.0	0.0	0.0	0.037037037037037035	0.0	0.0	0.0	0.0	0.0	0.0	0.0	0.0	0.0	0.0	0.0	0.0	0.0	0.0	0.0	0.0	0.0	0.0	0.0	0.045454545454545456	0.11764705882352941	0.0	0.0	0.0	0.047619047619047616	0.0	0.0	0.09090909090909091	0.0625	0.05555555555555555	0.0	0.05	0.13333333333333333	0.0	0.14285714285714285	0.0	
House Wren	0.0	0.0	0.0	0.0	0.0	0.0	0.0	0.0	0.0	0.0	0.0	0.0	0.0	0.0	0.0	0.0	0.1111111111111111	0.0	0.0	0.0	0.0	0.0	0.4	0.0	0.0	0.0	0.0	0.0	0.0	0.0	0.0	0.0	0.0	0.0	0.0	0.0	0.0	0.0	0.0	0.0	0.0	0.0	0.0	0.05	0.0	0.0	0.0	0.0	
Pacific Wren	0.1111111111111111	0.21052631578947367	0.05555555555555555	0.15151515151515152	0.08333333333333333	0.05	0.14285714285714285	0.058823529411764705	0.10526315789473684	0.09090909090909091	0.125	0.18518518518518517	0.0	0.037037037037037035	0.09090909090909091	0.07142857142857142	0.0	0.0	0.0	0.0	0.0	0.0	0.0	0.0	0.0	0.0	0.0	0.0	0.0	0.0	0.0	0.0	0.0	0.0	0.0	0.045454545454545456	0.19047619047619047	0.0	0.05263157894736842	0.18181818181818182	0.3125	0.16666666666666666	0.2	0.25	0.2	0.1	0.14285714285714285	0.058823529411764705	
Marsh Wren	0.0	0.0	0.0	0.0	0.0	0.0	0.0	0.058823529411764705	0.0	0.09090909090909091	0.0	0.037037037037037035	0.0	0.0	0.045454545454545456	0.0	0.0	0.0	0.0	0.0	0.0	0.0	0.0	0.0	0.0	0.0	0.0	0.0	0.0	0.0	0.0	0.0	0.0	0.0	0.0	0.0	0.0	0.0	0.05263157894736842	0.0	0.0	0.05555555555555555	0.0	0.05	0.06666666666666667	0.0	0.0	0.0	
Bewick's Wren	0.0	0.0	0.05555555555555555	0.06060606060606061	0.08333333333333333	0.0	0.047619047619047616	0.058823529411764705	0.05263157894736842	0.0	0.0	0.07407407407407407	0.0	0.037037037037037035	0.045454545454545456	0.07142857142857142	0.1111111111111111	0.0	0.0	0.0	0.0	0.0	0.0	0.125	0.0	0.0	0.0	0.0	0.0	0.0	0.0	0.045454545454545456	0.0	0.0	0.0015	0.18181818181818182	0.0	0.0	0.10526315789473684	0.045454545454545456	0.0	0.0	0.0	0.05	0.0	0.0	0.0	0.058823529411764705	
wren sp.	0.0	0.0	0.0	0.0	0.0	0.0	0.0	0.0	0.0	0.0	0.0	0.0	0.0	0.0	0.0	0.0	0.0	0.0	0.0	0.0	0.0	0.0	0.0	0.0	0.0	0.0	0.0	0.0	0.0	0.0	0.0	0.0	0.0	0.0	0.07692307692307693	0.0	0.0	0.0	0.0	0.0	0.0	0.0	0.0	0.0	0.0	0.0	0.0	0.0	
Golden-crowned Kinglet	0.18518518518518517	0.2631578947368421	0.2222222222222222	0.15151515151515152	0.16666666666666666	0.15	0.14285714285714285	0.11764705882352941	0.21052631578947367	0.18181818181818182	0.125	0.14814814814814814	0.09090909090909091	0.037037037037037035	0.045454545454545456	0.0	0.1111111111111111	0.0	0.0	0.0	0.0	0.0	0.0	0.0	0.0	0.0015	0.0	0.0	0.0	0.06666666666666667	0.0	0.09090909090909091	0.11764705882352941	0.0	0.0	0.18181818181818182	0.14285714285714285	0.0	0.10526315789473684	0.09090909090909091	0.3125	0.2222222222222222	0.2	0.25	0.26666666666666666	0.2	0.14285714285714285	0.17647058823529413	
Ruby-crowned Kinglet	0.07407407407407407	0.10526315789473684	0.1111111111111111	0.24242424242424243	0.08333333333333333	0.15	0.19047619047619047	0.23529411764705882	0.21052631578947367	0.2727272727272727	0.1875	0.18518518518518517	0.18181818181818182	0.037037037037037035	0.045454545454545456	0.07142857142857142	0.0	0.0	0.0	0.0	0.0	0.0	0.0	0.0	0.0	0.0	0.0	0.0	0.0	0.0	0.0	0.0	0.0	0.0	0.0	0.09090909090909091	0.09523809523809523	0.0625	0.21052631578947367	0.045454545454545456	0.5	0.1111111111111111	0.2	0.25	0.4	0.0015	0.14285714285714285	0.11764705882352941	
Varied Thrush	0.18518518518518517	0.21052631578947367	0.05555555555555555	0.12121212121212122	0.08333333333333333	0.15	0.0	0.17647058823529413	0.05263157894736842	0.09090909090909091	0.0	0.1111111111111111	0.09090909090909091	0.0	0.0	0.0	0.0	0.0	0.0	0.0	0.0	0.0	0.0	0.0	0.0	0.0	0.0	0.0	0.0	0.0	0.0	0.0	0.0	0.0	0.0	0.0	0.0	0.0	0.0	0.0	0.0	0.1111111111111111	0.2	0.25	0.4	0.0015	0.0	0.058823529411764705	
Swainson's Thrush	0.0	0.0	0.0	0.0	0.0	0.0	0.0	0.0	0.0	0.0	0.0	0.0	0.0	0.0	0.0	0.0	0.0	0.0	0.125	0.3333333333333333	0.0	0.0	0.4	0.3125	0.6666666666666666	0.0	0.16666666666666666	0.0	0.0	0.13333333333333333	0.0	0.0	0.0	0.0	0.0	0.045454545454545456	0.0	0.0	0.0	0.0	0.0	0.0	0.0	0.0	0.0	0.0	0.0	0.0	
Hermit Thrush	0.07407407407407407	0.05263157894736842	0.0	0.030303030303030304	0.0015	0.05	0.0	0.0	0.0015	0.0	0.0	0.0	0.0	0.0015	0.09090909090909091	0.0	0.0	0.0	0.0	0.0	0.0	0.0	0.0	0.0	0.3333333333333333	0.0	0.0	0.0	0.0	0.0	0.0	0.0	0.0	0.0	0.0	0.045454545454545456	0.0	0.0	0.0	0.0	0.0	0.0	0.0	0.0	0.0	0.0	0.0	0.0	
American Robin	0.2222222222222222	0.15789473684210525	0.1111111111111111	0.06060606060606061	0.4166666666666667	0.25	0.38095238095238093	0.23529411764705882	0.3684210526315789	0.6363636363636364	0.4375	0.5925925925925926	0.36363636363636365	0.37037037037037035	0.5909090909090909	0.2857142857142857	0.6666666666666666	0.3333333333333333	0.875	0.6666666666666666	0.5	0.0	0.8	0.4375	0.3333333333333333	0.0015	0.0	0.18181818181818182	0.18181818181818182	0.26666666666666666	0.07692307692307693	0.22727272727272727	0.058823529411764705	0.0	0.0015	0.36363636363636365	0.2857142857142857	0.3125	0.47368421052631576	0.4090909090909091	0.5	0.4444444444444444	0.26666666666666666	0.55	0.3333333333333333	0.3	0.14285714285714285	0.35294117647058826	
European Starling	0.14814814814814814	0.0	0.1111111111111111	0.12121212121212122	0.25	0.2	0.14285714285714285	0.17647058823529413	0.15789473684210525	0.45454545454545453	0.1875	0.25925925925925924	0.18181818181818182	0.2222222222222222	0.45454545454545453	0.2857142857142857	0.5555555555555556	0.3333333333333333	0.75	0.5555555555555556	0.0015	0.0	0.4	0.25	0.3333333333333333	0.0	0.0	0.0015	0.0	0.06666666666666667	0.15384615384615385	0.22727272727272727	0.11764705882352941	0.0	0.07692307692307693	0.22727272727272727	0.19047619047619047	0.125	0.42105263157894735	0.36363636363636365	0.375	0.2222222222222222	0.2	0.2	0.13333333333333333	0.1	0.0	0.11764705882352941	
Cedar Waxwing	0.0	0.0	0.0	0.0	0.0	0.0	0.0	0.0	0.0	0.0	0.0	0.0	0.0	0.0	0.0	0.0	0.0	0.0	0.375	0.3333333333333333	0.5	0.0	0.0	0.0625	0.3333333333333333	0.0015	0.0	0.09090909090909091	0.2727272727272727	0.13333333333333333	0.23076923076923078	0.18181818181818182	0.058823529411764705	0.0	0.0	0.18181818181818182	0.0	0.0625	0.10526315789473684	0.0	0.0	0.0	0.06666666666666667	0.0	0.0	0.0	0.0	0.0	
Evening Grosbeak	0.0	0.0	0.0	0.0	0.0	0.0	0.0	0.0	0.0	0.0	0.0	0.0	0.09090909090909091	0.0	0.0	0.0	0.0	0.0	0.0	0.0	0.0	0.0	0.0	0.0	0.0	0.0	0.0	0.0	0.0	0.0	0.0	0.0	0.0	0.0	0.0	0.0	0.0	0.0	0.0	0.0	0.0	0.0	0.0	0.0	0.0	0.0	0.0	0.0	
House Finch	0.1111111111111111	0.0	0.0	0.09090909090909091	0.08333333333333333	0.05	0.0	0.058823529411764705	0.05263157894736842	0.18181818181818182	0.1875	0.14814814814814814	0.18181818181818182	0.14814814814814814	0.13636363636363635	0.0	0.3333333333333333	0.0	0.0	0.0	0.0015	0.0	0.2	0.1875	0.3333333333333333	0.25	0.0	0.09090909090909091	0.0	0.0	0.0	0.2727272727272727	0.11764705882352941	0.0	0.0	0.22727272727272727	0.047619047619047616	0.125	0.2631578947368421	0.22727272727272727	0.1875	0.0	0.06666666666666667	0.15	0.13333333333333333	0.0	0.14285714285714285	0.058823529411764705	
Purple Finch	0.0	0.0	0.0	0.0	0.0	0.0	0.0	0.0	0.05263157894736842	0.0	0.0625	0.07407407407407407	0.0	0.14814814814814814	0.13636363636363635	0.07142857142857142	0.2222222222222222	0.0	0.25	0.1111111111111111	0.0	0.0	0.0	0.125	0.3333333333333333	0.0	0.0	0.0	0.0	0.0	0.0	0.0	0.058823529411764705	0.0	0.0	0.0	0.0	0.0	0.05263157894736842	0.045454545454545456	0.0	0.0	0.0	0.0	0.06666666666666667	0.0	0.0	0.0	
House/Purple Finch	0.0	0.0	0.0	0.0	0.0	0.0	0.0	0.0	0.0	0.0	0.0	0.0	0.0	0.0	0.0	0.07142857142857142	0.0	0.0	0.0	0.0	0.0	0.0	0.0	0.0	0.0	0.0	0.0	0.0	0.0	0.0	0.0	0.0	0.0	0.0	0.0	0.0	0.0	0.0	0.0	0.0	0.0	0.0	0.0	0.0	0.0	0.0	0.0	0.0	
Red Crossbill	0.037037037037037035	0.0	0.0	0.0	0.0	0.0	0.0	0.0	0.0	0.0	0.0625	0.0	0.0	0.037037037037037035	0.0	0.0	0.0	0.0	0.0	0.0	0.0	0.0	0.0	0.0	0.0	0.0	0.0	0.0	0.09090909090909091	0.0	0.0	0.0	0.0	0.0	0.0	0.045454545454545456	0.0	0.0	0.05263157894736842	0.0	0.0	0.0	0.0	0.0	0.0	0.0	0.0	0.0	
Pine Siskin	0.0	0.0	0.05555555555555555	0.030303030303030304	0.08333333333333333	0.1	0.09523809523809523	0.0015	0.05263157894736842	0.0	0.125	0.07407407407407407	0.09090909090909091	0.0	0.09090909090909091	0.21428571428571427	0.2222222222222222	0.0	0.125	0.3333333333333333	0.0	0.0	0.0	0.0625	0.0	0.0015	0.0	0.045454545454545456	0.0	0.0015	0.0	0.0	0.058823529411764705	0.0	0.0	0.0	0.0	0.0	0.05263157894736842	0.0	0.0	0.05555555555555555	0.13333333333333333	0.05	0.13333333333333333	0.2	0.0	0.11764705882352941	
American Goldfinch	0.037037037037037035	0.0	0.0	0.18181818181818182	0.08333333333333333	0.0	0.047619047619047616	0.0	0.05263157894736842	0.0	0.0	0.037037037037037035	0.09090909090909091	0.037037037037037035	0.045454545454545456	0.14285714285714285	0.2222222222222222	0.3333333333333333	0.125	0.5555555555555556	0.0	0.0	0.2	0.25	0.3333333333333333	0.25	0.3333333333333333	0.13636363636363635	0.36363636363636365	0.13333333333333333	0.38461538461538464	0.18181818181818182	0.11764705882352941	0.0	0.0	0.0	0.047619047619047616	0.0	0.0	0.045454545454545456	0.0	0.0	0.0	0.0	0.06666666666666667	0.0	0.0	0.058823529411764705	
finch sp.	0.0	0.0	0.0	0.030303030303030304	0.0	0.0	0.0	0.0	0.0	0.0	0.0	0.0	0.0	0.0	0.0	0.0	0.0	0.0	0.0	0.0	0.0	0.0	0.0	0.0	0.0	0.0	0.0	0.0	0.0	0.0	0.0	0.0	0.0	0.0	0.0	0.0	0.0	0.0	0.0	0.0	0.0	0.0	0.0	0.0	0.0	0.0	0.0	0.0	
Fox Sparrow	0.1111111111111111	0.10526315789473684	0.05555555555555555	0.06060606060606061	0.16666666666666666	0.05	0.047619047619047616	0.058823529411764705	0.15789473684210525	0.09090909090909091	0.0	0.14814814814814814	0.09090909090909091	0.0	0.045454545454545456	0.0	0.0	0.0	0.0	0.0	0.0	0.0	0.0	0.0	0.0	0.0	0.0	0.0	0.0	0.0	0.0	0.0	0.0	0.0	0.0	0.045454545454545456	0.09523809523809523	0.1875	0.10526315789473684	0.045454545454545456	0.0625	0.16666666666666666	0.06666666666666667	0.1	0.4666666666666667	0.0015	0.14285714285714285	0.11764705882352941	
Dark-eyed Junco	0.2222222222222222	0.10526315789473684	0.16666666666666666	0.21212121212121213	0.25	0.25	0.14285714285714285	0.23529411764705882	0.3684210526315789	0.2727272727272727	0.5625	0.2222222222222222	0.09090909090909091	0.2222222222222222	0.22727272727272727	0.07142857142857142	0.0	0.0	0.25	0.1111111111111111	0.0015	0.2	0.0	0.125	0.0	0.0	0.0	0.13636363636363635	0.0	0.0	0.0	0.09090909090909091	0.058823529411764705	0.0	0.0	0.18181818181818182	0.2857142857142857	0.1875	0.3157894736842105	0.22727272727272727	0.6875	0.16666666666666666	0.26666666666666666	0.45	0.4	0.3	0.2857142857142857	0.23529411764705882	
White-crowned Sparrow	0.0	0.0	0.05555555555555555	0.0	0.0	0.0	0.047619047619047616	0.058823529411764705	0.0	0.0	0.0625	0.1111111111111111	0.45454545454545453	0.4444444444444444	0.5454545454545454	0.35714285714285715	0.4444444444444444	0.3333333333333333	0.875	0.7777777777777778	0.5	0.4	0.8	0.625	0.6666666666666666	0.25	0.0	0.4090909090909091	0.0	0.06666666666666667	0.0	0.18181818181818182	0.058823529411764705	0.09090909090909091	0.0	0.18181818181818182	0.047619047619047616	0.0	0.05263157894736842	0.045454545454545456	0.125	0.05555555555555555	0.06666666666666667	0.1	0.13333333333333333	0.0	0.0	0.0	
Golden-crowned Sparrow	0.14814814814814814	0.05263157894736842	0.16666666666666666	0.12121212121212122	0.08333333333333333	0.15	0.09523809523809523	0.11764705882352941	0.0	0.09090909090909091	0.125	0.1111111111111111	0.0	0.037037037037037035	0.045454545454545456	0.07142857142857142	0.1111111111111111	0.0	0.0	0.0	0.0	0.0	0.0	0.0	0.0	0.0	0.0	0.0	0.0	0.0	0.0	0.0	0.0	0.0	0.0	0.09090909090909091	0.09523809523809523	0.1875	0.15789473684210525	0.18181818181818182	0.25	0.16666666666666666	0.13333333333333333	0.2	0.2	0.0015	0.14285714285714285	0.17647058823529413	
Savannah Sparrow	0.0	0.0	0.0	0.0	0.0	0.0	0.0	0.0	0.0	0.0	0.0	0.0	0.09090909090909091	0.037037037037037035	0.0	0.0	0.0	0.0	0.0	0.0	0.0	0.0	0.0	0.0625	0.0	0.0	0.0	0.0	0.0	0.0	0.0	0.0	0.0	0.0	0.0	0.13636363636363635	0.0	0.0	0.0	0.0	0.0	0.0	0.0	0.0	0.0	0.0	0.0	0.0	
Song Sparrow	0.25925925925925924	0.21052631578947367	0.3333333333333333	0.3333333333333333	0.4166666666666667	0.3	0.47619047619047616	0.47058823529411764	0.5263157894736842	0.45454545454545453	0.4375	0.48148148148148145	0.45454545454545453	0.37037037037037035	0.45454545454545453	0.5	0.4444444444444444	0.3333333333333333	0.625	0.7777777777777778	0.0015	0.2	0.8	0.5625	0.3333333333333333	0.5	0.16666666666666666	0.22727272727272727	0.2727272727272727	0.26666666666666666	0.07692307692307693	0.3181818181818182	0.058823529411764705	0.0	0.07692307692307693	0.5909090909090909	0.2857142857142857	0.3125	0.42105263157894735	0.3181818181818182	0.5	0.2222222222222222	0.3333333333333333	0.5	0.6	0.4	0.42857142857142855	0.35294117647058826	
Lincoln's Sparrow	0.0	0.0	0.0	0.030303030303030304	0.0	0.0	0.0	0.0	0.0	0.0	0.0	0.0	0.0	0.0	0.0	0.07142857142857142	0.0	0.0	0.0	0.0	0.0	0.0	0.0	0.0	0.0	0.0	0.0	0.0	0.0	0.0	0.0	0.0	0.058823529411764705	0.0	0.0	0.0	0.047619047619047616	0.0	0.0	0.0	0.0	0.0	0.0	0.0	0.06666666666666667	0.0	0.0	0.0	
Spotted Towhee	0.2222222222222222	0.15789473684210525	0.16666666666666666	0.18181818181818182	0.3333333333333333	0.2	0.19047619047619047	0.11764705882352941	0.21052631578947367	0.2727272727272727	0.1875	0.25925925925925924	0.09090909090909091	0.1111111111111111	0.22727272727272727	0.21428571428571427	0.2222222222222222	0.0	0.125	0.3333333333333333	0.0	0.0	0.4	0.1875	0.3333333333333333	0.0	0.0	0.09090909090909091	0.0	0.13333333333333333	0.0	0.09090909090909091	0.11764705882352941	0.0	0.0	0.13636363636363635	0.14285714285714285	0.125	0.21052631578947367	0.2727272727272727	0.5	0.16666666666666666	0.2	0.25	0.4666666666666667	0.1	0.2857142857142857	0.17647058823529413	
Western Meadowlark	0.0	0.0	0.0	0.0	0.0	0.0	0.0	0.0	0.0	0.0	0.0	0.0	0.0	0.0	0.0	0.0	0.0	0.0	0.0	0.0	0.0	0.0	0.0	0.0	0.0	0.0	0.0	0.0	0.0	0.0	0.0	0.0	0.0	0.0	0.0	0.0	0.0	0.0	0.0	0.0	0.0	0.0	0.0	0.0	0.06666666666666667	0.0	0.0	0.0	
Red-winged Blackbird	0.07407407407407407	0.0	0.05555555555555555	0.21212121212121213	0.08333333333333333	0.15	0.09523809523809523	0.11764705882352941	0.10526315789473684	0.18181818181818182	0.1875	0.2962962962962963	0.18181818181818182	0.25925925925925924	0.22727272727272727	0.2857142857142857	0.1111111111111111	0.3333333333333333	0.375	0.2222222222222222	0.5	0.0	0.4	0.125	0.6666666666666666	0.0	0.16666666666666666	0.0015	0.0	0.0	0.0	0.0	0.0	0.0	0.0	0.18181818181818182	0.14285714285714285	0.0625	0.15789473684210525	0.045454545454545456	0.25	0.05555555555555555	0.0	0.1	0.13333333333333333	0.0	0.0	0.058823529411764705	
Brown-headed Cowbird	0.0	0.0	0.0	0.0	0.0	0.0	0.0	0.0	0.0	0.0	0.0	0.0	0.0	0.0	0.045454545454545456	0.07142857142857142	0.3333333333333333	0.0	0.25	0.3333333333333333	0.0015	0.0	0.2	0.125	0.3333333333333333	0.0	0.0	0.045454545454545456	0.0	0.0	0.07692307692307693	0.0	0.0	0.0	0.0	0.0	0.0	0.0	0.0	0.0	0.0	0.05555555555555555	0.0	0.0	0.0	0.0	0.0	0.0	
Brewer's Blackbird	0.0	0.0	0.05555555555555555	0.030303030303030304	0.0	0.0	0.047619047619047616	0.0	0.0	0.09090909090909091	0.0	0.037037037037037035	0.0	0.0015	0.0	0.0015	0.0015	0.0	0.125	0.1111111111111111	0.0	0.0	0.0	0.0	0.0	0.0	0.0	0.0	0.0	0.0	0.0	0.0	0.0015	0.0	0.0	0.09090909090909091	0.047619047619047616	0.0	0.0	0.0	0.125	0.05555555555555555	0.0	0.0015	0.13333333333333333	0.0	0.0	0.0	
Orange-crowned Warbler	0.0	0.0	0.0	0.030303030303030304	0.0	0.0	0.0	0.058823529411764705	0.0	0.0	0.0	0.037037037037037035	0.18181818181818182	0.2222222222222222	0.36363636363636365	0.14285714285714285	0.3333333333333333	0.0	0.375	0.0	0.0015	0.0	0.0	0.0625	0.0	0.0	0.0	0.0	0.0	0.0	0.0	0.045454545454545456	0.0	0.0	0.0015	0.0	0.0	0.0	0.0	0.0	0.0	0.0	0.0	0.0	0.0	0.0	0.0	0.0	
Common Yellowthroat	0.0	0.0	0.0	0.0	0.0	0.0	0.0	0.0	0.0	0.0	0.0	0.0	0.0	0.0	0.045454545454545456	0.07142857142857142	0.1111111111111111	0.0	0.0	0.1111111111111111	0.0	0.0	0.0	0.0625	0.0	0.0	0.16666666666666666	0.0	0.0	0.0	0.0	0.0	0.0	0.0	0.0	0.0	0.0	0.0	0.0	0.0	0.0	0.0	0.0	0.0	0.0	0.0	0.0	0.0	
Yellow Warbler	0.0	0.0	0.0	0.0	0.0	0.0	0.0	0.0	0.0	0.0	0.0	0.0	0.0	0.0	0.0	0.0	0.0	0.3333333333333333	0.125	0.0	0.0	0.0	0.0	0.0	0.0	0.0	0.0	0.0	0.0	0.0	0.0	0.0	0.058823529411764705	0.0	0.0015	0.0	0.0	0.0	0.0	0.0	0.0	0.0	0.0	0.0	0.0	0.0	0.0	0.0	
Yellow-rumped Warbler	0.037037037037037035	0.0	0.05555555555555555	0.0	0.0	0.0	0.047619047619047616	0.0	0.0	0.09090909090909091	0.0625	0.14814814814814814	0.18181818181818182	0.18518518518518517	0.22727272727272727	0.2857142857142857	0.1111111111111111	0.0	0.125	0.0	0.0	0.0	0.0	0.0	0.0	0.0	0.0	0.0	0.0	0.0	0.0	0.0	0.11764705882352941	0.0	0.0	0.09090909090909091	0.14285714285714285	0.125	0.10526315789473684	0.045454545454545456	0.0	0.0	0.0	0.05	0.0	0.0	0.0	0.0	
Black-throated Gray Warbler	0.0	0.0	0.0	0.0	0.0	0.0	0.0	0.0	0.0	0.0	0.0	0.0	0.0	0.0	0.0	0.0	0.0	0.0	0.0	0.0	0.0	0.0	0.0	0.0	0.0	0.0	0.0	0.0	0.0	0.0	0.0	0.045454545454545456	0.058823529411764705	0.0	0.07692307692307693	0.09090909090909091	0.0	0.0	0.0	0.0	0.0	0.0	0.0	0.0	0.0	0.0	0.0	0.0	
Townsend's Warbler	0.0	0.0	0.0	0.0	0.0	0.0	0.0	0.0	0.0	0.0	0.0	0.0	0.0	0.0	0.0	0.0	0.0	0.0	0.0	0.0	0.0	0.0	0.0	0.0	0.0	0.0	0.0	0.0	0.0	0.0	0.0	0.0	0.058823529411764705	0.0	0.07692307692307693	0.045454545454545456	0.0	0.0625	0.05263157894736842	0.0	0.0	0.05555555555555555	0.0	0.0	0.0	0.0	0.0	0.0	
Wilson's Warbler	0.0	0.0	0.0	0.0	0.0	0.0	0.0	0.0	0.0	0.0	0.0	0.0	0.09090909090909091	0.0	0.0	0.0	0.2222222222222222	0.0	0.125	0.3333333333333333	0.0	0.0	0.0	0.0	0.3333333333333333	0.0	0.0	0.0	0.0	0.0	0.0	0.045454545454545456	0.0	0.0	0.0	0.0	0.0	0.0	0.0	0.0	0.0	0.0	0.0	0.0	0.0	0.0	0.0	0.0	
warbler sp. (Parulidae sp.)	0.0	0.0	0.0	0.0	0.0	0.0	0.0	0.0	0.0	0.0	0.0	0.0	0.0	0.0	0.0	0.0	0.0	0.0	0.0	0.0	0.0	0.0	0.0	0.0	0.0	0.0	0.0	0.0	0.0	0.0	0.0	0.0	0.058823529411764705	0.0	0.0	0.0	0.0	0.0	0.0	0.0	0.0	0.0	0.0	0.0	0.0	0.0	0.0	0.0	
Western Tanager	0.0	0.0	0.0	0.0	0.0	0.0	0.0	0.0	0.0	0.0	0.0	0.0	0.0	0.0	0.0	0.0	0.0	0.0015	0.0	0.0	0.0	0.0	0.0	0.0	0.0	0.0	0.0	0.0	0.0	0.0	0.0	0.0	0.0	0.0	0.0	0.0	0.0	0.0	0.0	0.0	0.0	0.0	0.0	0.0	0.0	0.0	0.0	0.0	
Black-headed Grosbeak	0.0	0.0	0.0	0.0	0.0	0.0	0.0	0.0	0.0	0.0	0.0	0.0	0.0	0.0	0.0	0.0	0.0	0.0	0.125	0.3333333333333333	0.0	0.0	0.2	0.0	0.3333333333333333	0.0	0.0	0.0	0.0	0.0	0.0	0.0	0.0	0.0	0.0	0.0	0.0	0.0	0.0	0.0	0.0	0.0	0.0	0.0	0.0	0.0	0.0	0.0	
House Sparrow	0.0	0.05263157894736842	0.0	0.09090909090909091	0.08333333333333333	0.0	0.09523809523809523	0.0	0.0	0.09090909090909091	0.125	0.1111111111111111	0.0	0.0	0.0	0.0	0.0015	0.0	0.0	0.0	0.0015	0.0	0.0	0.0	0.0	0.25	0.16666666666666666	0.0	0.18181818181818182	0.0	0.07692307692307693	0.045454545454545456	0.0	0.0	0.0	0.09090909090909091	0.047619047619047616	0.0	0.10526315789473684	0.045454545454545456	0.0625	0.0	0.0	0.05	0.0	0.0	0.0	0.058823529411764705	
passerine sp.	0.0	0.0	0.0	0.0	0.0	0.0	0.0	0.0	0.0	0.0	0.0	0.0	0.0	0.0	0.0	0.0	0.0	0.0	0.0	0.0	0.0	0.0	0.0	0.0	0.0	0.0	0.0	0.0	0.0	0.0	0.0	0.0	0.0	0.0	0.0	0.0	0.0	0.0	0.0	0.045454545454545456	0.0	0.0	0.0	0.0	0.0	0.0	0.0	0.0	

