









Frequency of observations in the selected location(s).:
Number of taxa: 	175

	Jan				Feb				Mar				Apr				May				Jun				Jul				Aug				Sep				Oct				Nov				Dec				
Sample Size:	0.0	1.0	0.0	2.0	0.0	0.0	2.0	3.0	2.0	0.0	2.0	1.0	1.0	6.0	4.0	4.0	0.0	2.0	2.0	0.0	2.0	8.0	5.0	3.0	7.0	7.0	4.0	7.0	3.0	8.0	6.0	5.0	5.0	3.0	5.0	3.0	3.0	2.0	1.0	5.0	2.0	1.0	0.0	0.0	0.0	0.0	1.0	3.0	

Brant	0.0	0.0	0.0	0.0	0.0	0.0	0.0	0.3333333333333333	0.0	0.0	0.0	0.0	0.0	0.16666666666666666	0.0	0.0	0.0	0.5	0.0	0.0	0.0	0.0	0.0015	0.0	0.0	0.0	0.0	0.0	0.0	0.0	0.0	0.0	0.0	0.0	0.0	0.0	0.0	0.0	0.0	0.0	0.0	0.0	0.0	0.0	0.0	0.0	0.0	0.3333333333333333	
Cackling Goose	0.0	0.0	0.0	0.0	0.0	0.0	0.0	0.0	0.0	0.0	0.0	0.0	0.0	0.0	0.0	0.0	0.0	0.0	0.0	0.0	0.0	0.0	0.0	0.0	0.0	0.0	0.0	0.0	0.0	0.0	0.0	0.0	0.0	0.0	0.0	0.0	0.0	0.0	0.0	0.0	0.0	1.0	0.0	0.0	0.0	0.0	0.0	0.0	
Canada Goose	0.0	0.0	0.0	0.0	0.0	0.0	0.0	0.3333333333333333	0.0	0.0	0.0	0.0	0.0	0.16666666666666666	0.0	0.25	0.0	0.0	0.0	0.0	0.0	0.0	0.0015	0.0	0.0	0.0	0.25	0.0	0.0	0.125	0.0	0.0	0.0	0.0	0.0	0.0	0.0	0.0	0.0	0.0	0.0	0.0	0.0	0.0	0.0	0.0	0.0	0.0	
Trumpeter Swan	0.0	0.0	0.0	0.0	0.0	0.0	0.0	0.3333333333333333	0.0	0.0	0.0	0.0	0.0	0.0	0.0	0.0	0.0	0.0	0.0	0.0	0.0	0.0	0.0	0.0	0.0	0.0	0.0	0.0	0.0	0.0	0.0	0.0	0.0	0.0	0.0	0.0	0.0	0.0	0.0	0.0	0.0	0.0	0.0	0.0	0.0	0.0	0.0	0.0	
Wood Duck	0.0	0.0	0.0	0.0	0.0	0.0	0.0	0.0	0.0	0.0	0.0	0.0	0.0	0.16666666666666666	0.0	0.0	0.0	0.0	0.0	0.0	0.0	0.0	0.0	0.0	0.0	0.0	0.0	0.0	0.0	0.0	0.0	0.0	0.0	0.0	0.0	0.0	0.0	0.0	0.0	0.0	0.0	0.0	0.0	0.0	0.0	0.0	0.0	0.0	
Northern Shoveler	0.0	0.0	0.0	0.0	0.0	0.0	0.0	0.3333333333333333	0.0	0.0	0.0	0.0	0.0	0.0	0.0	0.0	0.0	0.0	0.0	0.0	0.0	0.0	0.0	0.0	0.0	0.0	0.0	0.0	0.0	0.0	0.0	0.0	0.0	0.0	0.0	0.0	0.0	0.0	0.0	0.0	0.0	0.0	0.0	0.0	0.0	0.0	0.0	0.0	
Gadwall	0.0	0.0	0.0	0.0	0.0	0.0	0.0	0.0	0.0	0.0	0.0	0.0	0.0	0.16666666666666666	0.0	0.25	0.0	0.0	0.0	0.0	0.0	0.0	0.0	0.0	0.0	0.0	0.0	0.0	0.0	0.0	0.0	0.0	0.0	0.0	0.0	0.0	0.0	0.0	0.0	0.0	0.0	0.0	0.0	0.0	0.0	0.0	0.0	0.0	
Eurasian Wigeon	0.0	0.0	0.0	0.0	0.0	0.0	0.0	0.0	0.0	0.0	0.0	0.0	0.0	0.16666666666666666	0.0	0.0	0.0	0.0	0.0	0.0	0.0	0.0	0.0	0.0	0.0	0.0	0.0	0.0	0.0	0.0	0.0	0.0	0.0	0.0	0.0	0.0	0.0	0.0	0.0	0.0	0.0	0.0	0.0	0.0	0.0	0.0	0.0	0.0	
American Wigeon	0.0	0.0	0.0	0.0	0.0	0.0	0.0	0.3333333333333333	0.0	0.0	0.5	0.0	1.0	0.16666666666666666	0.0	0.0	0.0	0.0	0.0	0.0	0.0	0.0	0.0	0.0	0.0	0.0	0.0	0.0	0.0	0.0	0.0	0.0	0.0	0.0	0.0	0.0	0.0	0.0	0.0	0.4	0.0	0.0	0.0	0.0	0.0015	0.0	1.0	0.3333333333333333	
Mallard	0.0	0.0	0.0	0.0	0.0	0.0	0.0	0.3333333333333333	0.0	0.0	0.5	0.0	1.0	0.5	0.25	0.25	0.0	0.5	0.0	0.0	0.0	0.0	0.2	0.0	0.0	0.0	0.0	0.0	0.0	0.0	0.0	0.0	0.0	0.0	0.6	0.0	0.0	0.0	0.0	0.0	0.0	0.0	0.0	0.0	0.0	0.0	1.0	0.3333333333333333	
Northern Pintail	0.0	0.0	0.0	0.0	0.0	0.0	0.0	0.0	0.0	0.0	0.0	0.0	0.0	0.16666666666666666	0.0	0.0	0.0	0.0	0.0	0.0	0.0	0.0	0.0	0.0	0.0	0.0	0.0	0.0	0.0	0.0	0.0	0.0	0.0	0.0	0.2	0.0	0.0	0.0	0.0	0.0	0.0	0.0	0.0	0.0	0.0	0.0	0.0	0.0	
Green-winged Teal	0.0	0.0	0.0	0.0	0.0	0.0	0.0	0.0	0.0	0.0	0.0	0.0	1.0	0.5	0.0	0.25	0.0	0.0	0.0	0.0	0.0	0.0	0.0	0.0	0.0	0.0	0.0	0.0	0.0	0.0	0.0	0.0	0.0	0.0	0.2	0.0	0.0	0.0	0.0	0.0	0.0	0.0	0.0	0.0	0.0	0.0	0.0	0.0	
Ring-necked Duck	0.0	0.0	0.0	0.0	0.0	0.0	0.0	0.0	0.0	0.0	0.0	0.0	0.0	0.16666666666666666	0.0	0.0	0.0	0.0	0.0	0.0	0.0	0.0	0.0	0.0	0.0	0.0	0.0	0.0	0.0	0.0	0.0	0.0	0.0	0.0	0.0	0.0	0.0	0.0	0.0	0.0	0.0	0.0	0.0	0.0	0.0	0.0	0.0	0.0	
Greater Scaup	0.0	0.0	0.0	0.0	0.0	0.0	0.0	0.0	0.0	0.0	0.0	0.0	0.0	0.16666666666666666	0.0	0.0	0.0	0.0	0.0	0.0	0.0	0.0	0.0	0.0	0.0	0.0	0.0	0.0	0.0	0.0	0.0	0.0	0.0	0.0	0.0	0.0	0.0	0.0	0.0	0.0	0.0	0.0	0.0	0.0	0.0	0.0	0.0	0.3333333333333333	
Lesser Scaup	0.0	0.0	0.0	0.0	0.0	0.0	0.0	0.3333333333333333	0.0	0.0	0.0	0.0	0.0	0.16666666666666666	0.0	0.0	0.0	0.5	0.0	0.0	0.0	0.0	0.0	0.0	0.0	0.0	0.0	0.0	0.0	0.0	0.0	0.0	0.0	0.0	0.0	0.0	0.0	0.0	0.0	0.0	0.0	0.0	0.0	0.0	0.0	0.0	0.0	0.3333333333333333	
Harlequin Duck	0.0	0.0	0.0	0.0	0.0	0.0	0.0	0.3333333333333333	0.0	0.0	0.0	0.0	0.0	0.16666666666666666	0.0	0.0	0.0	0.0	0.0	0.0	0.0	0.0	0.0015	0.0	0.0	0.0	0.0	0.0	0.0	0.0	0.0	0.0	0.0	0.0	0.0	0.0	0.0	0.0	0.0	0.0	0.0	0.0	0.0	0.0	0.0	0.0	0.0	0.3333333333333333	
Surf Scoter	0.0	0.0	0.0	0.0	0.0	0.0	0.0	0.3333333333333333	0.0	0.0	0.0	0.0	1.0	0.3333333333333333	0.25	0.0	0.0	0.5	0.5	0.0	0.0	0.0	0.0	0.0	0.14285714285714285	0.14285714285714285	0.0	0.0	0.0	0.25	0.0	0.0	0.0	0.0	0.0	0.0	0.3333333333333333	0.0	0.0	0.6	0.0	0.0	0.0	0.0	0.0	0.0	0.0	0.3333333333333333	
White-winged Scoter	0.0	0.0	0.0	0.0	0.0	0.0	0.0	0.3333333333333333	0.0	0.0	0.0	0.0	0.0	0.16666666666666666	0.0	0.0	0.0	0.0	0.0	0.0	0.0	0.0	0.0	0.0	0.14285714285714285	0.0	0.0	0.0	0.0	0.0	0.0	0.0	0.0	0.0	0.0	0.0	0.0	0.0	0.0	0.4	0.0	0.0	0.0	0.0	0.0	0.0	0.0	0.3333333333333333	
Black Scoter	0.0	0.0	0.0	0.0	0.0	0.0	0.0	0.3333333333333333	0.0	0.0	0.0	0.0	1.0	0.16666666666666666	0.0	0.0	0.0	0.0	0.0	0.0	0.0	0.0	0.0	0.0	0.0	0.0	0.0	0.0	0.0	0.0	0.0	0.0	0.0	0.0	0.0	0.0	0.0	0.0	0.0	0.2	0.0	0.0	0.0	0.0	0.0	0.0	0.0	0.3333333333333333	
Long-tailed Duck	0.0	0.0	0.0	0.0	0.0	0.0	0.0	0.3333333333333333	0.0	0.0	0.0	0.0	0.0	0.16666666666666666	0.0	0.0	0.0	0.0	0.0	0.0	0.0	0.0	0.0	0.0	0.0	0.0	0.0	0.0	0.0	0.0	0.0	0.0	0.0	0.0	0.0	0.0	0.0	0.0	0.0	0.6	0.0	0.0	0.0	0.0	0.0	0.0	0.0	0.3333333333333333	
Bufflehead	0.0	0.0	0.0	0.0	0.0	0.0	0.0	0.3333333333333333	0.0	0.0	0.0	0.0	1.0	0.3333333333333333	0.25	0.0	0.0	0.0	0.0	0.0	0.0	0.0	0.0	0.0	0.0	0.0	0.0	0.0	0.0	0.0	0.0	0.0	0.0	0.0	0.0	0.0	0.0	0.0	0.0	0.4	0.0	0.0	0.0	0.0	0.0	0.0	0.0	0.3333333333333333	
Common Goldeneye	0.0	0.0	0.0	0.0	0.0	0.0	0.0	0.3333333333333333	0.0	0.0	0.0	0.0	0.0	0.16666666666666666	0.0	0.0	0.0	0.0	0.0	0.0	0.0	0.0	0.0	0.0	0.0	0.0	0.0	0.0	0.0	0.0	0.0	0.0	0.0	0.0	0.0	0.0	0.0	0.0	0.0	0.0	0.0	0.0	0.0	0.0	0.0	0.0	0.0	0.3333333333333333	
Barrow's Goldeneye	0.0	0.0	0.0	0.0	0.0	0.0	0.0	0.3333333333333333	0.0	0.0	0.0	0.0	0.0	0.16666666666666666	0.0	0.0	0.0	0.0	0.0	0.0	0.0	0.0	0.0	0.0	0.0	0.0	0.0	0.0	0.0	0.0	0.0	0.0	0.0	0.0	0.0	0.0	0.0	0.0	0.0	0.0	0.0	0.0	0.0	0.0	0.0	0.0	0.0	0.0	
Hooded Merganser	0.0	0.0	0.0	0.0	0.0	0.0	0.0	0.3333333333333333	0.0	0.0	0.0	0.0	0.0	0.0	0.0	0.0	0.0	0.0	0.0	0.0	0.0	0.0	0.0	0.0	0.0	0.0	0.0	0.14285714285714285	0.0	0.0	0.0	0.0	0.0	0.0	0.0	0.0	0.0	0.0	0.0	0.0	0.0	0.0	0.0	0.0	0.0	0.0	0.0	0.0	
Common Merganser	0.0	0.0	0.0	0.0	0.0	0.0	0.0	0.0	0.0	0.0	0.0	0.0	1.0	0.0	0.0	0.0	0.0	0.0	0.0	0.0	0.0	0.0	0.0	0.0	0.0	0.0	0.0	0.0	0.0	0.0	0.0	0.0	0.0	0.0	0.0	0.0	0.0	0.0	0.0	0.0	0.0	0.0	0.0	0.0	0.0	0.0	0.0	0.0	
Red-breasted Merganser	0.0	0.0	0.0	0.0	0.0	0.0	0.0	0.3333333333333333	0.0	0.0	0.0	0.0	1.0	0.5	0.0	0.0	0.0	0.5	0.0	0.0	0.5	0.0	0.0	0.0	0.0	0.0	0.0	0.0	0.0	0.0	0.0	0.0	0.0	0.0	0.0	0.0	0.0	0.0	0.0	0.2	0.0	0.0	0.0	0.0	0.0	0.0	0.0	0.3333333333333333	
Ruddy Duck	0.0	0.0	0.0	0.0	0.0	0.0	0.0	0.3333333333333333	0.0	0.0	0.0	0.0	0.0	0.0	0.0	0.0	0.0	0.0	0.0	0.0	0.0	0.0	0.0	0.0	0.0	0.0	0.0	0.0	0.0	0.0	0.0	0.0	0.0	0.0	0.0	0.0	0.0	0.0	0.0	0.0	0.0	0.0	0.0	0.0	0.0	0.0	0.0	0.0	
California Quail	0.0	0.0	0.0	0.0	0.0	0.0	0.0	0.0	0.0	0.0	0.0	0.0	0.0	0.16666666666666666	0.0	0.0	0.0	0.0	0.0	0.0	0.0	0.125	0.4	0.0	0.0	0.0	0.0	0.0	0.0	0.0	0.0	0.0	0.0015	0.0	0.0	0.0	0.0	0.0	0.0	0.0	0.0	0.0	0.0	0.0	0.0	0.0	0.0	0.0	
Sooty Grouse	0.0	0.0	0.0	0.0	0.0	0.0	0.0	0.0	0.0	0.0	0.0	0.0	0.0	0.0	0.0	0.0	0.0	0.5	0.0	0.0	0.0	0.0	0.0	0.0	0.0	0.0	0.25	0.0	0.0	0.0	0.0	0.0	0.0	0.0	0.0	0.0	0.0	0.0	0.0	0.0	0.0	0.0	0.0	0.0	0.0	0.0	0.0	0.0	
Pied-billed Grebe	0.0	0.0	0.0	0.0	0.0	0.0	0.0	0.3333333333333333	0.0	0.0	0.0	0.0	0.0	0.16666666666666666	0.0	0.0	0.0	0.0	0.0	0.0	0.0	0.0	0.0	0.0	0.0	0.0	0.0	0.0	0.0	0.0	0.0	0.0	0.0	0.0	0.0	0.0	0.0	0.0	0.0	0.0	0.0	0.0	0.0	0.0	0.0015	0.0	0.0	0.0	
Horned Grebe	0.0	0.0	0.0	0.0	0.0	0.0	0.0	0.3333333333333333	0.0	0.0	0.0	0.0	1.0	0.16666666666666666	0.25	0.0	0.0	0.0	0.0	0.0	0.0	0.0	0.0	0.0	0.0	0.0	0.0	0.0	0.0	0.0	0.0	0.0	0.0	0.0	0.0	0.0	0.3333333333333333	0.0	0.0	0.8	0.0	0.0	0.0	0.0	0.0015	0.0	0.0	0.3333333333333333	
Red-necked Grebe	0.0	0.0	0.0	0.0	0.0	0.0	0.0	0.3333333333333333	0.0	0.0	0.0	0.0	0.0	0.16666666666666666	0.25	0.0	0.0	0.0	0.0	0.0	0.0	0.0	0.0	0.0	0.0	0.0	0.0	0.0	0.0	0.25	0.0	0.2	0.2	0.0	0.2	0.0	0.0	0.0	0.0	0.4	0.0	0.0	0.0	0.0	0.0	0.0	0.0	0.3333333333333333	
Eared Grebe	0.0	0.0	0.0	0.0	0.0	0.0	0.0	0.0	0.0	0.0	0.0	0.0	0.0	0.0	0.0	0.0	0.0	0.0	0.0	0.0	0.0	0.0	0.0	0.0	0.0	0.0	0.0	0.0	0.0	0.0	0.0	0.0	0.0	0.0	0.0	0.0	0.0	0.0	0.0	0.0	0.0	0.0	0.0	0.0	0.0	0.0	0.0	0.3333333333333333	
Western Grebe	0.0	0.0	0.0	0.0	0.0	0.0	0.0	0.3333333333333333	0.0	0.0	0.0	0.0	0.0	0.16666666666666666	0.0	0.0	0.0	0.0	0.0	0.0	0.0	0.0	0.0	0.0	0.14285714285714285	0.0	0.0	0.0	0.0	0.0	0.0	0.0	0.0	0.0	0.0	0.0	0.0	0.0	0.0	0.2	0.0	0.0	0.0	0.0	0.0	0.0	0.0	0.0	
Western/Clark's Grebe	0.0	0.0	0.0	0.0	0.0	0.0	0.0	0.0	0.0	0.0	0.0	0.0	0.0	0.0	0.0	0.0	0.0	0.0	0.0	0.0	0.0	0.0	0.0	0.0	0.0	0.0	0.0	0.0	0.0	0.0	0.0	0.0	0.0	0.0	0.0	0.0	0.0	0.0	0.0	0.2	0.0	0.0	0.0	0.0	0.0	0.0	0.0	0.0	
Rock Pigeon	0.0	0.0	0.0	0.0	0.0	0.0	0.0	0.3333333333333333	0.0	0.0	0.0	0.0	0.0	0.16666666666666666	0.0	0.0	0.0	0.0	0.0	0.0	0.0	0.0015	0.0015	0.0	0.0	0.0	0.0	0.0	0.0	0.0	0.0	0.0	0.0	0.0	0.2	0.3333333333333333	0.0	0.0	0.0	0.0	0.0	1.0	0.0	0.0	0.0	0.0	0.0	0.0	
Band-tailed Pigeon	0.0	0.0	0.0	0.0	0.0	0.0	0.0	0.0	0.0	0.0	0.0	0.0	0.0	0.0	0.0	0.0	0.0	0.5	0.0	0.0	0.0	0.0	0.4	0.3333333333333333	0.2857142857142857	0.14285714285714285	0.0	0.14285714285714285	0.0	0.0	0.0	0.0	0.0	0.0	0.0	0.0	0.0	0.0	0.0	0.0	0.0	0.0	0.0	0.0	0.0	0.0	0.0	0.0	
Eurasian Collared-Dove	0.0	0.0	0.0	0.0	0.0	0.0	0.0	0.0	0.0	0.0	0.0	0.0	0.0	0.16666666666666666	0.25	0.0	0.0	0.0	0.0	0.0	0.0	0.0	0.2	0.0	0.42857142857142855	0.0	0.0	0.2857142857142857	0.3333333333333333	0.375	0.16666666666666666	0.0	0.0	0.0	0.2	0.0	0.0	0.0	0.0	0.2	0.0	0.0	0.0	0.0	0.0	0.0	0.0	0.0	
Mourning Dove	0.0	0.0	0.0	0.0	0.0	0.0	0.0	0.0	0.0	0.0	0.0	0.0	0.0	0.5	0.0	0.5	0.0	0.0	0.0	0.0	1.0	0.0	0.4	0.6666666666666666	0.2857142857142857	0.2857142857142857	0.0	0.42857142857142855	0.0	0.0	0.16666666666666666	0.0	0.0	0.0	0.0	0.0	0.0	0.0	0.0	0.2	0.0	0.0	0.0	0.0	0.0	0.0	0.0	0.0	
Anna's Hummingbird	0.0	0.0	0.0	0.5	0.0	0.0	0.0	0.3333333333333333	1.0	0.0	0.0	1.0	0.0	0.16666666666666666	0.25	0.0	0.0	0.0	0.0	0.0	0.0	0.0	0.4	0.0	0.0	0.0	0.5	0.0	0.0	0.375	0.0	0.2	0.0	0.3333333333333333	0.2	0.3333333333333333	0.0	0.0	0.0	0.0	0.0	1.0	0.0	0.0	0.0	0.0	0.0	0.0	
Rufous Hummingbird	0.0	0.0	0.0	0.0	0.0	0.0	0.0	0.0	0.0	0.0	0.0	0.0	1.0	0.16666666666666666	0.5	0.0	0.0	0.5	0.5	0.0015	0.0	0.125	0.2	0.0	0.14285714285714285	0.0	0.0	0.0	0.0	0.0	0.0	0.0	0.0	0.0	0.0	0.0	0.0	0.0	0.0	0.0	0.0	0.0	0.0	0.0	0.0	0.0	0.0	0.0	
hummingbird sp.	0.0	0.0	0.0	0.0	0.0	0.0	0.0	0.0	0.0	0.0	0.0	0.0	0.0	0.0	0.0	0.25	0.0	0.0	0.0	0.0	0.0	0.0	0.0	0.0	0.14285714285714285	0.14285714285714285	0.0	0.0	0.0	0.0	0.0	0.0	0.0	0.0	0.0	0.0	0.0	0.0	0.0	0.0	0.0	0.0	0.0	0.0	0.0	0.0	0.0	0.0	
Virginia Rail	0.0	0.0	0.0	0.0	0.0	0.0	0.0	0.0	0.0	0.0	0.0	0.0	0.0	0.16666666666666666	0.0	0.0	0.0	0.0	0.0	0.0	0.0	0.0	0.0	0.0	0.0	0.0	0.0	0.0	0.0	0.0	0.0	0.0	0.0	0.0	0.0	0.0	0.0	0.0	0.0	0.0	0.0	0.0	0.0	0.0	0.0	0.0	0.0	0.0	
American Coot	0.0	0.0	0.0	0.0	0.0	0.0	0.0	0.3333333333333333	0.0	0.0	0.0	0.0	0.0	0.0	0.0	0.0	0.0	0.0	0.0	0.0	0.0	0.0	0.0015	0.0	0.0	0.0	0.0	0.0	0.0	0.0	0.0	0.0	0.0	0.0	0.0	0.0	0.0	0.0	0.0	0.0	0.0	0.0	0.0	0.0	0.0	0.0	0.0	0.0	
Black Oystercatcher	0.0	0.0	0.0	0.0	0.0	0.0	0.0	0.3333333333333333	0.0	0.0	0.0	0.0	0.0	0.16666666666666666	0.0	0.0	0.0	0.0	0.0	0.0	0.0	0.125	0.2	0.0	0.0	0.0	0.0	0.0	0.0	0.0	0.0	0.0	0.0	0.0	0.0	0.0	0.0	0.0	0.0	0.0	0.0	0.0	0.0	0.0	0.0	0.0	0.0	0.0	
Black-bellied Plover	0.0	0.0	0.0	0.0	0.0	0.0	0.0	0.0	0.0	0.0	0.0	0.0	0.0	0.3333333333333333	0.0	0.0	0.0	0.0	0.0	0.0	0.0	0.0	0.0	0.0	0.0	0.14285714285714285	0.0	0.0	0.0	0.125	0.0	0.0	0.0	0.0	0.0	0.0	0.0	0.0	0.0	0.2	0.0	0.0	0.0	0.0	0.0	0.0	0.0	0.0	
Semipalmated Plover	0.0	0.0	0.0	0.0	0.0	0.0	0.0	0.0	0.0	0.0	0.0	0.0	0.0	0.0	0.0	0.0	0.0	0.0	0.0	0.0	0.0	0.0	0.0	0.0	0.0	0.0	0.0	0.0	0.0	0.125	0.0	0.0	0.0	0.0	0.0	0.0	0.0	0.0	0.0	0.0	0.0	0.0	0.0	0.0	0.0	0.0	0.0	0.0	
Killdeer	0.0	0.0	0.0	0.0	0.0	0.0	0.0	0.3333333333333333	0.0	0.0	0.0	0.0	0.0	0.16666666666666666	0.0	0.0	0.0	0.0	0.0	0.0	0.0	0.0	0.2	0.0	0.0	0.0	0.0	0.0	0.0	0.0	0.0	0.0	0.0	0.0	0.0	0.0	0.0	0.0	0.0	0.0	0.0	0.0	0.0	0.0	0.0	0.0	0.0	0.0	
Whimbrel	0.0	0.0	0.0	0.0	0.0	0.0	0.0	0.0	0.0	0.0	0.0	0.0	0.0	0.0	0.0	0.0	0.0	0.0	0.0	0.0	0.0	0.0	0.0	0.0	0.0	0.0	0.0	0.0	0.0	0.125	0.0	0.0	0.0	0.0	0.0	0.0	0.0	0.0	0.0	0.0	0.0	0.0	0.0	0.0	0.0	0.0	0.0	0.0	
Black Turnstone	0.0	0.0	0.0	0.0	0.0	0.0	0.0	0.0	0.0	0.0	0.0	0.0	0.0	0.16666666666666666	0.0	0.0	0.0	0.0	0.0	0.0	0.0	0.0	0.0	0.0	0.0	0.0	0.0	0.0	0.0	0.0	0.0	0.0	0.0	0.0	0.0	0.0	0.0	0.0	0.0	0.2	0.0	0.0	0.0	0.0	0.0	0.0	0.0	0.0	
Sanderling	0.0	0.0	0.0	0.0	0.0	0.0	0.0	0.3333333333333333	0.0	0.0	0.0	0.0	0.0	0.16666666666666666	0.0	0.0	0.0	0.0	0.0	0.0	0.0	0.0	0.0	0.0	0.0	0.0	0.0	0.0	0.0	0.125	0.0	0.2	0.0	0.0	0.0	0.0	0.0	0.0	0.0	0.2	0.0	0.0	0.0	0.0	0.0	0.0	0.0	0.0	
Dunlin	0.0	0.0	0.0	0.0	0.0	0.0	0.0	0.0	0.0	0.0	0.0	0.0	0.0	0.16666666666666666	0.0	0.0	0.0	0.0	0.0	0.0	0.0	0.0	0.0	0.0	0.0	0.0	0.0	0.0	0.0	0.125	0.0	0.0	0.0	0.0	0.0	0.0	0.0	0.0	0.0	0.2	0.0	0.0	0.0	0.0	0.0	0.0	0.0	0.3333333333333333	
Least Sandpiper	0.0	0.0	0.0	0.0	0.0	0.0	0.0	0.0	0.0	0.0	0.0	0.0	0.0	0.0	0.0	0.0	0.0	0.0	0.0	0.0	0.0	0.0	0.0	0.0	0.0	0.0	0.0	0.0	0.0	0.25	0.16666666666666666	0.0	0.0	0.0	0.0	0.0	0.0	0.0	0.0	0.0	0.0	0.0	0.0	0.0	0.0	0.0	0.0	0.0	
Western Sandpiper	0.0	0.0	0.0	0.0	0.0	0.0	0.0	0.0	0.0	0.0	0.0	0.0	0.0	0.16666666666666666	0.0	0.0	0.0	0.0	0.0	0.0	0.0	0.0	0.0	0.0	0.0	0.2857142857142857	0.0	0.14285714285714285	0.0	0.25	0.16666666666666666	0.2	0.0	0.0	0.0	0.0	0.0	0.0	0.0	0.2	0.0	0.0	0.0	0.0	0.0	0.0	0.0	0.0	
Semipalmated/Western Sandpiper	0.0	0.0	0.0	0.0	0.0	0.0	0.0	0.0	0.0	0.0	0.0	0.0	0.0	0.0	0.0	0.0	0.0	0.0	0.0	0.0	0.0	0.0	0.0	0.0	0.0	0.14285714285714285	0.0	0.0	0.0	0.0	0.0	0.0	0.0	0.0	0.0	0.0	0.0	0.0	0.0	0.0	0.0	0.0	0.0	0.0	0.0	0.0	0.0	0.0	
peep sp.	0.0	0.0	0.0	0.0	0.0	0.0	0.0	0.0	0.0	0.0	0.0	0.0	0.0	0.0	0.0	0.0	0.0	0.0	0.0	0.0	0.0	0.0	0.0	0.0	0.0	0.0	0.0	0.0	0.0	0.0	0.0	0.0	0.0	0.0	0.0	0.0	0.0	0.0	0.0	0.2	0.0	0.0	0.0	0.0	0.0	0.0	0.0	0.0	
Short-billed Dowitcher	0.0	0.0	0.0	0.0	0.0	0.0	0.0	0.0	0.0	0.0	0.0	0.0	0.0	0.0	0.0	0.0	0.0	0.0	0.0	0.0	0.0	0.0	0.0	0.0	0.0	0.14285714285714285	0.0	0.0	0.0	0.0	0.0	0.0	0.0	0.0	0.0	0.0	0.0	0.0	0.0	0.0	0.0	0.0	0.0	0.0	0.0	0.0	0.0	0.0	
Long-billed Dowitcher	0.0	0.0	0.0	0.0	0.0	0.0	0.0	0.0	0.0	0.0	0.0	0.0	0.0	0.16666666666666666	0.0	0.0	0.0	0.0	0.0	0.0	0.0	0.0	0.0	0.0	0.0	0.0	0.0	0.0	0.0	0.0	0.0	0.0	0.0	0.0	0.0	0.0	0.0	0.0	0.0	0.0	0.0	0.0	0.0	0.0	0.0	0.0	0.0	0.0	
Wilson's Snipe	0.0	0.0	0.0	0.0	0.0	0.0	0.0	0.3333333333333333	0.0	0.0	0.0	0.0	0.0	0.16666666666666666	0.0	0.0	0.0	0.0	0.0	0.0	0.0	0.0	0.0	0.0	0.0	0.0	0.0	0.0	0.0	0.0	0.0	0.0	0.0	0.0	0.0	0.0	0.0	0.0	0.0	0.0	0.0	0.0	0.0	0.0	0.0	0.0	0.0	0.0	
Spotted Sandpiper	0.0	0.0	0.0	0.0	0.0	0.0	0.0	0.0	0.0	0.0	0.0	0.0	0.0	0.16666666666666666	0.0	0.0	0.0	0.0	0.0	0.0	0.0	0.0	0.0	0.0	0.0	0.0	0.0	0.14285714285714285	0.0	0.0	0.0	0.0	0.0	0.0	0.0	0.0	0.0	0.0	0.0	0.0	0.0	0.0	0.0	0.0	0.0	0.0	0.0	0.0	
Greater Yellowlegs	0.0	0.0	0.0	0.0	0.0	0.0	0.0	0.0	0.0	0.0	0.0	0.0	0.0	0.3333333333333333	0.0	0.0	0.0	0.0	0.0	0.0	0.0	0.0	0.0	0.0	0.0	0.0	0.0	0.0	0.0	0.0	0.0	0.0	0.0	0.0	0.0	0.0	0.0	0.0	0.0	0.0	0.0	0.0	0.0	0.0	0.0	0.0	0.0	0.0	
Common Murre	0.0	0.0	0.0	0.0	0.0	0.0	0.0	0.3333333333333333	0.0	0.0	0.0	0.0	0.0	0.16666666666666666	0.0	0.0	0.0	0.0	0.0	0.0	0.0	0.0	0.0	0.0	0.0	0.0	0.0	0.0	0.0	0.125	0.0	0.0	0.0	0.0	0.0	0.0	0.0	0.0	0.0	0.2	0.0	0.0	0.0	0.0	0.0	0.0	0.0	0.3333333333333333	
Pigeon Guillemot	0.0	0.0	0.0	0.0	0.0	0.0	0.0	0.3333333333333333	0.0	0.0	0.0	0.0	0.0	0.16666666666666666	0.25	0.25	0.0	0.0	0.5	0.0	0.5	0.0015	0.8	0.3333333333333333	0.5714285714285714	0.14285714285714285	0.25	0.5714285714285714	1.0	0.5	0.3333333333333333	0.0	0.0	0.0	0.4	0.0	0.0	0.0	0.0	0.2	0.0	0.0	0.0	0.0	0.0	0.0	0.0	0.3333333333333333	
Marbled Murrelet	0.0	0.0	0.0	0.0	0.0	0.0	0.0	0.0	0.0	0.0	0.0	0.0	0.0	0.16666666666666666	0.0	0.0	0.0	0.0	0.0	0.0	0.0	0.0	0.2	0.0	0.14285714285714285	0.0	0.0	0.0	0.0	0.0	0.0	0.0	0.0	0.0	0.0	0.0	0.3333333333333333	0.0	0.0	0.2	0.0	0.0	0.0	0.0	0.0	0.0	0.0	0.3333333333333333	
Ancient Murrelet	0.0	0.0	0.0	0.0	0.0	0.0	0.0	0.3333333333333333	0.0	0.0	0.0	0.0	0.0	0.0	0.0	0.0	0.0	0.0	0.0	0.0	0.0	0.0	0.0	0.0	0.0	0.0	0.0	0.0	0.0	0.0	0.0	0.0	0.0	0.0	0.0	0.0	0.0	0.0	0.0	0.0	0.0	0.0	0.0	0.0	0.0	0.0	0.0	0.0	
Rhinoceros Auklet	0.0	0.0	0.0	0.0	0.0	0.0	0.0	0.3333333333333333	0.0	0.0	0.0	0.0	0.0	0.16666666666666666	0.0	0.0	0.0	0.0	0.0	0.0	0.0	0.0	0.2	0.0	0.14285714285714285	0.0	0.0	0.2857142857142857	0.0	0.25	0.0	0.0	0.0	0.0	0.0	0.0	0.0	0.0	0.0	0.0	0.0	0.0	0.0	0.0	0.0	0.0	0.0	0.0	
Heermann's Gull	0.0	0.0	0.0	0.0	0.0	0.0	0.0	0.0	0.0	0.0	0.0	0.0	0.0	0.0	0.0	0.0	0.0	0.0	0.0	0.0	0.0	0.0	0.0	0.0	0.2857142857142857	0.0	0.0	0.0	0.0	0.25	0.0	0.0	0.2	0.0	0.2	0.0	0.0	0.0	0.0	0.0	0.0	0.0	0.0	0.0	0.0	0.0	0.0	0.0	
Mew Gull	0.0	0.0	0.0	0.0	0.0	0.0	0.0	0.3333333333333333	0.0	0.0	0.0	0.0	0.0	0.16666666666666666	0.0	0.0	0.0	0.0	0.0	0.0	0.0	0.0	0.0	0.0	0.0	0.0	0.0	0.0	0.3333333333333333	0.0	0.0	0.0	0.2	0.0	0.0	0.0	0.3333333333333333	0.0	0.0	0.6	0.0	0.0	0.0	0.0	0.0	0.0	0.0	0.3333333333333333	
Ring-billed Gull	0.0	0.0	0.0	0.0	0.0	0.0	0.0	0.0	0.0	0.0	0.0	0.0	0.0	0.16666666666666666	0.0	0.0	0.0	0.0	0.0	0.0	0.0	0.0	0.2	0.0	0.0	0.0	0.0	0.0	0.0	0.125	0.0	0.0	0.2	0.0	0.0	0.0	0.0	0.0	0.0	0.2	0.0	0.0	0.0	0.0	0.0	0.0	0.0	0.0	
Western Gull	0.0	0.0	0.0	0.0	0.0	0.0	0.0	0.0	0.0	0.0	0.0	0.0	0.0	0.16666666666666666	0.0	0.0	0.0	0.0	0.0	0.0	0.0	0.0	0.0015	0.0	0.2857142857142857	0.0	0.0	0.0	0.0	0.0	0.0	0.0	0.0	0.0	0.4	0.0	0.0	0.0	0.0	0.2	0.0	0.0	0.0	0.0	0.0	0.0	0.0	0.3333333333333333	
California Gull	0.0	0.0	0.0	0.0	0.0	0.0	0.0	0.0	0.0	0.0	0.0	0.0	0.0	0.0	0.0	0.0	0.0	0.0	0.0	0.0	0.0	0.0	0.0	0.0	0.14285714285714285	0.0	0.0	0.0	0.3333333333333333	0.25	0.0	0.0	0.2	0.0	0.0	0.3333333333333333	0.0	0.0	0.0	0.4	0.0	0.0	0.0	0.0	0.0	0.0	0.0	0.0	
Herring Gull	0.0	0.0	0.0	0.0	0.0	0.0	0.0	0.3333333333333333	0.0	0.0	0.0	0.0	0.0	0.16666666666666666	0.0	0.0	0.0	0.0	0.0	0.0	0.0	0.0	0.0	0.0	0.0	0.0	0.0	0.0	0.0	0.0	0.0	0.0	0.0	0.0	0.0	0.0	0.3333333333333333	0.0	0.0	0.0	0.0	0.0	0.0	0.0	0.0	0.0	0.0	0.0	
Glaucous-winged Gull	0.0	0.0	0.0	0.0	0.0	0.0	0.0	0.0	0.0	0.0	0.0	0.0	0.0	0.5	0.0	0.25	0.0	0.5	0.0	0.0	0.5	0.125	0.6	0.0	0.7142857142857143	0.2857142857142857	0.25	0.14285714285714285	0.6666666666666666	0.5	0.16666666666666666	0.2	0.0	0.0	0.4	0.3333333333333333	0.0	0.0	0.0	0.6	0.0	0.0	0.0	0.0	0.0	0.0	0.0	0.3333333333333333	
Western x Glaucous-winged Gull (hybrid)	0.0	0.0	0.0	0.0	0.0	0.0	0.0	0.0	0.0	0.0	0.0	0.0	0.0	0.0	0.0	0.0	0.0	0.0	0.5	0.0	0.0	0.0	0.2	0.0	0.0	0.0	0.0	0.14285714285714285	0.0	0.0	0.0	0.0	0.0	0.0	0.0	0.0	0.0	0.0	0.0	0.2	0.0	0.0	0.0	0.0	0.0	0.0	0.0	0.0	
Western/Glaucous-winged Gull	0.0	0.0	0.0	0.0	0.0	0.0	0.0	0.0	0.0	0.0	0.0	0.0	1.0	0.0	0.0	0.0	0.0	0.0	0.0	0.0	0.0	0.0	0.2	0.0	0.0	0.0	0.0	0.0	0.0	0.0	0.16666666666666666	0.0	0.0	0.0	0.0	0.0	0.0	0.0	0.0	0.0	0.0	0.0	0.0	0.0	0.0	0.0	0.0	0.0	
Larus sp.	0.0	0.0	0.0	0.0	0.0	0.0	0.0	0.0	0.0	0.0	0.5	0.0	0.0	0.0	0.0	0.0	0.0	0.0	0.0	0.0	0.0	0.0	0.0	0.0	0.0	0.0	0.0	0.0	0.0	0.0	0.0	0.0	0.0	0.0	0.0	0.0	0.0	0.0	0.0	0.0	0.0	0.0	0.0	0.0	0.0	0.0	0.0	0.0	
gull sp.	0.0	0.0	0.0	0.0	0.0	0.0	0.0	0.0	0.0	0.0	0.0	0.0	0.0	0.0	0.25	0.0	0.0	0.0	0.0	0.0	0.0	0.0	0.4	0.0	0.42857142857142855	0.0	0.0	0.14285714285714285	0.0	0.125	0.3333333333333333	0.2	0.2	0.0	0.0	0.0	0.0	0.0	0.0	0.2	0.0	0.0	0.0	0.0	0.0	0.0	0.0	0.3333333333333333	
Caspian Tern	0.0	0.0	0.0	0.0	0.0	0.0	0.0	0.0	0.0	0.0	0.0	0.0	0.0	0.16666666666666666	0.0	0.0	0.0	0.5	0.0	0.0	0.0	0.125	0.2	0.0	0.0	0.14285714285714285	0.25	0.2857142857142857	0.0	0.25	0.16666666666666666	0.0	0.0	0.0	0.0	0.0	0.0	0.0	0.0	0.0	0.0	0.0	0.0	0.0	0.0	0.0	0.0	0.0	
Common Tern	0.0	0.0	0.0	0.0	0.0	0.0	0.0	0.0	0.0	0.0	0.0	0.0	0.0	0.0	0.0	0.0	0.0	0.0	0.0	0.0	0.0	0.125	0.0	0.0	0.0	0.0	0.0	0.0	0.0	0.0	0.0	0.0	0.0	0.0	0.0	0.0	0.0	0.0	0.0	0.0	0.0	0.0	0.0	0.0	0.0	0.0	0.0	0.0	
Red-throated Loon	0.0	0.0	0.0	0.0	0.0	0.0	0.0	0.0	0.0	0.0	0.0	0.0	1.0	0.0	0.25	0.0	0.0	0.0	0.0	0.0	0.0	0.125	0.0	0.0	0.0	0.0	0.0	0.0	0.0	0.0	0.0	0.0	0.0	0.0	0.0	0.0	0.0	0.0	0.0	0.2	0.0	0.0	0.0	0.0	0.0015	0.0	0.0	0.3333333333333333	
Pacific Loon	0.0	0.0	0.0	0.0	0.0	0.0	0.0	0.0	0.0	0.0	0.0015	0.0	0.0	0.16666666666666666	0.0	0.0	0.0	0.0	0.0	0.0	0.0	0.0	0.0	0.0	0.0	0.0	0.0	0.0	0.0	0.125	0.0	0.0	0.2	0.0	0.0	0.0	0.3333333333333333	0.0	0.0	0.2	0.0	0.0	0.0	0.0	0.0	0.0	0.0	0.3333333333333333	
Common Loon	0.0	0.0	0.0	0.0	0.0	0.0	0.0	0.3333333333333333	0.0	0.0	0.0	0.0	0.0	0.5	0.0	0.0	0.0	0.5	0.0	0.0	0.0	0.0	0.4	0.0	0.14285714285714285	0.0	0.0	0.0	0.3333333333333333	0.25	0.16666666666666666	0.4	0.2	0.0	0.2	0.0	0.0	0.0	0.0	0.8	0.0	0.0	0.0	0.0	0.0015	0.0	0.0	0.3333333333333333	
loon sp.	0.0	0.0	0.0	0.0	0.0	0.0	0.0	0.0	0.0	0.0	0.0	0.0	0.0	0.0	0.0	0.25	0.0	0.0	0.0	0.0	0.0	0.0	0.0	0.0	0.0	0.0	0.0	0.0	0.0	0.0	0.16666666666666666	0.0	0.0	0.0	0.0	0.0	0.0	0.0	0.0	0.0	0.0	0.0	0.0	0.0	0.0	0.0	0.0	0.0	
Brandt's Cormorant	0.0	0.0	0.0	0.0	0.0	0.0	0.0	0.0	0.0	0.0	0.0	0.0	0.0	0.0	0.0	0.0	0.0	0.0	0.0	0.0	0.0	0.0	0.0	0.0	0.14285714285714285	0.0	0.0	0.0	0.0	0.0	0.16666666666666666	0.0	0.0	0.0	0.0	0.0	0.0	0.0	0.0	0.2	0.0	0.0	0.0	0.0	0.0	0.0	0.0	0.3333333333333333	
Pelagic Cormorant	0.0	0.0	0.0	0.0	0.0	0.0	0.0	0.3333333333333333	0.0	0.0	0.0	0.0	1.0	0.16666666666666666	0.0	0.0	0.0	0.0	0.0	0.0	0.0	0.0	0.2	0.0	0.2857142857142857	0.14285714285714285	0.0	0.0	0.0	0.0	0.0	0.2	0.2	0.0	0.4	0.0	0.0	0.0	0.0	0.4	0.0	0.0	0.0	0.0	0.0	0.0	0.0	0.3333333333333333	
Double-crested Cormorant	0.0	0.0	0.0	0.0	0.0	0.0	0.0	0.3333333333333333	0.0	0.0	0.0	0.0	1.0	0.16666666666666666	0.0	0.0	0.0	0.0	0.0	0.0	0.0	0.0	0.2	0.0	0.14285714285714285	0.0	0.0	0.0	0.0	0.125	0.0	0.2	0.0	0.0	0.6	0.3333333333333333	0.0	0.0	0.0	0.4	0.0	0.0	0.0	0.0	0.0	0.0	0.0	0.3333333333333333	
cormorant sp.	0.0	0.0	0.0	0.0	0.0	0.0	0.0	0.0	0.0	0.0	0.0	0.0	0.0	0.0	0.0	0.0	0.0	0.5	0.0	0.0	0.0	0.0	0.0	0.0	0.0	0.0	0.25	0.0	0.0	0.0	0.0	0.0	0.0	0.0	0.0	0.0	0.0	0.0	0.0	0.0	0.0	0.0	0.0	0.0	0.0	0.0	0.0	0.0	
Great Blue Heron	0.0	0.0	0.0	0.0	0.0	0.0	0.0	0.3333333333333333	0.0	0.0	0.0	0.0	0.0	0.3333333333333333	0.0	0.0	0.0	0.0	0.0	0.0	0.0	0.0	0.0015	0.3333333333333333	0.14285714285714285	0.0	0.25	0.14285714285714285	0.0	0.25	0.16666666666666666	0.2	0.0	0.0	0.2	0.0	0.0	0.0	0.0	0.2	0.0	0.0	0.0	0.0	0.0	0.0	0.0	0.0	
Turkey Vulture	0.0	0.0	0.0	0.0	0.0	0.0	0.0	0.0	0.0	0.0	0.0	0.0	0.0	0.0	0.0	0.0	0.0	0.5	0.0	0.0	0.0	0.0	0.0015	0.0	0.0	0.0	0.0	0.0	0.0	0.0	0.0	0.0	0.0	0.0	0.0	0.0	0.0	0.0	0.0	0.0	0.0	0.0	0.0	0.0	0.0	0.0	0.0	0.0	
Northern Harrier	0.0	0.0	0.0	0.0	0.0	0.0	0.0	0.3333333333333333	0.0	0.0	0.0	0.0	0.0	0.5	0.0	0.0	0.0	0.0	0.0	0.0	0.0	0.0	0.0	0.0	0.0	0.0	0.0	0.0	0.0	0.0	0.0	0.0	0.0	0.0	0.0	0.0	0.0	0.0	0.0	0.0	0.0	0.0	0.0	0.0	0.0	0.0	0.0	0.0	
Sharp-shinned Hawk	0.0	0.0	0.0	0.0	0.0	0.0	0.0	0.3333333333333333	0.0	0.0	0.0	0.0	0.0	0.0	0.0	0.0	0.0	0.0	0.0	0.0	0.0	0.0	0.0	0.0	0.0	0.0	0.0	0.0	0.0	0.0	0.0	0.0	0.0	0.0	0.0	0.0	0.0	0.0	0.0	0.0	0.0	0.0	0.0	0.0	0.0	0.0	0.0	0.0	
Cooper's Hawk	0.0	0.0	0.0	0.0	0.0	0.0	0.0	0.0	0.0	0.0	0.0	0.0	0.0	0.16666666666666666	0.0	0.0	0.0	0.0	0.0	0.0	0.0	0.0	0.0	0.3333333333333333	0.0	0.0	0.0	0.14285714285714285	0.0	0.0	0.0	0.0	0.0	0.3333333333333333	0.0	0.0	0.0	0.0	0.0	0.0	0.0	0.0	0.0	0.0	0.0	0.0	0.0	0.0	
Accipiter sp.	0.0	0.0	0.0	0.0	0.0	0.0	0.0	0.0	0.0	0.0	0.0	0.0	0.0	0.0	0.0	0.0	0.0	0.0	0.0	0.0	0.0	0.0	0.0	0.0	0.0	0.0	0.0	0.0	0.0	0.0	0.0	0.0015	0.0	0.0	0.0	0.0	0.3333333333333333	0.0	0.0	0.0	0.0	0.0	0.0	0.0	0.0	0.0	0.0	0.0	
Bald Eagle	0.0	0.0	0.0	0.0	0.0	0.0	0.0	0.3333333333333333	0.0	0.0	0.0	0.0	1.0	0.3333333333333333	0.0	0.5	0.0	0.5	0.5	0.0	1.0	0.125	0.4	0.3333333333333333	0.42857142857142855	0.42857142857142855	0.25	0.14285714285714285	0.3333333333333333	0.125	0.3333333333333333	0.2	0.2	0.0	0.4	0.0	0.0	0.0	1.0	0.2	0.0	0.0	0.0	0.0	0.0	0.0	0.0	0.3333333333333333	
Red-tailed Hawk	0.0	0.0	0.0	0.0	0.0	0.0	0.0	0.3333333333333333	0.0	0.0	0.0	0.0	1.0	0.16666666666666666	0.0	0.0	0.0	0.5	0.0	0.0	0.5	0.0015	0.2	0.0	0.0	0.0	0.0	0.0	0.0	0.0	0.0	0.0	0.0	0.0	0.0	0.0	0.0	0.0	0.0	0.0	0.0	1.0	0.0	0.0015	0.0	0.0	0.0	0.0	
Barred Owl	0.0	0.0	0.0	0.0	0.0	0.0	0.0	0.0	0.5	0.0	0.0	0.0	0.0	0.0	0.0	0.0	0.0	0.0	0.0	0.0	0.0	0.0	0.0	0.0	0.2857142857142857	0.0	0.0	0.0	0.0	0.0	0.0	0.0	0.0	0.0	0.0	0.0	0.0	0.5	0.0	0.0	0.0	0.0	0.0	0.0	0.0	0.0	0.0	0.3333333333333333	
Belted Kingfisher	0.0	0.0	0.0	0.0	0.0	0.0	0.0	0.0	0.0	0.0	0.0	0.0	0.0	0.16666666666666666	0.25	0.0	0.0	0.0	0.0	0.0	0.0	0.0	0.4	0.0	0.14285714285714285	0.14285714285714285	0.0	0.2857142857142857	0.3333333333333333	0.375	0.3333333333333333	0.2	0.0	0.3333333333333333	0.2	0.0	0.0	0.0	0.0	0.4	0.0	1.0	0.0	0.0	0.0	0.0	0.0	0.0	
Red-breasted Sapsucker	0.0	0.0	0.0	0.0	0.0	0.0	0.0	0.0	0.0	0.0	0.0	0.0	0.0	0.16666666666666666	0.0	0.0	0.0	0.0	0.0	0.0	0.0	0.0	0.0	0.0	0.0	0.14285714285714285	0.0	0.0	0.0	0.0	0.0	0.0	0.0	0.0	0.0	0.0	0.0	0.0	0.0	0.0	0.0	0.0	0.0	0.0	0.0	0.0	0.0	0.0	
Downy Woodpecker	0.0	0.0	0.0	0.0	0.0	0.0	0.0	0.0	0.5	0.0	0.0	0.0	0.0	0.16666666666666666	0.0	0.25	0.0	0.0	0.0	0.0	0.0	0.125	0.0	0.0	0.0	0.0	0.0	0.42857142857142855	0.0	0.125	0.0	0.0	0.2	0.0	0.0	0.0	0.0	0.0	1.0	0.0	0.5	1.0	0.0	0.0	0.0	0.0	0.0	0.0	
Hairy Woodpecker	0.0	1.0	0.0	0.0	0.0	0.0	0.0	0.3333333333333333	0.0	0.0	0.0	0.0	1.0	0.0	0.0	0.0	0.0	0.0	0.0	0.0	0.0	0.0	0.0	0.0	0.0	0.0	0.0015	0.0	0.0	0.125	0.0	0.0	0.0	0.0	0.0	0.3333333333333333	0.6666666666666666	0.0	0.0	0.0	0.0	0.0	0.0	0.0	0.0	0.0	0.0	0.0	
Downy/Hairy Woodpecker	0.0	0.0	0.0	0.0	0.0	0.0	0.0	0.0	0.0	0.0	0.0	0.0	0.0	0.0	0.0	0.25	0.0	0.0	0.0	0.0	0.0	0.0	0.0	0.0	0.0	0.0	0.0	0.0	0.0	0.0	0.0	0.0	0.0	0.0	0.0	0.0	0.0	0.0	0.0	0.0	0.0	0.0	0.0	0.0	0.0	0.0	0.0	0.0	
Pileated Woodpecker	0.0	0.0	0.0	0.0	0.0	0.0	0.0	0.0	0.0	0.0	0.0	0.0	0.0	0.0	0.25	0.0	0.0	0.0	0.0	0.0	0.0	0.0	0.0	0.0	0.0	0.0	0.0	0.0	0.0	0.0	0.0	0.0	0.0	0.0	0.2	0.0	0.0	0.0	0.0	0.0	0.0	0.0	0.0	0.0	0.0	0.0	0.0	0.0	
Northern Flicker	0.0	0.0	0.0	0.0	0.0	0.0	0.0	0.3333333333333333	0.0	0.0	0.0	0.0	0.0	0.16666666666666666	0.0	0.25	0.0	0.0	0.0	0.0	0.0	0.0	0.0	0.0	0.0	0.0	0.0	0.14285714285714285	0.0	0.25	0.0	0.0	0.0	0.0	0.2	0.3333333333333333	0.3333333333333333	0.0	0.0	0.4	0.5	0.0	0.0	0.0	0.0	0.0	0.0	0.0	
American Kestrel	0.0	0.0	0.0	0.0	0.0	0.0	0.0	0.3333333333333333	0.0	0.0	0.0	0.0	0.0	0.16666666666666666	0.0	0.0	0.0	0.0	0.0	0.0	0.0	0.0	0.0	0.0	0.0	0.0	0.0	0.0	0.0	0.0	0.0	0.0	0.0	0.0	0.0	0.0	0.0	0.0	0.0	0.0	0.0	0.0	0.0	0.0	0.0	0.0	0.0	0.0	
Merlin	0.0	0.0	0.0	0.0	0.0	0.0	0.0	0.0	0.0	0.0	0.0	0.0	0.0	0.16666666666666666	0.0	0.0	0.0	0.0	0.0	0.0	0.0	0.0	0.0	0.0	0.0	0.0	0.0	0.0	0.0	0.0	0.0	0.0	0.0	0.0	0.0	0.0	0.0	0.0	0.0	0.0	0.0	0.0	0.0	0.0	0.0	0.0	0.0	0.3333333333333333	
Peregrine Falcon	0.0	0.0	0.0	0.0	0.0	0.0	0.0	0.0	0.0	0.0	0.0	0.0	0.0	0.16666666666666666	0.0	0.0	0.0	0.0	0.0	0.0	0.0	0.0	0.0	0.0	0.0	0.0	0.0	0.0	0.0	0.0	0.0	0.0	0.0	0.0	0.0	0.0	0.0	0.0	0.0	0.2	0.0	0.0	0.0	0.0	0.0	0.0	0.0	0.0	
Olive-sided Flycatcher	0.0	0.0	0.0	0.0	0.0	0.0	0.0	0.0	0.0	0.0	0.0	0.0	0.0	0.0	0.0	0.0	0.0	0.0	0.0	0.0	0.0	0.0	0.0	0.3333333333333333	0.0	0.14285714285714285	0.0	0.0	0.0	0.0	0.0	0.0	0.0	0.0	0.0	0.0	0.0	0.0	0.0	0.0	0.0	0.0	0.0	0.0	0.0	0.0	0.0	0.0	
Western Wood-Pewee	0.0	0.0	0.0	0.0	0.0	0.0	0.0	0.0	0.0	0.0	0.0	0.0	0.0	0.0	0.0	0.0	0.0	0.0	0.0	0.0	0.0	0.25	0.0	0.3333333333333333	0.14285714285714285	0.0	0.0	0.0	0.0	0.0	0.0	0.0	0.0	0.0	0.0	0.0	0.0	0.0	0.0	0.0	0.0	0.0	0.0	0.0	0.0	0.0	0.0	0.0	
Willow Flycatcher	0.0	0.0	0.0	0.0	0.0	0.0	0.0	0.0	0.0	0.0	0.0	0.0	0.0	0.0	0.0	0.0	0.0	0.0	0.0	0.0	0.0	0.0015	0.0	0.0	0.0	0.0	0.0	0.0	0.0	0.0	0.0	0.0	0.0	0.0	0.0	0.0	0.0	0.0	0.0	0.0	0.0	0.0	0.0	0.0	0.0	0.0	0.0	0.0	
Hammond's Flycatcher	0.0	0.0	0.0	0.0	0.0	0.0	0.0	0.0	0.0	0.0	0.0	0.0	0.0	0.0	0.0	0.0	0.0	0.0	0.0	0.0	0.0	0.125	0.0	0.0	0.0	0.0	0.0	0.0	0.0	0.0	0.0	0.0	0.0	0.0	0.0	0.0	0.0	0.0	0.0	0.0	0.0	0.0	0.0	0.0	0.0	0.0	0.0	0.0	
Pacific-slope Flycatcher	0.0	0.0	0.0	0.0	0.0	0.0	0.0	0.0	0.0	0.0	0.0	0.0	0.0	0.0	0.0	0.0	0.0	0.0	0.5	0.0015	0.5	0.5	0.8	0.3333333333333333	0.5714285714285714	0.2857142857142857	0.0	0.42857142857142855	0.6666666666666666	0.0	0.0	0.2	0.0015	0.0	0.0	0.0	0.0	0.0	0.0	0.0	0.0	0.0	0.0	0.0	0.0	0.0	0.0	0.0	
Hutton's Vireo	0.0	0.0	0.0	0.5	0.0	0.0	0.0	0.0	0.0	0.0	0.0	0.0	0.0	0.16666666666666666	0.0	0.0	0.0	0.0	0.0	0.0015	0.0	0.25	0.0	0.0	0.14285714285714285	0.14285714285714285	0.0	0.0	0.0	0.0	0.0	0.0	0.0	0.0	0.0	0.0	0.0	0.0	0.0	0.0	0.5	0.0	0.0	0.0	0.0	0.0	0.0	0.0	
Cassin's Vireo	0.0	0.0	0.0	0.0	0.0	0.0	0.0	0.0	0.0	0.0	0.0	0.0	0.0	0.16666666666666666	0.0	0.0	0.0	0.0	0.0	0.0	0.0	0.0	0.0	0.0	0.0	0.0	0.0	0.0	0.0	0.0	0.0	0.0	0.0	0.0	0.0	0.0	0.0	0.0	0.0	0.0	0.0	0.0	0.0	0.0	0.0	0.0	0.0	0.0	
Warbling Vireo	0.0	0.0	0.0	0.0	0.0	0.0	0.0	0.0	0.0	0.0	0.0	0.0	0.0	0.0	0.0	0.0	0.0	0.0	0.0	0.0	0.0	0.25	0.2	0.3333333333333333	0.14285714285714285	0.2857142857142857	0.0	0.0	0.0	0.0	0.0	0.0	0.0	0.0	0.0	0.0	0.0	0.0	0.0	0.0	0.0	0.0	0.0	0.0	0.0	0.0	0.0	0.0	
Canada Jay	0.0	0.0	0.0	0.0	0.0	0.0	0.0	0.0	0.0	0.0	0.0	0.0	0.0	0.0	0.0	0.0	0.0	0.0	0.0	0.0015	0.0	0.0	0.0	0.0	0.0	0.0	0.0	0.0	0.0	0.0	0.0015	0.0	0.0	0.0	0.2	0.0	0.0	0.0	0.0	0.0	0.0	0.0	0.0	0.0	0.0	0.0	0.0	0.0	
Steller's Jay	0.0	0.0	0.0	0.0	0.0	0.0	0.0	0.3333333333333333	0.0	0.0	0.0	0.0	0.0	0.16666666666666666	0.0	0.25	0.0	0.5	0.0	0.0	0.0	0.125	0.0	0.0	0.0	0.0	0.0	0.0	0.0	0.0	0.0015	0.2	0.2	0.0	0.8	0.6666666666666666	0.0	0.0	0.0	0.2	0.0	1.0	0.0	0.0	0.0	0.0	0.0	0.0	
American Crow	0.0	0.0	0.0	0.0	0.0	0.0	0.0	0.3333333333333333	0.0	0.0	0.0	0.0	1.0	0.3333333333333333	0.25	0.0	0.0	0.5	0.0	0.0	1.0	0.0	1.0	0.6666666666666666	0.2857142857142857	0.5714285714285714	0.0	0.14285714285714285	0.6666666666666666	0.125	0.0	0.2	0.0	0.0	0.0	0.3333333333333333	0.3333333333333333	0.0	0.0	0.2	0.0	1.0	0.0	0.0	0.0	0.0	0.0	0.3333333333333333	
Northwestern Crow	0.0	1.0	0.0	0.0	0.0	0.0	0.0	0.3333333333333333	0.0	0.0	0.0	0.0	0.0	0.16666666666666666	0.25	0.75	0.0	0.0	0.0	0.0015	0.0	0.25	0.2	0.0	0.14285714285714285	0.0	0.0	0.0	0.3333333333333333	0.0	0.16666666666666666	0.2	0.0015	0.0	0.0	0.0	0.0	0.0	0.0	0.0	0.0	0.0	0.0	0.0	0.0	0.0	0.0	0.0	
American/Northwestern Crow	0.0	0.0	0.0	0.0	0.0	0.0	0.0	0.0	0.0	0.0	0.0	0.0	0.0	0.16666666666666666	0.0	0.0	0.0	0.0	0.0	0.0	0.0	0.0	0.0015	0.0	0.2857142857142857	0.0	0.25	0.14285714285714285	0.0	0.0	0.0	0.0	0.0	0.0	0.4	0.0	0.0	0.0	0.0	0.0	0.0	0.0	0.0	0.0	0.0	0.0	0.0	0.0	
Common Raven	0.0	1.0	0.0	0.5	0.0	0.0	0.0	0.6666666666666666	0.0	0.0	0.5	0.0	0.0	0.3333333333333333	0.5	0.25	0.0	1.0	0.5	0.0015	0.0	0.25	0.6	0.0	0.42857142857142855	0.2857142857142857	0.0	0.14285714285714285	0.3333333333333333	0.5	0.16666666666666666	0.0	0.4	0.3333333333333333	0.8	0.0	0.3333333333333333	0.0	0.0	0.6	0.0	0.0	0.0	0.0	0.0	0.0	0.0	0.6666666666666666	
Northern Rough-winged Swallow	0.0	0.0	0.0	0.0	0.0	0.0	0.0	0.0	0.0	0.0	0.0	0.0	0.0	0.16666666666666666	0.0	0.0	0.0	0.0	0.0	0.0	0.0	0.0	0.0	0.3333333333333333	0.0	0.0	0.0	0.0	0.3333333333333333	0.0	0.0	0.0	0.0	0.0	0.0	0.0	0.0	0.0	0.0	0.0	0.0	0.0	0.0	0.0	0.0	0.0	0.0	0.0	
Purple Martin	0.0	0.0	0.0	0.0	0.0	0.0	0.0	0.0	0.0	0.0	0.0	0.0	0.0	0.0	0.0	0.0	0.0	0.0	0.0	0.0	0.0	0.0	0.2	0.0	0.0	0.0	0.0	0.0	0.0	0.0	0.0	0.0	0.0	0.0	0.0	0.0	0.0	0.0	0.0	0.0	0.0	0.0	0.0	0.0	0.0	0.0	0.0	0.0	
Tree Swallow	0.0	0.0	0.0	0.0	0.0	0.0	0.0	0.0	0.0	0.0	0.0	0.0	0.0	0.16666666666666666	0.0	0.0	0.0	0.0	0.0	0.0	0.0	0.0	0.4	0.0	0.0	0.14285714285714285	0.0	0.0	0.0	0.0	0.0	0.0	0.0	0.0	0.0	0.0	0.0	0.0	0.0	0.0	0.0	0.0	0.0	0.0	0.0	0.0	0.0	0.0	
Violet-green Swallow	0.0	0.0	0.0	0.0	0.0	0.0	0.0	0.0	0.0	0.0	0.0	0.0	0.0	0.3333333333333333	0.0	0.0	0.0	0.0	0.0	0.0	0.5	0.125	0.4	0.0	0.5714285714285714	0.14285714285714285	0.0	0.14285714285714285	0.0	0.0	0.0	0.0	0.0	0.0	0.2	0.0	0.0	0.0	0.0	0.0	0.0	0.0	0.0	0.0	0.0	0.0	0.0	0.0	
Barn Swallow	0.0	0.0	0.0	0.0	0.0	0.0	0.0	0.0	0.0	0.0	0.0	0.0	0.0	0.16666666666666666	0.0	0.0	0.0	0.0	0.0	0.0	0.0	0.125	0.4	0.0	0.0	0.14285714285714285	0.0	0.14285714285714285	0.0	0.125	0.0	0.2	0.0	0.0	0.0	0.0	0.0	0.0	0.0	0.0	0.0	0.0	0.0	0.0	0.0	0.0	0.0	0.0	
Cliff Swallow	0.0	0.0	0.0	0.0	0.0	0.0	0.0	0.0	0.0	0.0	0.0	0.0	0.0	0.0	0.0	0.0	0.0	0.0	0.0	0.0	0.0	0.25	0.4	0.0	0.0	0.0	0.0	0.0	0.0	0.0	0.0	0.0	0.0	0.0	0.0	0.0	0.0	0.0	0.0	0.0	0.0	0.0	0.0	0.0	0.0	0.0	0.0	0.0	
swallow sp.	0.0	0.0	0.0	0.0	0.0	0.0	0.0	0.0	0.0	0.0	0.0	0.0	0.0	0.0	0.0	0.0	0.0	0.0	0.0	0.0	0.0	0.0	0.0	0.0	0.0	0.0	0.0	0.0	0.0	0.0	0.0	0.2	0.0	0.0	0.0	0.0	0.0	0.0	0.0	0.0	0.0	0.0	0.0	0.0	0.0	0.0	0.0	0.0	
Black-capped Chickadee	0.0	1.0	0.0	0.0	0.0	0.0	0.0	0.3333333333333333	0.0	0.0	0.0015	0.0	1.0	0.16666666666666666	0.0	0.0	0.0	0.0	0.0	0.0	0.0	0.125	0.0	0.6666666666666666	0.2857142857142857	0.42857142857142855	0.0	0.42857142857142855	0.0	0.375	0.5	0.4	0.0	0.3333333333333333	0.2	0.0	0.3333333333333333	1.0	0.0	0.2	1.0	1.0	0.0	0.0	0.0	0.0	0.0	0.0	
Chestnut-backed Chickadee	0.0	1.0	0.0	0.5	0.0	0.0	0.0	0.3333333333333333	1.0	0.0	0.5	0.0	1.0	0.5	0.75	1.0	0.0015	0.0	0.5	0.0015	0.0	0.25	0.8	0.3333333333333333	0.8571428571428571	0.7142857142857143	0.0	0.2857142857142857	0.6666666666666666	0.75	0.8333333333333334	0.4	0.6	0.6666666666666666	0.6	1.0	0.3333333333333333	0.0	0.0	0.8	0.5	1.0	0.0	0.0	0.0	0.0	0.0	0.6666666666666666	
chickadee sp.	0.0	0.0	0.0	0.0	0.0	0.0	0.0	0.0	0.0	0.0	0.5	0.0	0.0	0.0	0.0	0.0	0.0	0.0	0.0	0.0	0.0	0.0	0.0	0.3333333333333333	0.0	0.0	0.0	0.14285714285714285	0.0	0.125	0.0	0.0	0.0	0.0	0.0	0.0	0.0	0.0	0.0	0.0	0.0	0.0	0.0	0.0	0.0	0.0	0.0	0.0	
Bushtit	0.0	1.0	0.0	0.0	0.0	0.0	0.0	0.0	0.0	0.0	0.0	0.0	0.0	0.16666666666666666	0.0	0.0	0.0	0.0	0.0	0.0	0.0	0.0	0.0	0.0	0.14285714285714285	0.2857142857142857	0.0	0.0	0.3333333333333333	0.0	0.0	0.0	0.4	0.3333333333333333	0.0	0.0	0.0	0.0	0.0	0.0	0.0	0.0	0.0	0.0	0.0	0.0	0.0	0.6666666666666666	
Red-breasted Nuthatch	0.0	1.0	0.0	0.5	0.0	0.0	0.0	0.3333333333333333	1.0	0.0	0.5	0.0	1.0	0.3333333333333333	0.25	0.5	0.0	0.0	0.5	0.0	0.5	0.375	0.8	0.6666666666666666	0.8571428571428571	0.42857142857142855	0.25	0.7142857142857143	0.6666666666666666	0.75	0.6666666666666666	0.6	0.4	0.6666666666666666	1.0	0.3333333333333333	0.3333333333333333	0.0	0.0	0.8	0.5	1.0	0.0	0.0	0.0	0.0	0.0	0.0	
Brown Creeper	0.0	0.0	0.0	0.0	0.0	0.0	0.0	0.0	0.0	0.0	0.0	0.0	0.0	0.16666666666666666	0.0	0.5	0.0	0.0	0.0	0.0	0.0	0.125	0.0	0.0	0.5714285714285714	0.0015	0.0	0.2857142857142857	0.3333333333333333	0.5	0.3333333333333333	0.2	0.2	0.0	0.4	0.0	0.0	0.0	1.0	0.0	1.0	1.0	0.0	0.0	0.0	0.0	0.0	0.0	
House Wren	0.0	0.0	0.0	0.0	0.0	0.0	0.0	0.0	0.0	0.0	0.0	0.0	0.0	0.0	0.0	0.0	0.0	0.0	0.0	0.0	0.0	0.0	0.0	0.0	0.0	0.14285714285714285	0.0	0.0	0.0	0.0	0.0	0.0	0.0	0.0	0.0	0.0	0.0	0.0	0.0	0.0	0.0	0.0	0.0	0.0	0.0	0.0	0.0	0.0	
Pacific Wren	0.0	1.0	0.0	0.5	0.0	0.0	1.0	0.3333333333333333	0.5	0.0	1.0	1.0	1.0	0.6666666666666666	0.75	1.0	0.0	0.5	0.0	0.0015	1.0	0.75	0.6	0.6666666666666666	1.0	0.5714285714285714	0.0	0.42857142857142855	0.3333333333333333	0.5	0.16666666666666666	0.2	0.2	0.3333333333333333	0.2	1.0	0.3333333333333333	0.5	0.0	0.6	1.0	0.0	0.0	0.0	0.0	0.0	1.0	1.0	
Marsh Wren	0.0	0.0	0.0	0.0	0.0	0.0	0.0	0.3333333333333333	0.0	0.0	0.0	0.0	0.0	0.16666666666666666	0.0	0.0	0.0	0.0	0.0	0.0	0.0	0.125	0.2	0.0	0.14285714285714285	0.14285714285714285	0.0	0.14285714285714285	0.0	0.0	0.0	0.0	0.0	0.0	0.0	0.0	0.0	0.0	0.0	0.0	0.0	0.0	0.0	0.0	0.0	0.0	0.0	0.0	
Bewick's Wren	0.0	0.0	0.0	0.0	0.0	0.0	0.0	0.0	0.0	0.0	0.0	0.0	0.0	0.16666666666666666	0.0	0.25	0.0	0.0	0.0	0.0	0.0	0.25	0.0	0.0	0.0	0.0	0.0015	0.14285714285714285	0.0	0.25	0.16666666666666666	0.0	0.2	0.0	0.0	0.6666666666666666	0.0	0.0	0.0	0.0	1.0	0.0	0.0	0.0	0.0	0.0	0.0	0.0	
American Dipper	0.0	0.0	0.0	0.0	0.0	0.0	0.0	0.0	0.0	0.0	0.0	0.0	0.0	0.0	0.0	0.0	0.0	0.5	0.0	0.0	0.0	0.0	0.0	0.0	0.0	0.0	0.0	0.0	0.0	0.0	0.0	0.0	0.0	0.0	0.0	0.0	0.0	0.0	0.0	0.0	0.0	0.0	0.0	0.0	0.0	0.0	0.0	0.0	
Golden-crowned Kinglet	0.0	1.0	0.0	0.0	0.0	0.0	0.0	0.6666666666666666	0.0	0.0	0.5	1.0	0.0	0.3333333333333333	0.25	0.25	0.0	0.5	0.0	0.0	0.0	0.375	0.6	0.6666666666666666	0.5714285714285714	0.14285714285714285	0.25	0.2857142857142857	0.0	0.5	0.3333333333333333	0.2	0.2	0.6666666666666666	0.2	1.0	0.3333333333333333	0.0	0.0	1.0	0.5	1.0	0.0	0.0	0.0	0.0	0.0	0.6666666666666666	
Ruby-crowned Kinglet	0.0	1.0	0.0	0.0	0.0	0.0015	0.0	0.6666666666666666	0.5	0.0	0.5	1.0	0.0	0.16666666666666666	0.25	0.0	0.0	0.0	0.0	0.0	0.0	0.0	0.0	0.0	0.0	0.0	0.0	0.0	0.0	0.0	0.0	0.0	0.0	0.0	0.0	0.0	0.0	0.0	1.0	0.2	0.5	1.0	0.0	0.0	0.0	0.0	0.0	0.6666666666666666	
Townsend's Solitaire	0.0	0.0	0.0	0.0	0.0	0.0	0.0	0.0	0.0	0.0	0.0	0.0	0.0	0.0	0.0	0.0	0.0	0.5	0.0	0.0	0.0	0.0	0.0	0.0	0.0	0.0	0.0	0.0	0.0	0.0	0.0	0.0	0.0	0.0	0.0	0.0	0.0	0.0	0.0	0.0	0.0	0.0	0.0	0.0	0.0	0.0	0.0	0.0	
Varied Thrush	0.0	0.0	0.0	0.0	0.0	0.0	0.0	0.3333333333333333	0.0	0.0	0.0	1.0	0.0	0.16666666666666666	0.25	0.25	0.0	0.0	0.0	0.0	0.0	0.0	0.0	0.0	0.0	0.0	0.0	0.0	0.0	0.0	0.0	0.0	0.0	0.0	0.2	0.0	0.0	0.0	0.0	0.2	0.0	0.0	0.0	0.0	0.0	0.0	0.0	0.3333333333333333	
Swainson's Thrush	0.0	0.0	0.0	0.0	0.0	0.0	0.0	0.0	0.0	0.0	0.0	0.0	0.0	0.0	0.0	0.0	0.0	0.0	0.0	0.0	0.5	0.75	0.8	1.0	1.0	0.8571428571428571	0.5	0.42857142857142855	0.0	0.0	0.0	0.0	0.2	0.0	0.0	0.0	0.0	0.0	0.0	0.0	0.0	0.0	0.0	0.0	0.0	0.0	0.0	0.0	
Hermit Thrush	0.0	0.0	0.0	0.0	0.0	0.0	0.0	0.0	0.0	0.0	0.0	0.0	0.0	0.0	0.0	0.0	0.0	0.0	0.0	0.0	0.0	0.0	0.0	0.0	0.0	0.0015	0.0	0.0	0.0	0.125	0.0	0.2	0.0	0.0	0.0	0.0	0.0	0.0	0.0	0.0	0.0	0.0	0.0	0.0	0.0	0.0	0.0	0.0	
American Robin	0.0	1.0	0.0	1.0	0.0	0.0	0.0	0.6666666666666666	0.0	0.0	0.0	0.0	0.0	0.6666666666666666	0.75	1.0	0.0	0.5	1.0	0.0	1.0	0.625	0.8	1.0	1.0	0.8571428571428571	0.5	0.5714285714285714	0.3333333333333333	0.5	0.5	0.2	0.6	0.0	0.6	0.6666666666666666	1.0	0.0	0.0	0.4	0.5	1.0	0.0	0.0	0.0	0.0	0.0	0.6666666666666666	
European Starling	0.0	0.0	0.0	0.0	0.0	0.0	0.0	0.3333333333333333	0.0	0.0	0.0	0.0	0.0	0.16666666666666666	0.0	0.25	0.0	0.0	0.0	0.0	0.0	0.125	0.2	0.0	0.0	0.0	0.0	0.0	0.0	0.0	0.0	0.0	0.0	0.0	0.0	0.0	0.0	0.0	0.0	0.0	0.0	0.0	0.0	0.0	0.0	0.0	0.0	0.0	
American Pipit	0.0	0.0	0.0	0.0	0.0	0.0	0.0	0.0	0.0	0.0	0.0	0.0	0.0	0.16666666666666666	0.0	0.0	0.0	0.0	0.0	0.0	0.0	0.0	0.0	0.0	0.0	0.0	0.0	0.0	0.0	0.0	0.0	0.0	0.0	0.0	0.0	0.0	0.0	0.0	0.0	0.0	0.0	0.0	0.0	0.0	0.0	0.0	0.0	0.0	
Cedar Waxwing	0.0	0.0	0.0	0.0	0.0	0.0	0.0	0.0	0.0	0.0	0.0	0.0	0.0	0.0	0.0	0.0	0.0	0.0	0.0	0.0	0.0	0.25	0.4	0.3333333333333333	0.14285714285714285	0.2857142857142857	0.0	0.14285714285714285	0.0	0.0	0.0	0.0	0.2	0.0	0.0	0.3333333333333333	0.0	0.0	0.0	0.0	0.0	0.0	0.0	0.0	0.0	0.0	0.0	0.0	
House Finch	0.0	1.0	0.0	0.5	0.0	0.0	0.0	0.3333333333333333	0.0	0.0	0.0015	0.0	0.0	0.16666666666666666	0.25	0.25	0.0	0.0	0.0	0.0	0.0	0.125	0.2	0.3333333333333333	0.0	0.0	0.0	0.0	0.0	0.0	0.0	0.0	0.0	0.0	0.0	0.0	0.0	0.0	0.0	0.4	0.0	0.0	0.0	0.0	0.0	0.0	0.0	0.0	
Purple Finch	0.0	0.0	0.0	0.0	0.0	0.0	0.0	0.0	0.0	0.0	0.0	0.0	0.0	0.3333333333333333	0.0	0.25	0.0	0.0	0.0	0.0	0.0	0.375	0.2	0.3333333333333333	0.7142857142857143	0.0	0.0	0.2857142857142857	0.0	0.0	0.0	0.0	0.0	0.0	0.0	0.0	0.0	0.0	0.0	0.2	0.0	0.0	0.0	0.0	0.0	0.0	0.0	0.0	
Red Crossbill	0.0	1.0	0.0	0.0	0.0	0.0	0.0	0.0	0.0	0.0	0.0	0.0	0.0	0.0	0.0	0.0	0.0	0.0	0.0	0.0	0.0	0.25	0.0	0.0	0.14285714285714285	0.14285714285714285	0.0	0.0	0.0	0.0	0.0	0.0015	0.0	0.3333333333333333	0.4	0.0	0.0	0.0	0.0	0.0	0.0	0.0	0.0	0.0	0.0	0.0	0.0	0.0	
Pine Siskin	0.0	1.0	0.0	0.0	0.0	0.0	0.0	0.3333333333333333	1.0	0.0	0.0	1.0	0.0	0.5	0.0	0.5	0.0	0.5	0.5	0.0	0.0	0.25	0.0	0.0	0.0	0.0	0.25	0.14285714285714285	0.0	0.0	0.0	0.0	0.2	0.6666666666666666	0.2	0.0	0.0	0.0	0.0	0.0	0.0	1.0	0.0	0.0	0.0	0.0	0.0	0.6666666666666666	
American Goldfinch	0.0	0.0	0.0	0.0	0.0	0.0	0.0	0.3333333333333333	0.0	0.0	0.5	0.0	0.0	0.16666666666666666	0.0	0.5	0.0	0.0	0.5	0.0	0.0	0.5	0.6	0.3333333333333333	0.8571428571428571	0.2857142857142857	0.25	0.42857142857142855	0.0	0.125	0.0	0.0	0.0	0.0	0.0	0.0	0.0	0.0	0.0	0.0	0.0	0.0	0.0	0.0	0.0	0.0	0.0	0.0	
finch sp.	0.0	0.0	0.0	0.0	0.0	0.0	0.0	0.0	0.0	0.0	0.0	0.0	0.0	0.0	0.0	0.0	0.0	0.0	0.0	0.0	0.0	0.0	0.0	0.0	0.0	0.0	0.0	0.0	0.0	0.0	0.0	0.0	0.0	0.0	0.0	0.0	0.3333333333333333	0.0	0.0	0.0	0.0	0.0	0.0	0.0	0.0	0.0	0.0	0.0	
Chipping Sparrow	0.0	0.0	0.0	0.0	0.0	0.0	0.0	0.0	0.0	0.0	0.0	0.0	0.0	0.0	0.0	0.0	0.0	0.0	0.0	0.0	0.0	0.0	0.2	0.0	0.0	0.0	0.0	0.0	0.0	0.0	0.0	0.0	0.0	0.0	0.0	0.0	0.0	0.0	0.0	0.0	0.0	0.0	0.0	0.0	0.0	0.0	0.0	0.0	
Fox Sparrow	0.0	1.0	0.0	0.0	0.0	0.0	0.0	0.3333333333333333	0.0	0.0	0.0	0.0	0.0	0.3333333333333333	0.25	0.0	0.0	0.0	0.0	0.0	0.0	0.0	0.0	0.0	0.0	0.0	0.0	0.0	0.0	0.0	0.0	0.0	0.0	0.0	0.2	0.3333333333333333	0.3333333333333333	0.0	0.0	0.0	0.0	0.0	0.0	0.0	0.0	0.0	0.0	0.6666666666666666	
Dark-eyed Junco	0.0	1.0	0.0	0.5	0.0	0.0	0.0	0.3333333333333333	0.0	0.0	0.0	0.0	0.0	0.16666666666666666	0.5	0.75	0.0	0.5	0.0	0.0	1.0	0.375	0.8	0.6666666666666666	0.7142857142857143	0.5714285714285714	0.0	0.2857142857142857	0.0	0.5	0.5	0.6	0.8	0.0	0.4	1.0	0.6666666666666666	0.0	0.0	0.2	0.0	1.0	0.0	0.0	0.0	0.0	0.0	0.0	
White-crowned Sparrow	0.0	0.0	0.0	0.0	0.0	0.0	0.0	0.3333333333333333	0.0	0.0	0.0	0.0	0.0	0.3333333333333333	0.0	0.25	0.0	0.5	0.0	0.0	0.0	0.375	0.8	0.3333333333333333	0.5714285714285714	0.14285714285714285	0.25	0.0	0.0	0.125	0.3333333333333333	0.2	0.2	0.0	0.0	0.0	0.3333333333333333	0.0	0.0	0.0	0.0	0.0	0.0	0.0	0.0	0.0	0.0	0.0	
Golden-crowned Sparrow	0.0	0.0	0.0	0.0	0.0	0.0	0.0	0.0	0.0	0.0	0.0	0.0	0.0	0.16666666666666666	0.0	0.0	0.0	0.0	0.0	0.0	0.0	0.0	0.0	0.0	0.0	0.0	0.0	0.0	0.0	0.0	0.0	0.0	0.0	0.0	0.0	0.0	0.0	0.0	0.0	0.0	0.0	1.0	0.0	0.0	0.0	0.0	0.0	0.0	
Savannah Sparrow	0.0	0.0	0.0	0.0	0.0	0.0	0.0	0.0	0.0	0.0	0.0	0.0	0.0	0.16666666666666666	0.0	0.0	0.0	0.0	0.0	0.0	0.0	0.0015	0.0	0.0015	0.0	0.0	0.0	0.0	0.0	0.0	0.0	0.2	0.0	0.0	0.2	0.0	0.0	0.0	0.0	0.0	0.0	0.0	0.0	0.0	0.0	0.0	0.0	0.0	
Song Sparrow	0.0	1.0	0.0	0.5	0.0	0.0015	0.0	0.6666666666666666	0.0	0.0	0.0	0.0	0.0	0.5	0.25	0.25	0.0	0.5	0.0	0.0	0.5	0.75	0.8	1.0	0.7142857142857143	0.7142857142857143	0.0	0.42857142857142855	0.3333333333333333	0.375	0.3333333333333333	0.0	0.2	0.3333333333333333	0.4	0.6666666666666666	0.6666666666666666	0.0	0.0	0.4	0.0	1.0	0.0	0.0	0.0	0.0	0.0	0.6666666666666666	
Lincoln's Sparrow	0.0	0.0	0.0	0.0	0.0	0.0	0.0	0.3333333333333333	0.0	0.0	0.0	0.0	0.0	0.0	0.0	0.0	0.0	0.0	0.0	0.0	0.0	0.0	0.0	0.0	0.0	0.0	0.0	0.0	0.0	0.0	0.0	0.0	0.0	0.0	0.0	0.0	0.0	0.0	0.0	0.0	0.0	0.0	0.0	0.0	0.0	0.0	0.0	0.0	
Spotted Towhee	0.0	0.0	0.0	0.5	0.0	0.0	0.5	0.6666666666666666	1.0	0.0	0.5	1.0	1.0	0.6666666666666666	0.25	0.5	0.0	0.5	0.5	0.0	1.0	1.0	0.8	0.3333333333333333	0.8571428571428571	0.7142857142857143	0.25	0.5714285714285714	0.6666666666666666	0.375	0.16666666666666666	0.2	0.0015	0.3333333333333333	0.4	0.3333333333333333	0.3333333333333333	0.0	0.0	0.2	1.0	1.0	0.0	0.0	0.0	0.0	0.0	1.0	
Western Meadowlark	0.0	0.0	0.0	0.0	0.0	0.0	0.0	0.3333333333333333	0.0	0.0	0.0	0.0	0.0	0.0	0.0	0.0	0.0	0.0	0.0	0.0	0.0	0.0	0.0	0.0	0.0	0.0	0.0	0.0	0.0	0.0	0.0	0.0	0.0	0.0	0.0	0.0	0.0	0.0	0.0	0.0	0.0	0.0	0.0	0.0	0.0	0.0	0.0	0.0	
Red-winged Blackbird	0.0	0.0	0.0	0.0	0.0	0.0	0.0	0.3333333333333333	0.0	0.0	0.0	0.0	1.0	0.16666666666666666	0.25	0.25	0.0	0.0	0.0	0.0	0.0	0.125	0.0015	0.0	0.0	0.0	0.0	0.0	0.0	0.0	0.0	0.0	0.0	0.0	0.0	0.0	0.0	0.0	0.0	0.2	0.0	0.0	0.0	0.0	0.0	0.0	0.0	0.0	
Brown-headed Cowbird	0.0	0.0	0.0	0.0	0.0	0.0	0.0	0.0	0.0	0.0	0.0	0.0	0.0	0.0	0.0	0.25	0.0	0.5	0.0	0.0	0.0	0.125	0.2	0.0	0.0	0.0	0.0	0.0	0.3333333333333333	0.0	0.0	0.0	0.0	0.0	0.0	0.0	0.0	0.0	0.0	0.0	0.0	0.0	0.0	0.0	0.0	0.0	0.0	0.0	
Brewer's Blackbird	0.0	0.0	0.0	0.0	0.0	0.0	0.0	0.3333333333333333	0.0	0.0	0.0	0.0	0.0	0.16666666666666666	0.0	0.0	0.0	0.0	0.0	0.0	0.0	0.0	0.0	0.0015	0.0	0.0	0.0	0.14285714285714285	0.0	0.0	0.0	0.0	0.2	0.0	0.0	0.0	0.0	0.0	0.0	0.0	0.0	0.0	0.0	0.0	0.0	0.0	0.0	0.0	
Orange-crowned Warbler	0.0	0.0	0.0	0.0	0.0	0.0	0.0	0.0	0.0	0.0	0.0	0.0	0.0	0.3333333333333333	0.25	0.5	0.0	0.0	0.0	0.0	0.5	0.375	0.6	0.3333333333333333	0.42857142857142855	0.0	0.0	0.0	0.0	0.0	0.0	0.0	0.0	0.0	0.0	0.0	0.0	0.0	0.0	0.0	0.0	0.0	0.0	0.0	0.0	0.0	0.0	0.0	
Common Yellowthroat	0.0	0.0	0.0	0.0	0.0	0.0	0.0	0.0	0.0	0.0	0.0	0.0	0.0	0.16666666666666666	0.0	0.25	0.0	0.0	0.0	0.0	0.0	0.0	0.0	0.0	0.14285714285714285	0.14285714285714285	0.0	0.14285714285714285	0.0	0.0	0.0	0.0	0.0	0.0	0.0	0.0	0.0	0.0	0.0	0.0	0.0	0.0	0.0	0.0	0.0	0.0	0.0	0.0	
Yellow-rumped Warbler	0.0	0.0	0.0	0.0	0.0	0.0	0.0	0.0	0.0	0.0	0.0	0.0	0.0	0.16666666666666666	0.0	0.0	0.0	0.0	0.0	0.0	0.0	0.0	0.0	0.0	0.0	0.0	0.0	0.0	0.0	0.0	0.0	0.0	0.0	0.0	0.0	0.0	0.3333333333333333	0.0	0.0	0.0	0.0	0.0	0.0	0.0	0.0	0.0	0.0	0.0	
Townsend's Warbler	0.0	0.0	0.0	0.0	0.0	0.0	0.0	0.0	0.0	0.0	0.0	0.0	0.0	0.0	0.25	0.0	0.0	0.5	0.0	0.0	0.0	0.0	0.0	0.0	0.0	0.0	0.0	0.0	0.0	0.0	0.0	0.0	0.0	0.0	0.0	0.0	0.0	0.0	0.0	0.0	0.0	0.0	0.0	0.0	0.0	0.0	0.0	0.0	
Wilson's Warbler	0.0	0.0	0.0	0.0	0.0	0.0	0.0	0.0	0.0	0.0	0.0	0.0	0.0	0.0	0.0	0.0	0.0	0.5	0.5	0.0	0.5	0.375	0.2	1.0	0.5714285714285714	0.0015	0.0	0.2857142857142857	0.0	0.0	0.0	0.0	0.0	0.0	0.0	0.0	0.0	0.0	0.0	0.0	0.0	0.0	0.0	0.0	0.0	0.0	0.0	0.0	
Western Tanager	0.0	0.0	0.0	0.0	0.0	0.0	0.0	0.0	0.0	0.0	0.0	0.0	0.0	0.0	0.0	0.0	0.0	0.5	0.0	0.0	0.5	0.0	0.2	0.3333333333333333	0.0	0.0	0.25	0.0	0.3333333333333333	0.125	0.0	0.0	0.0	0.0	0.0	0.0	0.0	0.0	0.0	0.0	0.0	0.0	0.0	0.0	0.0	0.0	0.0	0.0	
Black-headed Grosbeak	0.0	0.0	0.0	0.0	0.0	0.0	0.0	0.0	0.0	0.0	0.0	0.0	0.0	0.0	0.0	0.0	0.0	0.5	0.0	0.0	0.0	0.0	0.0	0.3333333333333333	0.0	0.0	0.0	0.0	0.0	0.0	0.0	0.0	0.0	0.0	0.0	0.0	0.0	0.0	0.0	0.0	0.0	0.0	0.0	0.0	0.0	0.0	0.0	0.0	
House Sparrow	0.0	0.0	0.0	0.0	0.0	0.0	0.0	0.3333333333333333	0.0	0.0	0.0	0.0	0.0	0.16666666666666666	0.0	0.0	0.0	0.0	0.0	0.0	0.0	0.125	0.0	0.0	0.0	0.0	0.0	0.0	0.0	0.0	0.0	0.0	0.0	0.0	0.0	0.0	0.0	0.0	0.0	0.0	0.0	1.0	0.0	0.0	0.0	0.0	0.0	0.0	

