









Frequency of observations in the selected location(s).:
Number of taxa: 	171

	Jan				Feb				Mar				Apr				May				Jun				Jul				Aug				Sep				Oct				Nov				Dec				
Sample Size:	6.0	4.0	4.0	5.0	2.0	6.0	2.0	4.0	4.0	4.0	9.0	10.0	5.0	8.0	6.0	6.0	7.0	3.0	7.0	7.0	6.0	2.0	3.0	4.0	4.0	9.0	6.0	10.0	10.0	6.0	8.0	6.0	6.0	5.0	10.0	12.0	4.0	4.0	2.0	5.0	4.0	8.0	2.0	5.0	6.0	3.0	2.0	5.0	

Snow Goose	0.0	0.0	0.0	0.0	0.0	0.0	0.0	0.0	0.0	0.0	0.0	0.0	0.0	0.0	0.0	0.0	0.0	0.0	0.0	0.0	0.0	0.0	0.0	0.0	0.0	0.0	0.0	0.0	0.0	0.0	0.0	0.0	0.0	0.0	0.0	0.0	0.25	0.0	0.5	0.0	0.0	0.0	0.0	0.0	0.0	0.0	0.0	0.0	
Greater White-fronted Goose	0.0	0.0	0.0	0.0	0.0	0.0	0.0	0.0	0.0	0.0	0.1111111111111111	0.0	0.0	0.0	0.0	0.0	0.14285714285714285	0.0	0.0	0.0	0.0	0.0	0.0	0.0	0.0	0.0	0.0	0.0	0.0	0.0	0.0	0.0	0.0	0.0	0.0	0.0	0.5	0.0	0.0	0.0	0.0	0.0	0.0	0.0	0.0	0.0	0.0	0.0	
Brant	0.0	0.0	0.0	0.0	0.0	0.0	0.0	0.0	0.0	0.0	0.0	0.0	0.0	0.125	0.0	0.0	0.0	0.0	0.0	0.0	0.0	0.0	0.0	0.0	0.0	0.0	0.0	0.0	0.0	0.0	0.0	0.0	0.0	0.0	0.0	0.0	0.0	0.0	0.0	0.0	0.0	0.0	0.0	0.0	0.0	0.0	0.0	0.0	
Cackling Goose	0.0	0.0	0.0	0.0	0.0	0.0	0.0	0.0	0.0	0.0	0.0	0.0	0.0	0.0	0.0	0.0	0.14285714285714285	0.0	0.0	0.0	0.0	0.0	0.0	0.0	0.0	0.0	0.0	0.0	0.0	0.0	0.0	0.0	0.0	0.0	0.1	0.08333333333333333	0.25	0.75	0.5	0.4	0.0	0.125	0.0	0.0	0.0	0.0	0.0	0.0	
Canada Goose	0.0	0.0	0.0	0.4	0.5	0.6666666666666666	0.5	1.0	1.0	0.25	0.4444444444444444	0.4	0.8	0.375	0.3333333333333333	0.6666666666666666	1.0	0.3333333333333333	0.2857142857142857	0.2857142857142857	0.5	0.5	0.0	0.0	0.25	0.0	0.16666666666666666	0.2	0.6	0.6666666666666666	0.5	0.8333333333333334	0.5	0.2	0.0	0.3333333333333333	0.5	0.5	0.5	0.2	0.25	0.25	0.0	0.0	0.16666666666666666	0.0	0.0	0.2	
Trumpeter Swan	0.0	0.0	0.25	0.2	0.5	0.0	0.0	0.25	0.0	0.0	0.1111111111111111	0.1	0.0	0.0	0.0	0.0	0.0	0.0	0.0	0.0	0.0	0.0	0.0	0.0	0.0	0.0	0.0	0.0	0.0	0.0	0.0	0.0	0.0	0.0	0.0	0.0	0.0	0.0	0.0	0.0	0.25	0.0	0.0	0.2	0.16666666666666666	0.0	0.0	0.2	
Tundra Swan	0.0	0.0	0.0	0.2	0.0	0.0	0.0	0.0	0.0	0.0	0.0	0.0	0.0	0.0	0.0	0.0	0.0	0.0	0.0	0.0	0.0	0.0	0.0	0.0	0.0	0.0	0.0	0.0	0.0	0.0	0.0	0.0	0.0	0.0	0.0	0.0	0.0	0.0	0.0	0.0	0.0	0.0	0.0	0.0	0.0	0.0	0.0	0.0	
swan sp.	0.0	0.0	0.0	0.0	0.0	0.16666666666666666	0.0	0.0	0.0	0.0	0.0	0.0	0.0	0.0	0.0	0.0	0.0	0.0	0.0	0.0	0.0	0.0	0.0	0.0	0.0	0.0	0.0	0.0	0.0	0.0	0.0	0.0	0.0	0.0	0.0	0.0	0.0	0.0	0.0	0.2	0.0	0.0	0.0	0.0	0.0	0.0	0.0	0.0	
Blue-winged Teal	0.0	0.0	0.0	0.0	0.0	0.0	0.0	0.0	0.0	0.0	0.0	0.0	0.0	0.0	0.0	0.0	0.0	0.0	0.14285714285714285	0.2857142857142857	0.16666666666666666	0.0	0.0	0.0	0.0	0.0	0.0	0.0	0.0	0.0	0.0	0.0	0.0	0.0	0.0	0.0	0.0	0.0	0.0	0.0	0.0	0.0	0.0	0.0	0.0	0.0	0.0	0.0	
Cinnamon Teal	0.0	0.0	0.0	0.0	0.0	0.0	0.0	0.0	0.0	0.0	0.0	0.0	0.0	0.0	0.0	0.16666666666666666	0.0	0.0	0.0	0.0	0.0	0.0	0.0	0.0	0.25	0.0	0.0	0.1	0.1	0.16666666666666666	0.0	0.0	0.0	0.0	0.0	0.0	0.0	0.0	0.0	0.0	0.0	0.0	0.0	0.0	0.0	0.0	0.0	0.0	
Blue-winged/Cinnamon Teal	0.0	0.0	0.0	0.0	0.0	0.0	0.0	0.0	0.0	0.0	0.0	0.0	0.0	0.0	0.0	0.0	0.0	0.0	0.0	0.0	0.0	0.0	0.0	0.0	0.0	0.0	0.0	0.0	0.0	0.0	0.125	0.16666666666666666	0.16666666666666666	0.0	0.0	0.16666666666666666	0.0	0.0	0.0	0.0	0.0	0.0	0.0	0.0	0.0	0.0	0.0	0.0	
Northern Shoveler	0.16666666666666666	0.25	0.5	0.4	0.0	0.3333333333333333	0.5	0.75	0.5	0.75	0.1111111111111111	0.6	0.4	0.0	0.16666666666666666	0.0	0.0	0.0	0.14285714285714285	0.14285714285714285	0.0	0.0	0.0	0.0	0.0	0.0	0.0	0.0	0.0	0.0	0.0	0.0	0.16666666666666666	0.0	0.1	0.08333333333333333	0.5	0.75	0.0	0.6	0.25	0.75	1.0	0.4	0.3333333333333333	0.6666666666666666	1.0	0.4	
Gadwall	0.3333333333333333	0.5	0.25	0.6	0.5	0.6666666666666666	0.0	0.5	0.5	0.5	0.2222222222222222	0.4	0.2	0.125	0.5	0.8333333333333334	0.7142857142857143	0.3333333333333333	0.5714285714285714	0.7142857142857143	1.0	1.0	0.6666666666666666	0.75	0.5	0.3333333333333333	0.16666666666666666	0.3	0.4	0.6666666666666666	0.375	0.6666666666666666	0.16666666666666666	0.0	0.1	0.08333333333333333	0.0	0.0	0.0	0.6	0.5	0.125	1.0	0.4	0.0	0.6666666666666666	0.5	0.2	
Eurasian Wigeon	0.0	0.0	0.0	0.0	0.0	0.0	0.0	0.0	0.0	0.0	0.0	0.0	0.0	0.0	0.0	0.0	0.0	0.0	0.0	0.0	0.0	0.0	0.0	0.0	0.0	0.0	0.0	0.0	0.0	0.0	0.0	0.0	0.0	0.0	0.0	0.0	0.0	0.0	0.0	0.0	0.0	0.0	0.0	0.0	0.16666666666666666	0.0	0.0	0.0	
American Wigeon	1.0	0.75	0.5	0.8	1.0	0.6666666666666666	0.5	0.75	0.5	1.0	0.4444444444444444	0.6	0.6	0.375	0.6666666666666666	0.5	0.14285714285714285	0.0	0.0	0.0	0.0	0.0	0.0	0.25	0.0	0.0	0.0	0.0	0.0	0.0	0.0	0.0	0.0	0.0	0.2	0.16666666666666666	0.0	0.5	0.0	0.6	0.5	0.625	1.0	0.4	0.3333333333333333	1.0	0.0	0.4	
Mallard	0.8333333333333334	1.0	1.0	0.8	1.0	1.0	0.5	1.0	1.0	1.0	0.8888888888888888	1.0	1.0	1.0	1.0	0.8333333333333334	1.0	1.0	1.0	0.8571428571428571	1.0	1.0	1.0	1.0	1.0	0.5555555555555556	0.8333333333333334	0.8	1.0	0.8333333333333334	0.625	0.8333333333333334	1.0	0.6	0.9	0.75	1.0	0.75	1.0	0.8	1.0	1.0	1.0	1.0	1.0	1.0	1.0	0.8	
Northern Pintail	0.8333333333333334	1.0	1.0	1.0	1.0	0.6666666666666666	0.0	0.5	1.0	0.5	0.5555555555555556	0.4	0.8	0.25	0.5	0.6666666666666666	0.42857142857142855	0.0	0.42857142857142855	0.0	0.0	0.0	0.0	0.0	0.0	0.0	0.0	0.0	0.0	0.0	0.0	0.0	0.5	0.2	0.2	0.0	0.5	0.25	0.0	0.8	0.5	0.625	0.5	0.4	0.3333333333333333	0.3333333333333333	0.5	0.4	
Green-winged Teal	0.6666666666666666	0.5	0.5	0.8	1.0	0.6666666666666666	0.0	0.25	0.5	0.25	0.4444444444444444	0.4	0.4	0.625	0.3333333333333333	0.5	0.5714285714285714	0.0	0.0	0.0	0.0	0.0	0.0	0.0	0.0	0.0	0.0	0.0	0.0	0.16666666666666666	0.125	0.6666666666666666	0.6666666666666666	0.2	0.6	0.6666666666666666	0.75	1.0	0.5	0.2	0.5	1.0	1.0	0.6	0.3333333333333333	0.6666666666666666	0.5	0.4	
dabbling duck sp.	0.0	0.0	0.0	0.0	0.0	0.16666666666666666	0.0	0.0	0.0	0.0	0.0	0.0	0.0	0.0	0.0	0.0	0.14285714285714285	0.0	0.0	0.0	0.0	0.0	0.0	0.0	0.0	0.0	0.0	0.0	0.0	0.0	0.0	0.0	0.0	0.0	0.0	0.08333333333333333	0.0	0.0	0.0	0.0	0.0	0.0	0.0	0.0	0.0	0.0	0.0	0.0	
Ring-necked Duck	0.0	0.0	0.0	0.0	0.0	0.0	0.0	0.0	0.0	0.0	0.0	0.0	0.0	0.0	0.0	0.0	0.0	0.0	0.14285714285714285	0.0	0.0	0.0	0.0	0.0	0.0	0.0	0.0	0.0	0.0	0.0	0.0	0.0	0.0	0.0	0.0	0.0	0.0	0.0	0.0	0.0	0.0	0.0	0.0	0.0	0.0	0.0	0.0	0.0	
White-winged Scoter	0.0	0.0	0.0	0.0	0.0	0.0	0.0	0.0	0.0	0.0	0.0	0.0	0.0	0.0	0.0	0.0	0.0	0.0	0.0	0.0	0.0	0.0	0.0	0.0	0.0	0.0	0.0	0.0	0.0	0.0	0.125	0.0	0.0	0.0	0.0	0.0	0.0	0.0	0.0	0.0	0.0	0.0	0.0	0.0	0.0	0.0	0.0	0.0	
Bufflehead	0.3333333333333333	1.0	0.75	0.8	1.0	0.6666666666666666	0.0	0.5	0.75	0.5	0.3333333333333333	0.3	0.2	0.0	0.3333333333333333	0.0	0.0	0.0	0.0	0.0	0.0	0.5	0.0	0.0	0.0	0.0	0.0	0.0	0.0	0.0	0.0	0.0	0.0	0.0	0.0	0.0	0.0	0.0	0.0	0.2	0.0	0.0	0.0	0.2	0.0	0.3333333333333333	0.0	0.6	
Common Goldeneye	0.0	0.0	0.25	0.0	0.0	0.0	0.0	0.0	0.0	0.0	0.0	0.0	0.0	0.0	0.0	0.0	0.0	0.0	0.0	0.0	0.0	0.0	0.0	0.0	0.0	0.0	0.0	0.0	0.0	0.0	0.0	0.0	0.0	0.0	0.0	0.0	0.0	0.0	0.0	0.0	0.0	0.125	0.0	0.0	0.0	0.0	0.0	0.2	
Hooded Merganser	0.0	0.0	0.0	0.0	1.0	0.16666666666666666	0.0	0.25	0.0	0.0	0.2222222222222222	0.0	0.0	0.125	0.0	0.0	0.0	0.0	0.0	0.0	0.0	0.0	0.0	0.0	0.0	0.0	0.0	0.0	0.0	0.0	0.0	0.0	0.0	0.0	0.0	0.0	0.0	0.0	0.0	0.0	0.0	0.0	0.0	0.0	0.0	0.0	0.0	0.0	
Common Merganser	0.16666666666666666	0.0	0.0	0.0	0.0	0.0	0.0	0.0	0.0	0.0	0.0	0.1	0.0	0.125	0.0	0.3333333333333333	0.0	0.0015	0.0	0.0	0.0	0.0	0.0	0.0	0.0	0.1111111111111111	0.0	0.0	0.0	0.0	0.0	0.0	0.0	0.0	0.0	0.0	0.0	0.0	0.0	0.0	0.0	0.0	0.0	0.0	0.0	0.0	0.0	0.0	
duck sp.	0.0	0.0	0.0	0.2	0.0	0.0	0.0	0.0	0.0	0.0	0.0	0.0	0.0	0.0	0.0	0.0	0.2857142857142857	0.0	0.0	0.0	0.0	0.0	0.0	0.0	0.25	0.0	0.0	0.0	0.1	0.0	0.0	0.16666666666666666	0.0	0.0	0.0	0.0	0.0	0.25	0.0	0.0	0.25	0.0	0.0	0.0	0.0	0.0	0.0	0.0	
waterfowl sp.	0.0	0.0	0.0	0.0	0.0	0.0	0.0	0.0	0.0	0.0	0.0	0.0	0.0	0.0	0.0	0.0	0.14285714285714285	0.0	0.0	0.0	0.0	0.0	0.0	0.0	0.0	0.0	0.0	0.0	0.0	0.0	0.0	0.0	0.0	0.0	0.0	0.0	0.0	0.0	0.0	0.0	0.0	0.0	0.0	0.0	0.0	0.0	0.0	0.0	
California Quail	0.0	0.0	0.25	0.6	1.0	0.3333333333333333	0.5	0.25	0.25	0.25	0.3333333333333333	0.3	0.2	0.25	0.16666666666666666	0.5	0.2857142857142857	0.3333333333333333	0.42857142857142855	0.2857142857142857	0.3333333333333333	0.0	0.0	0.0	0.25	0.2222222222222222	0.3333333333333333	0.1	0.2	0.16666666666666666	0.0	0.5	0.0	0.0	0.2	0.0	0.25	0.25	0.0	0.2	0.25	0.25	0.0	0.4	0.3333333333333333	0.0	0.0	0.4	
Pied-billed Grebe	0.3333333333333333	0.25	0.25	0.4	0.5	0.3333333333333333	0.0	0.5	0.5	0.25	0.3333333333333333	0.6	0.4	0.125	0.3333333333333333	0.16666666666666666	0.14285714285714285	0.0	0.14285714285714285	0.14285714285714285	0.16666666666666666	0.0	0.3333333333333333	0.25	0.25	0.0	0.16666666666666666	0.3	0.3	0.16666666666666666	0.125	0.0	0.0	0.0	0.0	0.0	0.0	0.0	0.5	0.2	0.5	0.25	0.5	0.2	0.16666666666666666	0.3333333333333333	0.0	0.2	
Red-necked Grebe	0.0	0.0	0.0	0.0	0.0	0.0	0.0	0.0	0.0	0.0	0.0	0.0	0.0	0.0	0.0	0.0	0.0	0.0	0.0	0.0	0.0	0.0	0.0	0.0	0.0	0.0	0.0	0.0	0.0	0.0	0.25	0.0	0.0	0.0	0.0	0.0	0.0	0.0	0.0	0.0	0.0	0.0	0.0	0.0	0.0	0.0	0.0	0.0	
Rock Pigeon	0.16666666666666666	0.0	0.0	0.2	0.0	0.16666666666666666	0.5	0.25	0.0	0.25	0.1111111111111111	0.0	0.4	0.25	0.0	0.5	0.42857142857142855	0.3333333333333333	0.5714285714285714	0.14285714285714285	0.6666666666666666	0.5	0.6666666666666666	0.75	0.25	0.5555555555555556	0.16666666666666666	0.5	0.2	0.3333333333333333	0.125	0.16666666666666666	0.6666666666666666	0.4	0.2	0.25	0.5	0.75	1.0	0.2	0.25	0.125	0.0	0.2	0.3333333333333333	0.0	0.0	0.6	
Band-tailed Pigeon	0.0	0.0	0.0	0.0	0.0	0.0	0.0	0.0	0.0	0.0	0.0	0.0	0.0	0.0	0.0	0.0	0.0	0.0	0.0	0.0	0.0	0.0	0.0	0.0	0.0	0.0	0.0	0.0	0.0	0.0	0.125	0.0	0.0	0.0	0.0	0.0	0.0	0.0	0.0	0.0	0.0	0.0	0.0	0.0	0.0	0.0	0.0	0.0	
Eurasian Collared-Dove	0.3333333333333333	0.25	1.0	0.8	0.5	0.6666666666666666	0.5	1.0	0.75	0.5	0.7777777777777778	0.7	0.4	0.75	0.5	1.0	0.7142857142857143	1.0	1.0	0.8571428571428571	0.8333333333333334	1.0	1.0	1.0	0.75	0.5555555555555556	1.0	0.7	0.7	1.0	0.625	1.0	1.0	0.8	0.6	0.5833333333333334	0.75	1.0	1.0	0.8	1.0	0.375	0.0	0.6	0.5	0.0	0.5	0.4	
Mourning Dove	0.3333333333333333	0.25	0.0	0.2	0.5	0.5	0.5	0.5	0.5	0.5	0.4444444444444444	0.3	0.4	0.625	0.0	0.5	0.7142857142857143	0.6666666666666666	0.5714285714285714	0.5714285714285714	0.3333333333333333	0.5	1.0	0.5	0.5	0.3333333333333333	0.8333333333333334	0.6	0.5	0.6666666666666666	0.25	0.6666666666666666	0.3333333333333333	0.2	0.1	0.25	0.25	0.5	0.0	0.2	0.5	0.5	0.0	0.4	0.5	0.3333333333333333	0.0	0.4	
pigeon/dove sp.	0.0	0.0	0.0	0.0	0.0	0.0	0.0	0.0	0.0	0.0	0.0	0.0	0.0	0.0	0.0	0.0	0.2857142857142857	0.0015	0.0	0.0	0.0	0.0	0.0	0.0	0.0	0.0	0.0	0.0	0.0	0.0	0.0	0.0	0.0	0.0	0.0	0.0	0.0	0.0	0.0	0.0	0.0	0.0	0.0	0.0	0.0	0.0	0.0	0.0	
Vaux's Swift	0.0	0.0	0.0	0.0	0.0	0.0	0.0	0.0	0.0	0.0	0.0	0.0	0.0	0.0	0.0	0.0	0.0	0.3333333333333333	0.0	0.0	0.0	0.0	0.0	0.0	0.0	0.0	0.0	0.0	0.0	0.0	0.0	0.0	0.16666666666666666	0.2	0.1	0.0	0.0	0.0	0.0	0.0	0.0	0.0	0.0	0.0	0.0	0.0	0.0	0.0	
Anna's Hummingbird	0.16666666666666666	0.5	0.25	0.6	0.0	0.5	0.0	0.75	0.0	0.25	0.1111111111111111	0.2	0.2	0.375	0.0	0.16666666666666666	0.2857142857142857	0.0	0.14285714285714285	0.0	0.0	0.0	0.6666666666666666	0.0	0.0	0.2222222222222222	0.0	0.2	0.2	0.16666666666666666	0.25	0.16666666666666666	0.16666666666666666	0.2	0.1	0.08333333333333333	0.25	0.0	0.0	0.0	0.0	0.125	0.5	0.2	0.0	0.3333333333333333	0.0	0.2	
Rufous Hummingbird	0.0	0.0	0.0	0.0	0.0	0.0	0.0	0.0	0.0	0.0	0.0	0.0	0.0	0.125	0.0	0.0	0.2857142857142857	0.0	0.0	0.14285714285714285	0.0	0.0	0.0	0.0	0.0	0.0	0.0	0.0	0.0	0.0	0.0	0.0	0.0	0.0	0.0	0.0	0.0	0.0	0.0	0.0	0.0	0.0	0.0	0.0	0.0	0.0	0.0	0.0	
hummingbird sp.	0.0	0.0	0.0	0.0	0.0	0.0	0.0	0.0	0.0	0.0	0.0	0.0	0.2	0.0	0.16666666666666666	0.16666666666666666	0.0	0.0	0.0	0.0	0.16666666666666666	0.0	0.3333333333333333	0.25	0.0	0.0	0.0	0.1	0.0	0.0	0.0	0.0	0.0	0.0	0.0	0.0	0.0	0.0	0.0	0.0	0.0	0.0	0.0	0.0	0.0	0.0	0.0	0.0	
Virginia Rail	0.0	0.0	0.0	0.2	0.0	0.16666666666666666	0.0	0.0	0.25	0.0	0.1111111111111111	0.1	0.0	0.125	0.0	0.0	0.14285714285714285	0.0	0.0	0.2857142857142857	0.16666666666666666	0.5	0.3333333333333333	0.25	0.25	0.0015	0.16666666666666666	0.1	0.0	0.16666666666666666	0.25	0.0	0.16666666666666666	0.2	0.1	0.08333333333333333	0.0	0.5	0.0015	0.2	0.5	0.125	0.0	0.0	0.3333333333333333	0.0	0.5	0.2	
Sora	0.0	0.0	0.0	0.0	0.0	0.0	0.0	0.0	0.0	0.0	0.0	0.0	0.0	0.0	0.0	0.0	0.0	0.0	0.0	0.14285714285714285	0.0	0.0	0.0	0.0	0.0	0.0	0.0	0.0	0.0	0.0	0.0	0.0	0.0	0.0	0.0	0.08333333333333333	0.0	0.25	0.0	0.2	0.0	0.0	0.0	0.0	0.0	0.0	0.0	0.0	
American Coot	0.3333333333333333	0.0	0.0	0.2	0.5	0.8333333333333334	0.0	0.75	0.5	1.0	0.5555555555555556	0.5	0.6	0.25	0.16666666666666666	0.16666666666666666	0.0	0.0	0.0	0.14285714285714285	0.16666666666666666	0.0	0.3333333333333333	0.25	0.0	0.0	0.0	0.0	0.0	0.0	0.0	0.0	0.0	0.0	0.0	0.0	0.0	0.0	0.0	0.2	0.75	0.5	0.5	0.2	0.0	0.3333333333333333	0.0	0.2	
Black-bellied Plover	0.0	0.0	0.0	0.0	0.0	0.0	0.0	0.0	0.0	0.0	0.0	0.0	0.0	0.0	0.16666666666666666	0.0	0.0	0.0	0.0	0.0	0.0	0.0	0.0	0.0	0.0	0.0	0.0	0.0	0.0	0.0	0.0	0.0	0.0	0.0	0.0	0.08333333333333333	0.0	0.0	0.0	0.2	0.25	0.125	0.0	0.0	0.0	0.0	0.0	0.0	
Pacific Golden-Plover	0.0	0.0	0.0	0.0	0.0	0.0	0.0	0.0	0.0	0.0	0.0	0.0	0.0	0.0	0.0	0.0	0.0	0.0	0.0	0.0	0.0	0.0	0.0	0.0	0.0	0.0	0.0	0.0	0.0	0.0	0.0	0.0	0.0	0.0	0.1	0.0	0.0	0.0	0.0	0.0	0.0	0.0	0.0	0.0	0.0	0.0	0.0	0.0	
Semipalmated Plover	0.0	0.0	0.0	0.0	0.0	0.0	0.0	0.0	0.0	0.0	0.0	0.0	0.0	0.0	0.0	0.0	0.2857142857142857	0.0	0.0	0.0	0.0	0.0	0.0	0.0	0.0	0.0	0.0	0.0	0.1	0.0	0.0	0.0	0.0	0.0	0.0	0.3333333333333333	0.0	0.0	0.0	0.0	0.0	0.0	0.0	0.0	0.0	0.0	0.0	0.0	
Killdeer	0.0	0.25	0.25	0.8	0.0	0.3333333333333333	0.5	0.75	0.75	0.75	0.6666666666666666	0.5	0.6	0.75	0.3333333333333333	0.8333333333333334	1.0	0.3333333333333333	0.42857142857142855	0.8571428571428571	0.8333333333333334	1.0	1.0	1.0	0.5	0.6666666666666666	1.0	0.7	0.8	0.5	0.875	0.6666666666666666	0.6666666666666666	0.8	0.6	0.75	0.5	0.75	1.0	0.4	0.5	0.0	0.0	0.0	0.16666666666666666	0.0	0.0	0.0	
Ruff	0.0	0.0	0.0	0.0	0.0	0.0	0.0	0.0	0.0	0.0	0.0	0.0	0.0	0.0	0.0	0.0	0.0	0.0	0.0	0.0	0.0	0.0	0.0	0.0	0.0	0.0	0.0	0.0	0.0	0.0	0.0	0.0	0.0015	0.2	0.0	0.0	0.0	0.0	0.0	0.0	0.0	0.0	0.0	0.0	0.0	0.0	0.0	0.0	
Sharp-tailed Sandpiper	0.0	0.0	0.0	0.0	0.0	0.0	0.0	0.0	0.0	0.0	0.0	0.0	0.0	0.0	0.0	0.0	0.0	0.0	0.0	0.0	0.0	0.0	0.0	0.0	0.0	0.0	0.0	0.0	0.0	0.0	0.0	0.0	0.0	0.0	0.0	0.08333333333333333	0.0	0.0	0.0	0.0	0.0	0.0	0.0	0.0	0.0	0.0	0.0	0.0	
Stilt Sandpiper	0.0	0.0	0.0	0.0	0.0	0.0	0.0	0.0	0.0	0.0	0.0	0.0	0.0	0.0	0.0	0.0	0.0	0.0	0.0	0.0	0.0	0.0	0.0	0.0	0.0	0.0	0.0	0.0	0.0	0.0	0.0015	0.0	0.0	0.0	0.0	0.0	0.0	0.0	0.0	0.0	0.0	0.0	0.0	0.0	0.0	0.0	0.0	0.0	
Sanderling	0.0	0.0	0.0	0.0	0.0	0.0	0.0	0.0	0.0	0.0	0.0	0.0	0.0	0.125	0.0	0.0	0.2857142857142857	0.0	0.0	0.0	0.0	0.0	0.0	0.0	0.0	0.0	0.0	0.0	0.0	0.0	0.0	0.0	0.0	0.0	0.0	0.0	0.0	0.0	0.0	0.0	0.0	0.0	0.0	0.0	0.0	0.0	0.0	0.0	
Dunlin	0.0	0.0	0.0	0.2	1.0	0.0	0.0	0.0	0.25	0.0	0.0	0.1	0.0	0.0	0.0	0.0	0.42857142857142855	0.0	0.0	0.0	0.0	0.0	0.0	0.0	0.0	0.0	0.0	0.0	0.0	0.0	0.125	0.0	0.0	0.0	0.0	0.0	0.0	0.0	0.0	0.0	0.0	0.0	0.0	0.0	0.0	0.0	0.0	0.0	
Baird's Sandpiper	0.0	0.0	0.0	0.0	0.0	0.0	0.0	0.0	0.0	0.0	0.0	0.0	0.0	0.0	0.0	0.0	0.0	0.0	0.0	0.0	0.0	0.0	0.0	0.0	0.0	0.0	0.0	0.0	0.0	0.0	0.125	0.16666666666666666	0.0	0.0	0.0	0.0	0.0	0.0	0.0	0.0	0.0	0.0	0.0	0.0	0.0	0.0	0.0	0.0	
Least Sandpiper	0.0	0.0	0.0	0.0	0.0	0.0	0.0	0.0	0.0	0.0	0.0	0.0	0.0	0.0	0.16666666666666666	0.5	0.5714285714285714	0.0	0.0	0.0	0.0	0.0	0.0	0.25	0.5	0.6666666666666666	0.6666666666666666	0.1	0.4	0.3333333333333333	0.5	0.8333333333333334	0.6666666666666666	0.4	0.1	0.4166666666666667	0.0	0.0	0.0	0.0	0.0	0.0	0.0	0.0	0.0	0.0	0.0	0.0	
Pectoral Sandpiper	0.0	0.0	0.0	0.0	0.0	0.0	0.0	0.0	0.0	0.0	0.0	0.0	0.0	0.0	0.0	0.0	0.14285714285714285	0.0	0.0	0.0	0.0	0.0	0.0	0.0	0.0	0.0	0.0	0.1	0.1	0.0	0.0	0.0	0.16666666666666666	0.6	0.2	0.16666666666666666	0.25	0.0	0.0015	0.0	0.0	0.0	0.0	0.0	0.0	0.0	0.0	0.0	
Semipalmated Sandpiper	0.0	0.0	0.0	0.0	0.0	0.0	0.0	0.0	0.0	0.0	0.0	0.0	0.0	0.0	0.0	0.0	0.0	0.0	0.0	0.0	0.0	0.0	0.0	0.0	0.25	0.4444444444444444	0.16666666666666666	0.0	0.0	0.16666666666666666	0.125	0.0	0.0015	0.0	0.0	0.0	0.0	0.0	0.0	0.0	0.0	0.0	0.0	0.0	0.0	0.0	0.0	0.0	
Western Sandpiper	0.0	0.0	0.0	0.0	0.0	0.0	0.0	0.0	0.0	0.0	0.0	0.0	0.0	0.25	0.0	0.16666666666666666	0.42857142857142855	0.3333333333333333	0.14285714285714285	0.0	0.0	0.0	0.0	0.0	0.5	0.6666666666666666	0.5	0.2	0.3	0.3333333333333333	0.375	0.16666666666666666	0.0	0.2	0.1	0.0	0.0	0.0	0.0	0.0	0.0	0.0	0.0	0.0	0.0	0.0	0.0	0.0	
peep sp.	0.0	0.0	0.0	0.0	0.0	0.0	0.0	0.0	0.0	0.0	0.0	0.0	0.0	0.0	0.0	0.5	0.5714285714285714	0.0	0.0	0.0	0.0	0.0	0.0	0.0	0.0	0.1111111111111111	0.0	0.2	0.4	0.16666666666666666	0.375	0.16666666666666666	0.0	0.2	0.0	0.0	0.0	0.0	0.0	0.0	0.0	0.0	0.0	0.0	0.0	0.0	0.0	0.0	
Short-billed Dowitcher	0.0	0.0	0.0	0.0	0.0	0.0	0.0	0.0	0.0	0.0	0.0	0.0	0.0	0.0	0.0	0.0	0.0	0.0	0.0	0.0	0.0	0.0	0.0	0.0	0.0	0.2222222222222222	0.0	0.0	0.0	0.0	0.125	0.0	0.0	0.0	0.0	0.25	0.0	0.0	0.0	0.0	0.0	0.0	0.0	0.0	0.0	0.0	0.0	0.0	
Long-billed Dowitcher	0.0	0.0	0.0	0.0	0.0	0.0	0.0	0.0	0.0	0.0	0.0	0.0	0.0	0.0	0.0	0.0	0.0	0.0	0.0	0.0	0.0	0.0	0.0	0.0	0.0015	0.3333333333333333	0.6666666666666666	0.1	0.5	0.0	0.125	0.0	0.0	0.0	0.0	0.16666666666666666	0.5	0.0	0.5	0.0	0.0	0.0	0.0	0.0	0.0	0.0	0.0	0.0	
Short-billed/Long-billed Dowitcher	0.0	0.0	0.0	0.0	0.0	0.0	0.0	0.0	0.0	0.0	0.0	0.0	0.0	0.0	0.0	0.0	0.0	0.0	0.0	0.0	0.0	0.0	0.0	0.0	0.25	0.0	0.0	0.0	0.1	0.0	0.0	0.0	0.0	0.0	0.0	0.25	0.25	0.0	0.0	0.0	0.0	0.125	0.0	0.0	0.0	0.0	0.0	0.0	
Wilson's Snipe	0.0	0.0	0.25	0.2	0.0	0.16666666666666666	0.0	0.0	0.0	0.0	0.0	0.1	0.2	0.375	0.16666666666666666	0.0	0.0	0.0	0.0	0.0	0.0	0.0	0.0	0.0	0.0	0.0	0.0	0.0	0.2	0.0	0.125	0.0	0.3333333333333333	0.4	0.3	0.4166666666666667	0.5	0.0	0.0	0.4	0.0	0.125	0.0	0.0	0.0	0.3333333333333333	0.0	0.0	
Red-necked Phalarope	0.0	0.0	0.0	0.0	0.0	0.0	0.0	0.0	0.0	0.0	0.0	0.0	0.0	0.0	0.0	0.0	0.0	0.0	0.0	0.0	0.0	0.0	0.0	0.0	0.0	0.0	0.0	0.0	0.0	0.0	0.125	0.0	0.0	0.0	0.0	0.0	0.0	0.0	0.0	0.0	0.0	0.0	0.0	0.0	0.0	0.0	0.0	0.0	
Spotted Sandpiper	0.0	0.0	0.0	0.0	0.0	0.0	0.0	0.0	0.0	0.0	0.0	0.0	0.0	0.0	0.0	0.0	0.0	0.0	0.0	0.0	0.0	0.0	0.0	0.25	0.0	0.0	0.0	0.0	0.0	0.0	0.0	0.0	0.16666666666666666	0.0	0.0	0.0	0.0	0.0	0.0	0.0	0.0	0.0	0.0	0.0	0.0	0.0	0.0	0.0	
Greater Yellowlegs	0.0	0.0	0.0	0.0	0.0	0.0	0.0	0.0	0.0	0.0	0.0	0.0	0.4	0.625	0.5	0.3333333333333333	0.2857142857142857	0.3333333333333333	0.0	0.0	0.0	0.0	0.3333333333333333	0.0	0.0	0.3333333333333333	0.16666666666666666	0.4	0.3	0.0	0.25	0.6666666666666666	0.3333333333333333	0.4	0.4	0.08333333333333333	0.5	0.0	0.0	0.2	0.0	0.0	0.0	0.0	0.0	0.0	0.0	0.0	
Lesser Yellowlegs	0.0	0.0	0.0	0.0	0.0	0.0	0.0	0.0	0.0	0.0	0.0	0.0	0.0	0.0	0.0	0.0	0.0	0.0	0.0	0.14285714285714285	0.0	0.0	0.0	0.0	0.0015	0.1111111111111111	0.0	0.2	0.2	0.0	0.0	0.16666666666666666	0.0	0.0	0.0	0.0	0.0	0.0	0.0	0.0	0.0	0.0	0.0	0.0	0.0	0.0	0.0	0.0	
Greater/Lesser Yellowlegs	0.0	0.0	0.0	0.0	0.0	0.0	0.0	0.0	0.0	0.0	0.0	0.0	0.0	0.0	0.0	0.0	0.0	0.0	0.0	0.0	0.0	0.0	0.0	0.0	0.0	0.0	0.0	0.1	0.1	0.0	0.0	0.0	0.0	0.0	0.0	0.0	0.0	0.0	0.0	0.0	0.0	0.0	0.0	0.0	0.0	0.0	0.0	0.0	
shorebird sp.	0.0	0.0	0.0	0.0	0.0	0.0	0.0	0.0	0.0	0.0	0.0	0.0	0.0	0.0	0.0	0.0	0.0	0.0	0.0	0.0	0.0	0.0	0.3333333333333333	0.0	0.0	0.0	0.0	0.0	0.0	0.0	0.0	0.0	0.0	0.0	0.0	0.0	0.0	0.0	0.0	0.0	0.0	0.0	0.0	0.0	0.0	0.0	0.0	0.0	
Common Murre	0.0	0.0	0.0	0.0	0.0	0.0	0.0	0.0	0.0	0.0	0.0	0.0	0.0	0.0	0.0	0.0	0.0	0.0	0.0	0.0	0.0	0.0	0.0	0.0	0.0	0.0	0.0	0.0	0.0	0.0	0.25	0.0	0.0	0.0	0.0	0.0	0.0	0.0	0.0	0.0	0.0	0.0	0.0	0.0	0.0	0.0	0.0	0.0	
Pigeon Guillemot	0.0	0.0	0.0	0.0	0.0	0.0	0.0	0.0	0.0	0.0	0.0	0.0	0.0	0.0	0.0	0.0	0.0	0.0	0.0	0.0	0.0	0.0	0.0	0.0	0.0	0.0	0.0	0.0	0.0	0.0	0.125	0.0	0.0	0.0	0.0	0.0	0.0	0.0	0.0	0.0	0.0	0.0	0.0	0.0	0.0	0.0	0.0	0.0	
Marbled Murrelet	0.0	0.0	0.0	0.0	0.0	0.0	0.0	0.0	0.0	0.0	0.0	0.0	0.0	0.0	0.0	0.0	0.0	0.0	0.0	0.0	0.0	0.0	0.0	0.0	0.0	0.0	0.0	0.0	0.0	0.0	0.125	0.0	0.0	0.0	0.0	0.0	0.0	0.0	0.0	0.0	0.0	0.0	0.0	0.0	0.0	0.0	0.0	0.0	
Rhinoceros Auklet	0.0	0.0	0.0	0.0	0.0	0.0	0.0	0.0	0.0	0.0	0.0	0.0	0.0	0.0	0.0	0.0	0.0	0.0	0.0	0.0	0.0	0.0	0.0	0.0	0.0	0.0	0.0	0.0	0.0	0.0	0.25	0.0	0.0	0.0	0.0	0.0	0.0	0.0	0.0	0.0	0.0	0.0	0.0	0.0	0.0	0.0	0.0	0.0	
Bonaparte's Gull	0.0	0.0	0.0	0.0	0.0	0.0	0.0	0.0	0.0	0.0	0.0	0.0	0.0	0.0	0.0	0.0	0.0	0.0	0.0	0.0	0.0	0.0	0.0	0.0	0.0	0.0	0.0	0.0	0.0	0.0	0.125	0.0	0.0	0.0	0.0	0.0	0.0	0.0	0.0	0.0	0.0	0.0	0.0	0.0	0.0	0.0	0.0	0.0	
Heermann's Gull	0.0	0.0	0.0	0.0	0.0	0.0	0.0	0.0	0.0	0.0	0.0	0.0	0.0	0.0	0.0	0.0	0.0	0.0	0.0	0.0	0.0	0.0	0.0	0.0	0.0	0.0	0.0	0.0	0.0	0.0	0.25	0.0	0.0	0.0	0.1	0.0	0.0	0.0	0.0	0.0	0.0	0.0	0.0	0.0	0.0	0.0	0.0	0.0	
Mew Gull	0.16666666666666666	0.0	0.0	0.2	0.0	0.0	0.0	0.0	0.25	0.25	0.1111111111111111	0.0	0.0	0.0	0.0	0.0	0.0	0.0	0.0	0.0	0.0	0.0	0.0	0.0	0.0	0.0	0.0	0.0	0.0	0.0	0.0	0.0	0.0	0.0	0.0	0.0	0.0	0.0	0.0	0.0	0.0	0.125	0.0	0.2	0.0	0.3333333333333333	0.0	0.0	
Ring-billed Gull	0.0	0.0	0.0	0.0	0.5	0.0	0.0	0.0	0.0	0.0	0.0	0.0	0.0	0.0	0.0	0.0	0.0	0.0	0.0	0.0	0.0	0.0	0.0	0.0	0.0	0.0	0.0	0.0	0.0	0.0	0.0	0.0	0.0	0.0	0.0	0.0	0.0	0.0	0.0	0.0	0.0	0.0	0.0	0.0	0.0	0.0	0.0	0.0	
Western Gull	0.0	0.5	0.0	0.2	0.0	0.0	0.0	0.0	0.25	0.0	0.1111111111111111	0.0	0.0	0.0	0.0	0.0	0.14285714285714285	0.0	0.14285714285714285	0.0	0.0	0.0	0.0	0.0	0.0	0.0	0.0	0.0	0.0	0.0	0.125	0.0	0.0	0.0	0.0	0.0	0.0	0.0	0.0	0.0	0.0	0.0	0.0	0.0	0.0	0.0	0.0	0.0	
California Gull	0.0	0.0	0.0	0.0	0.0	0.0	0.0	0.0	0.0	0.0	0.0	0.0	0.0	0.0	0.0	0.0	0.0	0.0	0.0	0.0	0.16666666666666666	0.0	0.0	0.0	0.25	0.0	0.0	0.1	0.2	0.3333333333333333	0.25	0.16666666666666666	0.16666666666666666	0.2	0.2	0.3333333333333333	0.25	0.0	0.5	0.0	0.0	0.0	0.0	0.0	0.0	0.0	0.0	0.0	
Herring Gull	0.0	0.0	0.0	0.0	0.0	0.0	0.0	0.0	0.0	0.0	0.0	0.0	0.0	0.0	0.0	0.0	0.0	0.0	0.0	0.0	0.0	0.0	0.0	0.0	0.0	0.0	0.0	0.0	0.0	0.0	0.0	0.0	0.0	0.0	0.0	0.0	0.0	0.0	0.0	0.0	0.0	0.0	0.0	0.0	0.16666666666666666	0.0	0.0	0.0	
Glaucous-winged Gull	0.5	0.25	0.25	0.2	0.5	0.0	0.5	0.25	0.5	0.5	0.3333333333333333	0.3	0.2	0.25	0.16666666666666666	0.16666666666666666	0.2857142857142857	0.3333333333333333	0.42857142857142855	0.14285714285714285	0.3333333333333333	0.5	0.0	0.25	0.25	0.1111111111111111	0.16666666666666666	0.2	0.2	0.3333333333333333	0.375	0.5	0.6666666666666666	0.2	0.5	0.3333333333333333	0.25	0.25	1.0	0.2	0.5	0.125	0.5	0.4	0.16666666666666666	0.6666666666666666	0.5	0.2	
Western x Glaucous-winged Gull (hybrid)	0.0	0.0	0.0	0.0	0.0	0.0	0.0	0.0	0.0	0.0	0.0	0.0	0.0	0.0	0.0	0.0	0.0	0.0	0.0	0.0	0.5	0.0	0.0	0.0	0.25	0.0	0.0	0.0	0.0	0.0	0.0	0.0	0.0	0.0	0.0	0.08333333333333333	0.0	0.0	0.0	0.0	0.0	0.0	0.0	0.0	0.3333333333333333	0.0	0.0	0.0	
Western/Glaucous-winged Gull	0.16666666666666666	0.5	0.75	0.8	0.5	0.6666666666666666	0.5	0.75	0.5	0.5	0.2222222222222222	0.3	0.4	0.25	0.16666666666666666	0.6666666666666666	0.42857142857142855	0.3333333333333333	0.2857142857142857	0.42857142857142855	0.3333333333333333	0.5	1.0	0.75	0.5	0.3333333333333333	0.5	0.2	0.2	0.5	0.0	0.3333333333333333	0.0	0.0	0.2	0.3333333333333333	0.5	0.75	0.0	0.4	0.5	0.375	0.0	0.4	0.3333333333333333	0.0	0.5	0.6	
Larus sp.	0.0	0.0	0.0	0.0	0.0	0.0	0.0	0.0	0.25	0.0	0.1111111111111111	0.3	0.2	0.125	0.0	0.0	0.14285714285714285	0.0	0.14285714285714285	0.0	0.0	0.0	0.0	0.0	0.0	0.0	0.0	0.1	0.0	0.0	0.0	0.16666666666666666	0.0	0.0	0.1	0.0	0.0	0.25	0.5	0.0	0.0	0.125	0.0	0.2	0.16666666666666666	0.0	0.0	0.0	
gull sp.	0.0	0.25	0.0	0.0	0.0	0.0	0.0	0.0	0.0	0.0	0.1111111111111111	0.2	0.0	0.25	0.0	0.0	0.2857142857142857	0.0	0.0	0.0	0.0	0.0	0.0	0.0	0.0	0.0	0.0	0.0	0.1	0.16666666666666666	0.125	0.16666666666666666	0.0	0.0	0.2	0.16666666666666666	0.0	0.25	0.0	0.0	0.0	0.25	0.5	0.2	0.0	0.3333333333333333	0.5	0.0	
Caspian Tern	0.0	0.0	0.0	0.0	0.0	0.0	0.0	0.0	0.0	0.0	0.0	0.0	0.0	0.125	0.16666666666666666	0.3333333333333333	0.2857142857142857	0.3333333333333333	0.42857142857142855	0.42857142857142855	0.0	0.0	0.3333333333333333	0.75	0.25	0.1111111111111111	0.0	0.3	0.0	0.3333333333333333	0.125	0.0	0.16666666666666666	0.0	0.0	0.0	0.0	0.0	0.0	0.0	0.0	0.0	0.0	0.0	0.0	0.0	0.0	0.0	
Common Loon	0.0	0.0	0.0	0.0	0.0	0.0	0.5	0.0	0.0	0.0	0.0	0.0	0.0	0.0	0.0	0.0	0.0	0.0	0.0	0.0	0.0	0.0	0.0	0.0	0.0	0.0	0.0	0.0	0.0	0.16666666666666666	0.125	0.0	0.0	0.0	0.0	0.0	0.0	0.0	0.0	0.0	0.0	0.125	0.0	0.0	0.0	0.0	0.0	0.0	
Pelagic Cormorant	0.0	0.0	0.0	0.0	0.0	0.0	0.0	0.0	0.0	0.0	0.0	0.0	0.0	0.0	0.16666666666666666	0.0	0.0	0.0	0.0	0.0	0.0	0.0	0.0	0.0	0.0	0.0	0.0	0.0	0.0	0.16666666666666666	0.125	0.0	0.0	0.0	0.1	0.0	0.0	0.0	0.0	0.0	0.0	0.0	0.0	0.0	0.0	0.0	0.0	0.0	
Double-crested Cormorant	0.16666666666666666	0.25	0.0	0.4	0.0	0.0	0.0	0.0	0.5	0.0	0.0	0.3	0.0	0.0	0.16666666666666666	0.16666666666666666	0.0	0.0	0.0	0.0	0.16666666666666666	0.5	0.0	0.25	0.0	0.0	0.0	0.0	0.0	0.0	0.0	0.0	0.16666666666666666	0.0	0.3	0.08333333333333333	0.0	0.25	0.0	0.0	0.0	0.0	0.5	0.4	0.16666666666666666	0.3333333333333333	0.0	0.0	
cormorant sp.	0.0	0.0	0.0	0.0	0.0	0.0	0.0	0.0	0.0	0.0	0.0	0.0	0.0	0.0	0.0	0.0	0.2857142857142857	0.0015	0.0	0.0	0.0	0.0	0.0	0.0	0.0	0.0	0.0	0.0	0.0	0.0	0.0	0.0	0.0	0.0	0.1	0.08333333333333333	0.0	0.0	0.0	0.0	0.0	0.0	0.0	0.0	0.0	0.0	0.0	0.0	
American Bittern	0.0	0.0	0.0	0.0	0.0	0.0	0.0	0.0	0.0	0.0	0.0	0.0015	0.0	0.0	0.0	0.0	0.0	0.0	0.0	0.0	0.0	0.0	0.0	0.0	0.0	0.0	0.0	0.0	0.0	0.0	0.0	0.0	0.0	0.0	0.0	0.0	0.0	0.0	0.0	0.0	0.0	0.0	0.0	0.0	0.0	0.0	0.0	0.0	
Great Blue Heron	0.16666666666666666	0.25	0.25	0.2	0.0	0.5	1.0	0.75	0.5	0.5	0.3333333333333333	0.5	0.4	0.5	0.8333333333333334	0.6666666666666666	0.5714285714285714	0.0	0.7142857142857143	0.42857142857142855	0.5	0.5	0.6666666666666666	0.75	0.5	0.6666666666666666	0.5	0.5	0.8	0.8333333333333334	0.375	0.8333333333333334	0.5	0.2	0.5	0.5833333333333334	1.0	1.0	1.0	0.6	1.0	0.375	0.5	0.4	0.6666666666666666	0.6666666666666666	0.5	0.4	
Turkey Vulture	0.0	0.0	0.0	0.0	0.0	0.0	0.0	0.0	0.0	0.0	0.0	0.1	0.0	0.0	0.0	0.0	0.0	0.3333333333333333	0.0	0.0	0.16666666666666666	0.0	0.3333333333333333	0.0	0.0	0.0	0.0	0.1	0.0	0.0	0.0	0.0	0.0	0.0	0.0	0.0	0.0	0.0	0.0	0.0	0.0	0.0	0.0	0.0	0.0	0.0	0.0	0.0	
Osprey	0.0	0.0	0.0	0.0	0.0	0.0	0.0	0.0	0.0	0.0	0.0	0.0	0.0	0.0	0.0	0.0	0.0	0.0	0.0	0.0	0.0	0.0	0.0	0.0	0.0	0.0	0.0	0.0	0.0	0.0	0.125	0.0	0.0	0.0	0.0	0.0	0.0	0.0	0.0	0.0	0.0	0.0	0.0	0.0	0.0	0.0	0.0	0.0	
Northern Harrier	0.6666666666666666	0.25	0.75	1.0	0.5	0.5	1.0	0.75	0.25	0.5	0.3333333333333333	0.4	0.8	0.75	0.16666666666666666	0.3333333333333333	0.2857142857142857	0.0	0.0	0.14285714285714285	0.0	0.5	0.0	0.25	0.0	0.0	0.16666666666666666	0.6	0.6	0.16666666666666666	0.5	0.16666666666666666	0.5	0.2	0.6	0.16666666666666666	0.75	0.5	0.5	0.6	1.0	0.625	1.0	0.8	0.6666666666666666	0.3333333333333333	1.0	0.8	
Sharp-shinned Hawk	0.16666666666666666	0.0	0.0	0.0	0.0	0.0	0.0	0.0	0.0	0.0	0.0	0.0	0.0	0.0	0.0	0.0	0.0	0.0	0.0	0.0	0.0	0.0	0.0	0.0	0.0	0.0	0.0	0.0	0.0	0.0	0.0	0.0	0.0	0.0	0.0	0.0	0.0	0.0	0.0	0.0	0.0	0.0	0.0	0.0	0.0	0.0	0.0	0.0	
Cooper's Hawk	0.0	0.0	0.25	0.2	0.0	0.5	0.0	0.5	0.25	0.0	0.0	0.0	0.0	0.0	0.0	0.16666666666666666	0.14285714285714285	0.0	0.0	0.14285714285714285	0.0	0.5	0.0	0.25	0.0	0.0	0.0	0.1	0.1	0.3333333333333333	0.25	0.0	0.0	0.2	0.1	0.08333333333333333	0.25	0.25	0.0	0.2	0.25	0.0	0.0	0.4	0.16666666666666666	0.0	0.0	0.4	
Bald Eagle	0.16666666666666666	0.75	1.0	0.8	1.0	0.6666666666666666	1.0	0.75	0.75	0.75	0.7777777777777778	0.7	0.8	0.5	0.5	0.8333333333333334	0.5714285714285714	0.3333333333333333	0.7142857142857143	0.2857142857142857	0.3333333333333333	0.0	1.0	0.75	0.25	0.3333333333333333	0.3333333333333333	0.1	0.4	0.3333333333333333	0.25	0.5	0.16666666666666666	0.0	0.1	0.08333333333333333	0.25	0.25	0.0	0.2	0.25	0.375	0.0	0.8	0.16666666666666666	0.6666666666666666	0.5	0.8	
Red-shouldered Hawk	0.0	0.0	0.0	0.0	0.0	0.0	0.0	0.0	0.0	0.0	0.0	0.0	0.0	0.0	0.0	0.0	0.0	0.0	0.0	0.0	0.0	0.0	0.0	0.0	0.0	0.0	0.0	0.0	0.0	0.0	0.0	0.0	0.0	0.0	0.0	0.0	0.0015	0.0	0.0	0.0	0.0	0.0	0.0	0.0	0.0	0.0	0.0	0.0	
Red-tailed Hawk	0.5	0.75	0.5	1.0	1.0	0.6666666666666666	0.0	0.75	0.5	0.25	0.4444444444444444	0.3	0.2	0.25	0.0	0.3333333333333333	0.14285714285714285	0.0	0.14285714285714285	0.2857142857142857	0.0	0.0	0.3333333333333333	0.25	0.5	0.5555555555555556	0.3333333333333333	0.5	0.6	0.8333333333333334	0.375	0.6666666666666666	0.3333333333333333	0.4	0.2	0.3333333333333333	0.5	0.25	0.5	0.8	0.75	0.625	0.0	0.4	1.0	0.3333333333333333	0.5	0.8	
Barn Owl	0.0	0.0	0.0	0.0	0.0	0.0	0.5	0.0	0.0	0.0	0.0	0.0	0.0	0.0	0.0	0.0	0.0	0.0	0.0	0.0	0.0	0.0	0.0	0.0	0.0	0.0	0.0	0.0	0.0	0.0	0.0	0.0	0.0	0.0	0.0	0.0	0.0	0.0	0.0	0.0	0.0	0.0	0.0	0.0	0.0	0.0	0.0	0.0	
Short-eared Owl	0.3333333333333333	0.0	0.0	0.0	0.5	0.0	0.0	0.0	0.0	0.0	0.1111111111111111	0.0	0.0	0.0	0.0	0.0	0.0	0.0	0.0	0.0	0.0	0.0	0.0	0.0	0.0	0.0	0.0	0.0	0.0	0.0	0.0	0.0	0.0	0.0	0.0	0.0	0.0	0.0	0.0	0.0	0.0	0.0	0.0	0.0	0.3333333333333333	0.0	0.0	0.0	
Belted Kingfisher	0.3333333333333333	0.25	0.75	0.4	0.0	0.16666666666666666	1.0	0.25	0.0	0.0	0.0	0.1	0.0	0.125	0.3333333333333333	0.3333333333333333	0.2857142857142857	0.3333333333333333	0.14285714285714285	0.14285714285714285	0.16666666666666666	1.0	0.3333333333333333	0.25	0.5	0.4444444444444444	0.5	0.3	0.4	0.8333333333333334	0.625	0.8333333333333334	0.5	0.2	0.4	0.5	0.25	0.0	0.5	0.4	0.5	0.375	0.5	0.4	0.3333333333333333	0.3333333333333333	0.0	0.6	
Downy Woodpecker	0.0	0.0	0.0	0.0	0.0	0.0	0.0	0.0	0.0	0.0	0.0	0.0	0.0	0.0	0.0	0.0	0.0	0.0	0.0	0.14285714285714285	0.0	0.0	0.0	0.0	0.25	0.0	0.0	0.0	0.1	0.0	0.0	0.0	0.0	0.0	0.0	0.0	0.0	0.0	0.0	0.0	0.0	0.125	0.0	0.0	0.0	0.0	0.0	0.0	
Northern Flicker	0.3333333333333333	0.5	0.5	0.8	1.0	0.6666666666666666	1.0	0.75	0.75	0.25	0.3333333333333333	0.4	0.4	0.375	0.3333333333333333	0.0	0.14285714285714285	0.0	0.0	0.0	0.0	0.5	0.0	0.0	0.0	0.1111111111111111	0.16666666666666666	0.0	0.1	0.0	0.125	0.16666666666666666	0.0	0.2	0.2	0.5833333333333334	0.75	0.75	0.5	0.6	0.75	0.75	0.5	0.8	0.8333333333333334	0.3333333333333333	0.5	0.8	
American Kestrel	0.0	0.0	0.0	0.2	0.0	0.0	0.0	0.25	0.0	0.0	0.0	0.0	0.0	0.0	0.0	0.0	0.0	0.0	0.0	0.0	0.0	0.0	0.0	0.0	0.0	0.0	0.0	0.1	0.0	0.0	0.0	0.0	0.0	0.0	0.1	0.16666666666666666	0.0	0.0	0.0	0.2	0.0	0.0	0.0	0.0	0.0	0.0	0.0	0.0	
Merlin	0.16666666666666666	0.0	0.5	0.2	0.0	0.0	0.0	0.0	0.0	0.0	0.0	0.1	0.0	0.0	0.0	0.0	0.0	0.0	0.0	0.0	0.0	0.0	0.0	0.0	0.0	0.0	0.0	0.0	0.0	0.0	0.125	0.0	0.0	0.4	0.0	0.16666666666666666	0.25	0.5	0.0	0.0	0.0	0.0	0.0	0.2	0.16666666666666666	0.3333333333333333	0.0	0.0	
Peregrine Falcon	0.0	0.0	0.0	0.2	0.5	0.3333333333333333	0.0	0.25	0.0	0.0	0.0	0.0	0.2	0.0	0.0	0.16666666666666666	0.0	0.0	0.0	0.14285714285714285	0.0	0.0	0.0	0.0	0.0	0.2222222222222222	0.0	0.0	0.0	0.16666666666666666	0.0	0.0	0.16666666666666666	0.0	0.1	0.0	0.25	0.25	0.0	0.2	0.5	0.25	0.0	0.0	0.0	0.0	0.0	0.2	
Willow Flycatcher	0.0	0.0	0.0	0.0	0.0	0.0	0.0	0.0	0.0	0.0	0.0	0.0	0.0	0.0	0.0	0.0	0.0	0.0	0.0	0.0	0.0	0.0	0.3333333333333333	0.25	0.0	0.0	0.0	0.0	0.0	0.0	0.0	0.0	0.0	0.0	0.0	0.0	0.0	0.0	0.0	0.0	0.0	0.0	0.0	0.0	0.0	0.0	0.0	0.0	
Northern Shrike	0.16666666666666666	0.0	0.0	0.2	0.0	0.0	0.0	0.0	0.0	0.0	0.0	0.0	0.0	0.0	0.0	0.0	0.0	0.0	0.0	0.0	0.0	0.0	0.0	0.0	0.0	0.0	0.0	0.0	0.0	0.0	0.0	0.0	0.0	0.0	0.0	0.0	0.0	0.0	0.0015	0.0	0.0	0.125	0.0	0.2	0.3333333333333333	0.0	0.0	0.0	
Canada Jay	0.0	0.0	0.0	0.0	0.0	0.0	0.0	0.0	0.0	0.0	0.0	0.0	0.0	0.0	0.0	0.0	0.0	0.0	0.0	0.0	0.0	0.0	0.0	0.0	0.0	0.0	0.0	0.0	0.0	0.0	0.0	0.0	0.0	0.0	0.0	0.0	0.25	0.0	0.0	0.0	0.0	0.0	0.0	0.0	0.0	0.0	0.0	0.0	
Steller's Jay	0.0	0.0	0.25	0.0	0.5	0.16666666666666666	0.0	0.0	0.0	0.0	0.0	0.2	0.2	0.0	0.0	0.0	0.0	0.3333333333333333	0.0	0.0	0.16666666666666666	0.0	0.0	0.0	0.0	0.0	0.0	0.0	0.0	0.0	0.125	0.0	0.16666666666666666	0.0	0.0	0.08333333333333333	0.0	0.0	0.5	0.2	0.0	0.0	0.0	0.0	0.16666666666666666	0.0	0.0	0.0	
American Crow	0.0	0.0	0.0	0.0	0.0	0.16666666666666666	0.0	0.0	0.25	0.25	0.2222222222222222	0.2	0.4	0.125	0.0	0.0	0.42857142857142855	0.0	0.2857142857142857	0.14285714285714285	0.0015	0.0	0.0	0.0	0.0	0.3333333333333333	0.16666666666666666	0.0	0.0	0.0	0.25	0.0	0.16666666666666666	0.0	0.0	0.16666666666666666	0.25	0.25	0.0	0.2	0.0	0.125	0.0	0.2	0.16666666666666666	0.0	0.0	0.0	
Northwestern Crow	0.0	0.0	0.0	0.0	0.0	0.0	0.0	0.0	0.0	0.0	0.0	0.0	0.0	0.0	0.0	0.0	0.0	0.0	0.0	0.0	0.0	0.0	0.0	0.0	0.0	0.0	0.0	0.0	0.0	0.0	0.0	0.0	0.0	0.0	0.1	0.08333333333333333	0.0	0.0	0.0	0.0	0.0	0.0	0.0	0.0	0.0	0.0	0.0	0.0	
American/Northwestern Crow	0.3333333333333333	0.5	0.75	1.0	0.5	0.5	1.0	1.0	0.75	0.75	0.3333333333333333	0.4	0.6	0.5	0.3333333333333333	1.0	0.5714285714285714	0.3333333333333333	0.42857142857142855	0.42857142857142855	0.5	1.0	0.3333333333333333	1.0	0.5	0.4444444444444444	0.8333333333333334	0.3	0.2	0.6666666666666666	0.5	0.6666666666666666	0.6666666666666666	0.2	0.5	0.3333333333333333	0.75	0.25	0.5	0.6	0.5	0.625	0.0	0.4	0.5	0.3333333333333333	0.5	0.4	
Common Raven	0.16666666666666666	0.5	0.75	0.8	1.0	0.16666666666666666	0.5	0.25	0.5	0.5	0.2222222222222222	0.4	0.6	0.25	0.16666666666666666	0.5	0.0	0.3333333333333333	0.14285714285714285	0.14285714285714285	0.3333333333333333	0.5	0.0	0.75	0.0	0.2222222222222222	0.5	0.3	0.5	0.5	0.625	0.6666666666666666	0.5	0.0	0.3	0.5	0.0	0.25	1.0	0.6	0.75	0.375	0.0	0.6	0.16666666666666666	0.3333333333333333	0.5	0.8	
Northern Rough-winged Swallow	0.0	0.0	0.0	0.0	0.0	0.0	0.0	0.0	0.0	0.0	0.0	0.0	0.0	0.125	0.16666666666666666	0.3333333333333333	0.42857142857142855	0.3333333333333333	0.14285714285714285	0.14285714285714285	0.0	0.5	0.0	0.25	0.0	0.0	0.16666666666666666	0.0	0.2	0.0	0.0	0.16666666666666666	0.3333333333333333	0.2	0.0	0.0	0.0	0.0	0.0	0.0	0.0	0.0	0.0	0.0	0.0	0.0	0.0	0.0	
Purple Martin	0.0	0.0	0.0	0.0	0.0	0.0	0.0	0.0	0.0	0.0	0.0	0.0	0.0	0.125	0.3333333333333333	0.6666666666666666	0.7142857142857143	1.0	0.14285714285714285	0.42857142857142855	0.3333333333333333	1.0	1.0	1.0	0.75	0.5555555555555556	0.6666666666666666	0.5	0.6	0.6666666666666666	0.625	0.8333333333333334	0.3333333333333333	0.2	0.0	0.0	0.0	0.0	0.0	0.0	0.0	0.0	0.0	0.0	0.0	0.0	0.0	0.0	
Tree Swallow	0.0	0.0	0.0	0.0	0.0	0.0	0.0	0.25	0.5	0.5	0.5555555555555556	0.5	0.8	0.375	0.5	0.8333333333333334	1.0	0.3333333333333333	0.7142857142857143	0.8571428571428571	0.6666666666666666	1.0	1.0	1.0	0.75	0.6666666666666666	0.6666666666666666	0.2	0.3	0.3333333333333333	0.25	0.3333333333333333	0.0	0.0	0.0	0.0	0.0	0.0	0.0	0.0	0.0	0.0	0.0	0.0	0.0	0.0	0.0	0.0	
Violet-green Swallow	0.0	0.0	0.0	0.0	0.0	0.0	0.0	0.5	0.25	0.5	0.5555555555555556	0.5	0.6	0.375	0.5	0.6666666666666666	0.8571428571428571	0.3333333333333333	0.5714285714285714	0.7142857142857143	0.8333333333333334	1.0	1.0	0.75	0.25	0.5555555555555556	0.5	0.4	0.3	0.6666666666666666	0.0	0.5	0.5	0.4	0.3	0.0	0.25	0.0	0.0	0.0	0.0	0.0	0.0	0.0	0.0	0.0	0.0	0.0	
Tree/Violet-green Swallow	0.0	0.0	0.0	0.0	0.0	0.0	0.0	0.0	0.0	0.0	0.2222222222222222	0.1	0.2	0.0	0.0	0.0	0.14285714285714285	0.0	0.0	0.0	0.0	0.0	0.0	0.0	0.0	0.0	0.0	0.0	0.0	0.0	0.125	0.0	0.0	0.0	0.0	0.0	0.0	0.0	0.0	0.0	0.0	0.0	0.0	0.0	0.0	0.0	0.0	0.0	
Barn Swallow	0.16666666666666666	0.25	0.0	0.2	0.0	0.0	0.0	0.5	0.25	0.25	0.0	0.2	0.0	0.125	0.3333333333333333	0.8333333333333334	1.0	0.6666666666666666	1.0	0.8571428571428571	0.8333333333333334	1.0	1.0	1.0	0.75	0.8888888888888888	1.0	0.8	1.0	1.0	0.75	1.0	0.8333333333333334	0.8	0.2	0.25	0.0	0.0	0.0	0.0	0.0	0.0	0.0	0.0	0.0	0.0	0.0	0.0	
Cliff Swallow	0.0	0.0	0.0	0.0	0.0	0.0	0.0	0.0	0.0	0.0	0.0	0.0	0.0	0.125	0.16666666666666666	0.16666666666666666	0.7142857142857143	0.3333333333333333	0.42857142857142855	0.5714285714285714	0.8333333333333334	1.0	1.0	1.0	0.75	0.5555555555555556	0.5	0.4	0.4	0.8333333333333334	0.125	0.5	0.3333333333333333	0.0	0.0	0.0	0.0	0.0	0.0	0.0	0.0	0.0	0.0	0.0	0.0	0.0	0.0	0.0	
swallow sp.	0.0	0.0	0.0	0.0	0.0	0.0	0.0	0.0	0.0	0.5	0.1111111111111111	0.2	0.2	0.0	0.0	0.5	0.7142857142857143	0.3333333333333333	0.2857142857142857	0.0	0.16666666666666666	0.0	0.3333333333333333	0.25	0.25	0.0	0.0	0.1	0.3	0.5	0.25	0.3333333333333333	0.5	0.2	0.1	0.08333333333333333	0.25	0.0	0.0	0.2	0.0	0.0	0.0	0.0	0.0	0.0	0.0	0.0	
Black-capped Chickadee	0.16666666666666666	0.25	0.5	0.4	0.0	0.3333333333333333	1.0	0.25	0.25	0.0	0.1111111111111111	0.0	0.2	0.125	0.0	0.0	0.0	0.0	0.0	0.0	0.0	0.5	0.0	0.25	0.25	0.1111111111111111	0.3333333333333333	0.2	0.3	0.5	0.25	0.3333333333333333	0.16666666666666666	0.2	0.3	0.08333333333333333	0.0	0.5	0.0	0.2	0.5	0.25	0.0	0.4	0.16666666666666666	0.3333333333333333	0.0	0.6	
Chestnut-backed Chickadee	0.0	0.25	0.0	0.4	0.0	0.16666666666666666	0.5	0.0	0.0	0.0	0.0	0.0	0.0	0.0	0.0	0.0	0.0	0.0	0.0	0.0	0.0	0.5	0.0	0.0	0.0	0.0	0.0	0.0	0.0	0.0	0.125	0.0	0.0	0.0	0.1	0.0	0.0	0.0	0.0	0.0	0.0	0.0	0.0	0.0	0.0	0.0	0.0	0.4	
Bushtit	0.0	0.0	0.0	0.0	0.0	0.0	0.0	0.0	0.25	0.0	0.0	0.2	0.0	0.125	0.0	0.3333333333333333	0.0	0.6666666666666666	0.42857142857142855	0.0	0.0	0.0	0.0	0.0	0.0	0.0	0.0	0.0	0.0	0.0	0.125	0.0	0.0	0.0	0.0	0.0	0.0	0.0	0.0	0.0	0.0	0.0	0.0	0.0	0.16666666666666666	0.0	0.0	0.4	
Red-breasted Nuthatch	0.0	0.0	0.0	0.2	0.0	0.16666666666666666	0.0	0.0	0.0	0.0	0.0	0.1	0.0	0.0	0.0	0.0	0.0	0.0	0.0	0.0	0.0	0.0	0.0	0.0	0.0	0.0	0.0	0.0	0.0	0.0	0.5	0.0	0.0	0.0	0.0	0.0	0.0	0.0	0.0	0.0	0.0	0.125	0.0	0.0	0.0	0.0	0.0	0.0	
Brown Creeper	0.0	0.0	0.0	0.0	0.0	0.0	0.0	0.0	0.0	0.0	0.0	0.0	0.0	0.0	0.0	0.0	0.0	0.0	0.0	0.0	0.0	0.0	0.0	0.0	0.0	0.0	0.0	0.0	0.0	0.0	0.125	0.0	0.0	0.0	0.0	0.0	0.0	0.0	0.0	0.0	0.0	0.0	0.0	0.0	0.0	0.0	0.0	0.0	
Pacific Wren	0.0	0.0	0.0	0.0	0.0	0.0	0.0	0.0	0.0	0.0	0.0	0.0	0.0	0.0	0.0	0.0	0.0	0.0	0.0	0.0	0.0	0.0	0.0	0.0	0.0	0.0	0.0	0.0	0.0	0.0	0.125	0.0	0.0	0.0	0.0	0.0	0.0	0.0	0.0	0.0	0.0	0.0	0.0	0.0	0.0	0.0	0.0	0.0	
Marsh Wren	0.3333333333333333	0.75	1.0	0.4	0.5	0.5	1.0	0.5	1.0	0.75	0.8888888888888888	0.6	0.8	0.5	0.8333333333333334	1.0	0.7142857142857143	0.6666666666666666	0.8571428571428571	0.8571428571428571	1.0	1.0	1.0	1.0	0.75	0.3333333333333333	0.6666666666666666	0.5	0.4	0.6666666666666666	0.5	0.6666666666666666	0.5	0.4	0.3	0.4166666666666667	0.5	0.75	0.5	0.6	0.75	0.625	0.0	0.6	0.5	0.6666666666666666	1.0	0.6	
Bewick's Wren	0.0	0.0	0.0	0.0	0.0	0.3333333333333333	0.5	0.0	0.0	0.0	0.0	0.0	0.0	0.0	0.0	0.0	0.0	0.0	0.0	0.0	0.0	0.0	0.0	0.0	0.0	0.0	0.0	0.0	0.0	0.0	0.0	0.0	0.0	0.0	0.0	0.0	0.0	0.0	0.0	0.0	0.0	0.0	0.0	0.0	0.0	0.0	0.0	0.2	
Golden-crowned Kinglet	0.0	0.0	0.0	0.0	0.0	0.0	0.0	0.0	0.0	0.0	0.0	0.0	0.0	0.0	0.0	0.0	0.0	0.0	0.0	0.0	0.0	0.0	0.0	0.0	0.0	0.0	0.0	0.0	0.0	0.0	0.125	0.0	0.0	0.0	0.0	0.25	0.0	0.0	0.0	0.0	0.25	0.0	0.0	0.0	0.0	0.0	0.0	0.0	
Ruby-crowned Kinglet	0.0	0.0	0.0	0.0	0.0	0.0	0.0	0.0	0.0	0.0	0.0	0.0	0.0	0.25	0.0	0.0	0.0	0.0	0.0	0.0	0.0	0.0	0.0	0.0	0.0	0.0	0.0	0.0	0.0	0.0	0.0	0.0	0.0	0.0	0.0	0.0	0.0	0.0	0.0	0.0	0.0	0.0	0.0	0.0	0.16666666666666666	0.0	0.0	0.2	
Varied Thrush	0.0	0.0	0.0	0.0	0.0	0.0	0.0	0.0	0.0	0.0	0.0	0.0	0.0	0.0	0.0	0.0	0.0	0.0	0.0	0.0	0.0	0.0	0.0	0.0	0.0	0.0	0.0	0.0	0.0	0.0	0.0	0.0	0.0	0.0	0.0	0.0	0.0	0.0	0.0	0.0	0.0	0.0	0.0	0.0	0.16666666666666666	0.0	0.0	0.2	
American Robin	0.6666666666666666	0.5	1.0	0.6	1.0	0.6666666666666666	0.5	0.75	1.0	0.5	0.6666666666666666	0.6	0.6	0.75	0.8333333333333334	1.0	0.8571428571428571	0.3333333333333333	0.8571428571428571	0.5714285714285714	0.8333333333333334	1.0	0.6666666666666666	0.75	0.75	0.4444444444444444	0.3333333333333333	0.3	0.1	0.0	0.125	0.0	0.0	0.4	0.2	0.4166666666666667	0.75	0.5	0.5	0.8	0.5	0.75	0.0	0.6	0.8333333333333334	0.3333333333333333	0.5	0.8	
European Starling	0.6666666666666666	0.5	0.75	0.8	1.0	0.8333333333333334	1.0	1.0	0.75	0.75	1.0	0.7	0.8	0.375	0.8333333333333334	0.8333333333333334	1.0	0.3333333333333333	0.7142857142857143	0.7142857142857143	0.8333333333333334	1.0	1.0	1.0	0.75	0.7777777777777778	0.5	0.6	0.5	0.8333333333333334	0.625	1.0	0.5	0.6	0.8	0.4166666666666667	1.0	0.75	0.5	0.8	1.0	0.875	1.0	0.6	0.6666666666666666	1.0	0.5	0.8	
American Pipit	0.0	0.0	0.25	0.0	0.0	0.0	0.0	0.0	0.0	0.0	0.0	0.0	0.0	0.0	0.0	0.16666666666666666	0.0	0.0	0.0	0.0	0.0	0.0	0.0	0.0	0.0	0.0	0.16666666666666666	0.0	0.0	0.0	0.0	0.0	0.0	0.0	0.1	0.08333333333333333	0.25	0.0	0.5	0.0	0.0	0.0	0.0	0.0	0.0	0.0	0.0	0.2	
Cedar Waxwing	0.0	0.0	0.0	0.0	0.0	0.0	0.0	0.0	0.0	0.0	0.1111111111111111	0.0	0.0	0.0	0.0	0.0	0.0	0.0	0.14285714285714285	0.14285714285714285	0.5	0.5	0.6666666666666666	0.75	0.25	0.5555555555555556	0.3333333333333333	0.3	0.1	0.16666666666666666	0.5	0.0	0.0	0.2	0.1	0.16666666666666666	0.0	0.0	0.0	0.2	0.0	0.125	0.0	0.0	0.0	0.0	0.0	0.0	
Evening Grosbeak	0.0	0.0	0.0	0.0	0.0	0.0	0.0	0.0	0.0	0.0	0.0	0.0	0.0	0.0	0.0	0.0	0.0	0.0	0.0	0.0	0.0	0.0	0.0	0.0	0.0	0.0	0.0	0.0	0.0	0.0	0.0	0.0	0.0	0.0	0.0	0.0	0.0	0.0	0.0	0.0	0.25	0.0	0.0	0.0	0.0	0.0	0.0	0.0	
House Finch	0.3333333333333333	0.5	1.0	1.0	0.5	0.8333333333333334	1.0	0.75	0.75	0.75	0.6666666666666666	0.5	0.6	0.875	0.6666666666666666	0.8333333333333334	0.5714285714285714	0.3333333333333333	0.42857142857142855	0.7142857142857143	0.5	1.0	1.0	1.0	0.75	0.5555555555555556	0.6666666666666666	0.5	0.6	1.0	0.5	1.0	0.8333333333333334	0.8	0.4	0.3333333333333333	0.75	0.5	0.5	0.6	1.0	0.625	1.0	0.8	0.5	0.3333333333333333	0.5	0.8	
Purple Finch	0.0	0.0	0.0	0.0	0.0	0.0	0.0	0.0	0.0	0.0	0.0	0.0	0.0	0.0	0.0	0.0	0.0	0.0	0.0	0.0	0.0	0.0	0.0	0.0	0.0	0.0	0.0	0.0	0.0	0.0	0.125	0.16666666666666666	0.0	0.0	0.0	0.0	0.0	0.0	0.0	0.0	0.0	0.125	0.0	0.0	0.0	0.0	0.0	0.0	
Common Redpoll	0.16666666666666666	0.0	0.0	0.0	0.0	0.0	0.0	0.0	0.0	0.0	0.0	0.0	0.0	0.0	0.0	0.0	0.0	0.0	0.0	0.0	0.0	0.0	0.0	0.0	0.0	0.0	0.0	0.0	0.0	0.0	0.0	0.0	0.0	0.0	0.0	0.0	0.0	0.0	0.0	0.0	0.0	0.0	0.0	0.0	0.0	0.3333333333333333	0.0	0.0	
Red Crossbill	0.0	0.0	0.0	0.0	0.0	0.16666666666666666	0.0	0.0	0.0	0.0	0.0	0.0	0.0	0.0	0.0	0.0	0.14285714285714285	0.0	0.0	0.0	0.0	0.0	0.0	0.0	0.0	0.0	0.0	0.0	0.0	0.0	0.0	0.0	0.0	0.0	0.0	0.0	0.0	0.0	0.0	0.0	0.0	0.0	0.0	0.0	0.16666666666666666	0.0	0.0	0.0	
Pine Siskin	0.0	0.0	0.0	0.0	0.0	0.3333333333333333	0.0	0.0	0.25	0.0	0.1111111111111111	0.0	0.0	0.0	0.0	0.0	0.0	0.0	0.0	0.0	0.0	0.0	0.0	0.0	0.0	0.0	0.0	0.1	0.0	0.0	0.125	0.0	0.0	0.0	0.0	0.0	0.0	0.25	0.0	0.2	0.25	0.125	0.0	0.4	0.16666666666666666	0.3333333333333333	0.0	0.2	
American Goldfinch	0.0	0.0	0.0	0.0	0.0	0.0	0.0	0.0	0.25	0.0	0.0	0.1	0.0	0.125	0.0	0.6666666666666666	0.2857142857142857	1.0	0.7142857142857143	0.7142857142857143	0.5	1.0	1.0	0.5	0.75	0.3333333333333333	0.5	0.5	0.5	0.5	0.5	0.6666666666666666	0.8333333333333334	0.6	0.3	0.16666666666666666	0.5	0.0	0.5	0.0	0.5	0.0	0.0	0.0	0.0	0.0	0.0	0.0	
finch sp.	0.0	0.25	0.0	0.0	0.0	0.0	0.0	0.0	0.0	0.0	0.0	0.0	0.0	0.0	0.0	0.0	0.14285714285714285	0.0	0.0	0.0	0.0	0.0	0.0	0.0	0.0	0.0	0.0	0.0	0.0	0.0	0.0	0.16666666666666666	0.0	0.0	0.0	0.0	0.0	0.0	0.0	0.2	0.0	0.0	0.0	0.0	0.0	0.0	0.0	0.0	
Fox Sparrow	0.0	0.0	0.25	0.2	0.0	0.16666666666666666	0.0	0.0	0.0	0.0	0.0	0.0	0.0	0.125	0.0	0.0	0.0	0.0	0.0	0.0	0.0	0.0	0.0	0.0	0.0	0.0	0.0	0.0	0.0	0.0	0.0	0.0	0.0	0.0	0.0	0.0	0.0	0.0	0.0	0.0	0.0	0.0	0.0	0.0	0.16666666666666666	0.0	0.0	0.2	
Dark-eyed Junco	0.3333333333333333	0.5	0.5	0.8	0.5	0.5	1.0	0.5	0.75	0.5	0.1111111111111111	0.1	0.0	0.0	0.16666666666666666	0.16666666666666666	0.2857142857142857	0.0	0.0	0.0	0.0	0.0	0.0	0.0	0.25	0.0	0.0	0.1	0.0	0.0	0.0	0.0	0.0	0.0	0.1	0.0	0.25	0.25	0.0	0.2	0.5	0.375	0.0	0.6	0.3333333333333333	0.3333333333333333	0.0	0.8	
White-crowned Sparrow	0.3333333333333333	0.5	0.75	0.8	0.5	0.5	1.0	0.5	0.75	0.75	0.4444444444444444	0.7	0.8	0.75	0.5	0.8333333333333334	0.5714285714285714	1.0	0.5714285714285714	0.5714285714285714	1.0	1.0	1.0	1.0	0.75	0.6666666666666666	0.8333333333333334	0.2	0.1	0.3333333333333333	0.25	0.5	0.16666666666666666	0.2	0.3	0.16666666666666666	0.75	0.5	0.5	0.4	0.75	0.375	0.0	0.4	0.3333333333333333	0.0	0.0	0.6	
Golden-crowned Sparrow	0.16666666666666666	0.5	1.0	0.8	1.0	0.5	1.0	0.5	0.75	0.75	0.5555555555555556	0.5	0.6	0.625	0.3333333333333333	0.3333333333333333	0.2857142857142857	0.0	0.0	0.0	0.0	0.0	0.0	0.0	0.0	0.0	0.0	0.0	0.0	0.0	0.0	0.0	0.16666666666666666	0.0	0.2	0.25	0.5	0.5	0.5	0.4	0.5	0.625	0.0	0.4	0.5	1.0	0.5	0.6	
Zonotrichia sp.	0.0	0.0	0.25	0.0	0.0	0.0	0.0	0.25	0.0	0.0	0.0	0.0	0.0	0.0	0.0	0.0	0.0	0.0	0.0	0.0	0.0	0.0	0.0	0.0	0.0	0.0	0.0	0.0	0.0	0.0	0.0	0.0	0.0	0.0	0.0	0.0	0.0	0.0	0.0	0.0	0.0	0.0	0.0	0.0	0.0	0.0	0.0	0.0	
Savannah Sparrow	0.0	0.0	0.0	0.0	0.0	0.0	0.5	0.0	0.0	0.0	0.1111111111111111	0.5	0.8	0.75	0.5	0.8333333333333334	0.7142857142857143	1.0	0.8571428571428571	0.7142857142857143	1.0	1.0	1.0	1.0	0.5	0.5555555555555556	0.5	0.7	0.5	0.6666666666666666	0.5	0.8333333333333334	0.8333333333333334	0.6	0.5	0.5	0.5	0.5	1.0	0.0	0.25	0.125	0.0	0.0	0.0	0.0	0.0	0.0	
Song Sparrow	0.3333333333333333	1.0	1.0	0.8	1.0	0.5	1.0	1.0	1.0	0.5	0.4444444444444444	0.4	0.4	0.625	0.3333333333333333	0.5	0.2857142857142857	0.0	0.2857142857142857	0.2857142857142857	0.3333333333333333	0.5	1.0	0.75	0.0	0.5555555555555556	0.8333333333333334	0.2	0.1	0.16666666666666666	0.125	0.16666666666666666	0.3333333333333333	0.4	0.5	0.3333333333333333	0.75	0.75	1.0	0.6	0.75	0.625	0.5	0.6	0.6666666666666666	0.6666666666666666	1.0	0.8	
Lincoln's Sparrow	0.0	0.0	0.25	0.0	0.0	0.16666666666666666	0.0	0.25	0.0	0.0	0.2222222222222222	0.1	0.2	0.0	0.3333333333333333	0.0	0.0	0.0	0.0	0.0	0.0	0.0	0.0	0.0	0.0	0.0	0.0	0.0	0.0	0.0	0.0	0.0	0.0	0.0	0.2	0.08333333333333333	0.25	0.0	0.0	0.0	0.25	0.25	0.0	0.0	0.0	0.0	0.0	0.0	
Swamp Sparrow	0.0015	0.0	0.0	0.0	0.0	0.0	0.0	0.0	0.0	0.0	0.0	0.0	0.0	0.0	0.0	0.0	0.0	0.0	0.0	0.0	0.0	0.0	0.0	0.0	0.0	0.0	0.0	0.0	0.0	0.0	0.0	0.0	0.0	0.0	0.0	0.0	0.0	0.0	0.0	0.0	0.0	0.0	0.0	0.0	0.0	0.0015	0.0	0.0	
Spotted Towhee	0.3333333333333333	0.5	0.75	0.4	0.5	0.5	1.0	0.5	0.75	0.5	0.3333333333333333	0.4	0.0	0.375	0.16666666666666666	0.5	0.2857142857142857	0.3333333333333333	0.14285714285714285	0.42857142857142855	0.16666666666666666	0.5	0.6666666666666666	0.25	0.0	0.2222222222222222	0.5	0.1	0.0	0.0	0.125	0.0	0.0	0.0	0.1	0.16666666666666666	0.25	0.5	0.5	0.6	0.25	0.375	0.5	0.6	0.5	1.0	0.5	0.4	
sparrow sp.	0.0	0.0	0.0	0.0	0.0	0.0	0.0	0.0	0.0	0.0	0.0	0.0	0.0	0.0	0.0	0.0	0.14285714285714285	0.0	0.0	0.0	0.0	0.0	0.0	0.0	0.0	0.0	0.0	0.0	0.0	0.0	0.0	0.0	0.0	0.0	0.0	0.0	0.0	0.0	0.0	0.0	0.0	0.0	0.0	0.0	0.0	0.0	0.0	0.0	
Western Meadowlark	0.0	0.0	0.0	0.0	0.0	0.0	0.0	0.0	0.0	0.0	0.1111111111111111	0.0	0.0	0.0	0.0	0.0	0.0	0.0	0.0	0.0	0.0	0.0	0.0	0.0	0.0	0.0	0.0	0.0	0.0	0.0	0.0	0.0	0.0	0.0	0.0	0.0	0.0	0.0	0.5	0.0	0.0	0.0	0.0	0.0	0.0	0.0	0.0	0.0	
Bullock's Oriole	0.0	0.0	0.0	0.0	0.0	0.0	0.0	0.0	0.0	0.0	0.0	0.0	0.0	0.0	0.0	0.0	0.0	0.0	0.14285714285714285	0.0	0.0	0.0	0.0	0.0	0.0	0.0	0.0	0.0	0.0	0.0	0.0	0.0	0.0	0.0	0.0	0.0	0.0	0.0	0.0	0.0	0.0	0.0	0.0	0.0	0.0	0.0	0.0	0.0	
Red-winged Blackbird	0.8333333333333334	1.0	1.0	1.0	1.0	1.0	1.0	1.0	1.0	1.0	1.0	1.0	1.0	0.875	1.0	1.0	1.0	1.0	1.0	1.0	1.0	1.0	1.0	1.0	0.5	0.8888888888888888	0.6666666666666666	0.6	0.8	1.0	0.625	1.0	0.8333333333333334	0.6	0.7	0.8333333333333334	0.75	1.0	1.0	0.8	1.0	1.0	0.0015	1.0	1.0	0.6666666666666666	1.0	0.8	
Brown-headed Cowbird	0.0	0.0	0.0	0.0	0.0	0.0	0.0	0.0	0.0	0.0	0.0	0.0	0.0	0.125	0.0	0.5	0.5714285714285714	0.3333333333333333	0.2857142857142857	0.2857142857142857	0.6666666666666666	0.5	1.0	0.75	0.25	0.2222222222222222	0.3333333333333333	0.2	0.3	0.3333333333333333	0.125	0.16666666666666666	0.0	0.0	0.1	0.0	0.25	0.0	0.0	0.0	0.0	0.0	0.0	0.0	0.0	0.0	0.0	0.0	
Brewer's Blackbird	0.0	0.25	0.25	0.4	0.5	0.5	0.5	0.75	0.75	1.0	0.7777777777777778	0.7	1.0	0.875	1.0	0.8333333333333334	1.0	1.0	1.0	0.8571428571428571	1.0	1.0	1.0	1.0	0.5	0.5555555555555556	0.5	0.5	0.8	0.8333333333333334	0.5	0.6666666666666666	0.8333333333333334	0.8	0.6	0.6666666666666666	0.75	0.75	1.0	0.6	1.0	0.625	0.0	0.0	0.3333333333333333	0.3333333333333333	0.0	0.2	
blackbird sp.	0.0	0.25	0.25	0.0	0.0	0.0	0.0	0.0	0.0	0.0	0.0	0.0	0.0	0.0	0.0	0.0	0.0	0.0	0.0	0.0	0.0	0.0	0.0	0.0	0.0	0.0	0.0	0.0	0.0	0.16666666666666666	0.0	0.0	0.0	0.0	0.0	0.0	0.0	0.0	0.0	0.2	0.0	0.0	0.0	0.0	0.0	0.0	0.0	0.0	
Orange-crowned Warbler	0.0	0.0	0.0	0.0	0.0	0.0	0.0	0.0	0.0	0.0	0.0	0.1	0.0	0.0	0.0	0.16666666666666666	0.0	0.0	0.14285714285714285	0.0	0.0	0.0	0.0	0.0	0.0	0.1111111111111111	0.0	0.0	0.0	0.0	0.0	0.0	0.0	0.0	0.1	0.08333333333333333	0.0	0.0	0.0	0.0	0.0	0.0	0.0	0.0	0.0	0.0	0.0	0.0	
Common Yellowthroat	0.0	0.0	0.0	0.0	0.0	0.0	0.0	0.0	0.0	0.0	0.0	0.0	0.2	0.0	0.16666666666666666	0.3333333333333333	0.5714285714285714	0.0	0.2857142857142857	0.2857142857142857	0.6666666666666666	0.5	0.3333333333333333	0.0	0.0	0.1111111111111111	0.0	0.1	0.0	0.0	0.25	0.16666666666666666	0.3333333333333333	0.0	0.2	0.0	0.0	0.0	0.0	0.0	0.0	0.0	0.0	0.0	0.0	0.0	0.0	0.0	
Yellow Warbler	0.0	0.0	0.0	0.0	0.0	0.0	0.0	0.0	0.0	0.0	0.0	0.0	0.0	0.0	0.0	0.0	0.0	0.0	0.0	0.14285714285714285	0.5	0.0	0.6666666666666666	0.25	0.0	0.0	0.0	0.0	0.0	0.0	0.0	0.0	0.0	0.0	0.0	0.0	0.0	0.0	0.0	0.0	0.0	0.0	0.0	0.0	0.0	0.0	0.0	0.0	
Palm Warbler	0.0	0.0	0.25	0.0	0.0	0.16666666666666666	0.0	0.0	0.0	0.0	0.0	0.0	0.0	0.0	0.0	0.0	0.0	0.0	0.0	0.0	0.0	0.0	0.0	0.0	0.0	0.0	0.0	0.0	0.0	0.0	0.0	0.0	0.0	0.0	0.0	0.0	0.0	0.0	0.0	0.0	0.0	0.0	0.0	0.0	0.0	0.0	0.0	0.0	
Yellow-rumped Warbler	0.0	0.0	0.25	0.2	0.0	0.0	0.5	0.0	0.0	0.25	0.0	0.0	0.0	0.0	0.16666666666666666	0.5	0.2857142857142857	0.3333333333333333	0.0	0.0	0.0	0.0	0.0	0.0	0.0	0.0	0.0	0.0	0.1	0.0	0.0	0.16666666666666666	0.16666666666666666	0.0	0.0	0.16666666666666666	0.25	0.5	0.5	0.0	0.0	0.0	0.0	0.2	0.16666666666666666	0.0	0.0	0.4	
Wilson's Warbler	0.0	0.0	0.0	0.0	0.0	0.0	0.0	0.0	0.0	0.0	0.0	0.0	0.0	0.0	0.0	0.0	0.0	0.0	0.0	0.14285714285714285	0.0	0.0	0.0	0.0	0.0	0.0	0.0	0.0	0.0	0.0	0.0	0.0	0.0	0.0	0.0	0.0	0.0	0.0	0.0	0.0	0.0	0.0	0.0	0.0	0.0	0.0	0.0	0.0	
Black-headed Grosbeak	0.0	0.0	0.0	0.0	0.0	0.0	0.0	0.0	0.0	0.0	0.0	0.0	0.0	0.0	0.0	0.0	0.0	0.0	0.0	0.0	0.3333333333333333	0.0	0.3333333333333333	0.0	0.0	0.0	0.0	0.1	0.0	0.16666666666666666	0.0	0.0	0.0	0.0	0.0	0.0	0.0	0.0	0.0	0.0	0.0	0.0	0.0	0.0	0.0	0.0	0.0	0.0	
House Sparrow	0.3333333333333333	0.25	0.75	1.0	1.0	0.5	1.0	0.75	0.75	0.5	0.5555555555555556	0.6	0.6	0.75	0.5	0.8333333333333334	0.8571428571428571	0.3333333333333333	0.42857142857142855	0.8571428571428571	1.0	1.0	1.0	1.0	0.75	0.6666666666666666	0.8333333333333334	0.7	0.7	0.8333333333333334	0.375	0.6666666666666666	0.5	0.4	0.4	0.4166666666666667	0.75	0.5	0.5	0.2	0.5	0.625	0.0	0.6	0.5	0.3333333333333333	0.0	0.6	
passerine sp.	0.0	0.0	0.0	0.0	0.0	0.0	0.0	0.0	0.0	0.0	0.0	0.0	0.0	0.0	0.0	0.0	0.2857142857142857	0.0	0.0	0.0	0.0	0.0	0.0	0.0	0.0	0.0	0.0	0.0	0.0	0.0	0.0	0.0	0.0	0.0	0.0	0.0	0.0	0.0	0.0	0.0	0.0	0.0	0.0	0.0	0.0	0.0	0.0	0.0	

