









Frequency of observations in the selected location(s).:
Number of taxa: 	194

	Jan				Feb				Mar				Apr				May				Jun				Jul				Aug				Sep				Oct				Nov				Dec				
Sample Size:	6.0	5.0	9.0	7.0	6.0	5.0	16.0	7.0	12.0	11.0	12.0	5.0	9.0	7.0	7.0	9.0	0.0	2.0	2.0	2.0	3.0	3.0	0.0	1.0	1.0	1.0	1.0	3.0	5.0	4.0	1.0	1.0	1.0	1.0	5.0	6.0	8.0	6.0	5.0	18.0	15.0	16.0	9.0	12.0	7.0	7.0	5.0	7.0	

Snow Goose	0.0	0.0	0.0	0.0	0.0	0.0	0.0	0.0	0.0	0.0	0.0	0.0	0.0	0.0	0.0	0.0	0.0	0.0	0.0	0.0	0.0	0.0	0.0	0.0	0.0	0.0	0.0	0.0	0.0	0.0	0.0	0.0	0.0	0.0	0.0	0.0	0.0	0.0	0.0	0.2222222222222222	0.4	0.5	0.1111111111111111	0.08333333333333333	0.14285714285714285	0.0	0.0	0.0	
Greater White-fronted Goose	0.0	0.0	0.0	0.0	0.16666666666666666	0.0	0.0	0.0	0.0	0.09090909090909091	0.08333333333333333	0.0	0.1111111111111111	0.0	0.0	0.1111111111111111	0.0	0.0	0.0	0.0	0.0	0.0	0.0	0.0	0.0	0.0	0.0	0.0	0.0	0.0	0.0	0.0	0.0	0.0	0.2	0.0	0.125	0.16666666666666666	0.2	0.16666666666666666	0.26666666666666666	0.1875	0.2222222222222222	0.0	0.0	0.0	0.0	0.0	
Brant	0.5	0.6	0.6666666666666666	0.42857142857142855	0.8333333333333334	0.8	0.75	0.8571428571428571	0.8333333333333334	1.0	1.0	1.0	0.7777777777777778	0.8571428571428571	0.7142857142857143	0.3333333333333333	0.0	0.0	0.0	0.0	0.0	0.0	0.0	0.0	0.0	0.0	0.0	0.0	0.0	0.0	0.0	0.0	0.0	0.0	0.0	0.0	0.0	0.16666666666666666	0.0	0.0	0.0	0.125	0.2222222222222222	0.25	0.5714285714285714	0.42857142857142855	0.4	0.5714285714285714	
Cackling Goose	0.0	0.0	0.0	0.0	0.0	0.2	0.0	0.0	0.0	0.0	0.0	0.0	0.0	0.14285714285714285	0.0	0.0	0.0	0.0	0.0	0.0	0.0	0.0	0.0	0.0	0.0	0.0	0.0	0.0	0.0	0.0	0.0	0.0	0.0	0.0	0.0	0.0	0.125	0.5	0.6	0.4444444444444444	0.6	0.5	0.2222222222222222	0.25	0.2857142857142857	0.14285714285714285	0.0	0.0	
Canada Goose	0.0	0.0	0.0	0.14285714285714285	0.0	0.4	0.125	0.2857142857142857	0.5	0.36363636363636365	0.3333333333333333	0.2	0.5555555555555556	0.8571428571428571	0.2857142857142857	0.2222222222222222	0.0	0.0	0.0	0.5	0.0	0.6666666666666666	0.0	0.0	0.0	0.0	0.0	0.3333333333333333	0.4	0.0	0.0	1.0	0.0	1.0	0.4	0.5	0.625	0.6666666666666666	0.6	0.3888888888888889	0.5333333333333333	0.4375	0.2222222222222222	0.25	0.5714285714285714	0.0	0.2	0.14285714285714285	
Trumpeter Swan	0.3333333333333333	0.2	0.2222222222222222	0.42857142857142855	0.5	0.2	0.25	0.42857142857142855	0.6666666666666666	0.45454545454545453	0.5	0.2	0.1111111111111111	0.14285714285714285	0.0	0.0	0.0	0.0	0.0	0.0	0.0	0.0	0.0	0.0	0.0	0.0	0.0	0.0	0.0	0.0	0.0	0.0	0.0	0.0	0.0	0.0	0.0	0.0	0.0	0.0	0.06666666666666667	0.375	0.5555555555555556	0.3333333333333333	0.42857142857142855	0.5714285714285714	0.6	0.0015	
Tundra Swan	0.0	0.0	0.0	0.0	0.0	0.0	0.0	0.0	0.0	0.0	0.08333333333333333	0.0	0.0	0.0	0.0	0.0	0.0	0.0	0.0	0.0	0.0	0.0	0.0	0.0	0.0	0.0	0.0	0.0	0.0	0.0	0.0	0.0	0.0	0.0	0.0	0.0	0.0	0.0	0.0	0.0	0.0	0.125	0.0	0.0	0.0	0.0	0.0	0.0	
Trumpeter/Tundra Swan	0.0	0.0	0.0	0.14285714285714285	0.0	0.0	0.0	0.0	0.0	0.0	0.08333333333333333	0.0	0.0	0.0	0.0	0.0	0.0	0.0	0.0	0.0	0.0	0.0	0.0	0.0	0.0	0.0	0.0	0.0	0.0	0.0	0.0	0.0	0.0	0.0	0.0	0.0	0.0	0.0	0.0	0.0	0.0	0.0	0.0	0.0	0.0	0.0	0.0	0.0	
Northern Shoveler	0.3333333333333333	0.0	0.0	0.2857142857142857	0.0	0.2	0.0	0.14285714285714285	0.0	0.0	0.0	0.0	0.0	0.0	0.14285714285714285	0.0	0.0	0.0	0.0	0.0	0.0	0.0	0.0	0.0	0.0	0.0	0.0	0.0	0.0	0.0	0.0	0.0	0.0	0.0	0.2	0.16666666666666666	0.125	0.5	0.2	0.3888888888888889	0.26666666666666666	0.1875	0.4444444444444444	0.16666666666666666	0.42857142857142855	0.7142857142857143	0.4	0.2857142857142857	
Gadwall	0.5	0.0015	0.2222222222222222	0.7142857142857143	0.3333333333333333	0.4	0.25	0.5714285714285714	0.6666666666666666	0.45454545454545453	0.3333333333333333	0.2	0.4444444444444444	0.8571428571428571	0.5714285714285714	0.2222222222222222	0.0	0.0	0.0	0.0	0.0	0.0	0.0	0.0	0.0	0.0	0.0	0.0	0.0	0.0	0.0	0.0	0.0	0.0	0.0	0.16666666666666666	0.0	0.0	0.0	0.1111111111111111	0.26666666666666666	0.375	0.3333333333333333	0.25	0.7142857142857143	0.8571428571428571	0.8	0.42857142857142855	
Eurasian Wigeon	0.0	0.0	0.0015	0.0	0.0	0.0	0.0	0.0	0.0	0.0	0.0	0.0	0.0	0.0	0.0	0.0	0.0	0.0	0.0	0.0	0.0	0.0	0.0	0.0	0.0	0.0	0.0	0.0	0.0	0.0	0.0	0.0	0.0	0.0	0.0	0.0	0.0	0.0	0.0	0.05555555555555555	0.13333333333333333	0.25	0.3333333333333333	0.16666666666666666	0.2857142857142857	0.42857142857142855	0.6	0.2857142857142857	
American Wigeon	0.6666666666666666	0.0015	0.3333333333333333	0.8571428571428571	0.5	0.6	0.125	0.42857142857142855	0.25	0.18181818181818182	0.16666666666666666	0.0	0.2222222222222222	0.5714285714285714	0.42857142857142855	0.1111111111111111	0.0	0.0	0.0	0.0	0.0	0.0	0.0	0.0	0.0	0.0	0.0	0.0	0.0	0.0	0.0	0.0	0.0	0.0	0.4	0.3333333333333333	0.5	0.6666666666666666	0.6	0.6111111111111112	0.7333333333333333	0.75	0.7777777777777778	0.3333333333333333	0.7142857142857143	1.0	0.8	0.42857142857142855	
Eurasian x American Wigeon (hybrid)	0.0	0.0	0.0	0.0	0.0	0.0	0.0	0.0	0.0	0.0	0.0	0.0	0.0	0.0	0.0	0.0	0.0	0.0	0.0	0.0	0.0	0.0	0.0	0.0	0.0	0.0	0.0	0.0	0.0	0.0	0.0	0.0	0.0	0.0	0.0	0.0	0.0	0.0	0.0	0.0	0.0	0.0	0.0	0.0	0.14285714285714285	0.0	0.0	0.0	
Mallard	0.5	0.0	0.3333333333333333	0.8571428571428571	0.5	0.4	0.25	0.7142857142857143	0.6666666666666666	0.5454545454545454	0.4166666666666667	0.2	0.5555555555555556	0.8571428571428571	0.7142857142857143	0.1111111111111111	0.0	0.0	0.0	0.0	0.6666666666666666	0.0	0.0	0.0	0.0	0.0	0.0	0.0	0.0	0.0	0.0	0.0	0.0	0.0	0.4	0.5	0.625	0.8333333333333334	0.4	0.6111111111111112	0.6	0.5	0.6666666666666666	0.3333333333333333	0.7142857142857143	1.0	0.8	0.42857142857142855	
Northern Pintail	0.6666666666666666	0.0015	0.2222222222222222	0.8571428571428571	0.5	0.4	0.25	0.7142857142857143	0.6666666666666666	0.5454545454545454	0.5833333333333334	0.2	0.4444444444444444	0.8571428571428571	0.7142857142857143	0.3333333333333333	0.0	0.0	0.0	0.0	0.0	0.0	0.0	0.0	0.0	0.0	0.0	0.0	0.0	0.0	0.0	0.0	0.0	0.0	0.2	0.5	0.5	0.3333333333333333	0.2	0.6666666666666666	0.7333333333333333	0.5	0.7777777777777778	0.25	0.7142857142857143	1.0	0.8	0.42857142857142855	
Green-winged Teal	0.6666666666666666	0.0	0.2222222222222222	0.7142857142857143	0.3333333333333333	0.4	0.25	0.7142857142857143	0.6666666666666666	0.5454545454545454	0.5	0.2	0.4444444444444444	0.8571428571428571	0.5714285714285714	0.2222222222222222	0.0	0.0	0.0015	0.0	0.0	0.0	0.0	0.0	0.0	0.0	0.0	0.0	0.0	0.0	0.0	0.0	0.0	0.0	0.0	0.3333333333333333	0.75	0.6666666666666666	0.4	0.5555555555555556	0.6666666666666666	0.5	0.7777777777777778	0.25	0.7142857142857143	1.0	1.0	0.42857142857142855	
Ring-necked Duck	0.0	0.0	0.0	0.0	0.0	0.0	0.0625	0.0	0.08333333333333333	0.0	0.0	0.0	0.0	0.0	0.0	0.0	0.0	0.0	0.0	0.0	0.0	0.0	0.0	0.0	0.0	0.0	0.0	0.0	0.0	0.0	0.0	0.0	0.0	0.0	0.0	0.16666666666666666	0.0	0.0	0.0	0.05555555555555555	0.0	0.0	0.0	0.0	0.0	0.0	0.0	0.0	
Greater Scaup	0.0	0.0	0.0	0.14285714285714285	0.16666666666666666	0.0	0.0	0.14285714285714285	0.4166666666666667	0.0	0.08333333333333333	0.0	0.2222222222222222	0.0	0.2857142857142857	0.1111111111111111	0.0	0.0	0.0	0.0	0.0	0.0	0.0	0.0	0.0	0.0	0.0	0.0	0.0	0.0	0.0	0.0	0.0	0.0	0.2	0.0	0.125	0.16666666666666666	0.0	0.2222222222222222	0.2	0.125	0.3333333333333333	0.08333333333333333	0.0	0.0	0.0	0.14285714285714285	
Lesser Scaup	0.0	0.0	0.0	0.0	0.16666666666666666	0.0	0.0	0.14285714285714285	0.0	0.0	0.16666666666666666	0.0	0.0	0.0	0.0	0.0	0.0	0.0	0.0	0.0	0.0	0.0	0.0	0.0	0.0	0.0	0.0	0.0	0.0	0.0	0.0	0.0	0.0	0.0	0.0	0.0	0.0	0.0	0.0	0.05555555555555555	0.06666666666666667	0.125	0.2222222222222222	0.0	0.0	0.0	0.2	0.14285714285714285	
Aythya sp.	0.0	0.0	0.0	0.0	0.0	0.0	0.0	0.0	0.0	0.0	0.0	0.0	0.0	0.0	0.0	0.0	0.0	0.0	0.0	0.0	0.0	0.0	0.0	0.0	0.0	0.0	0.0	0.0	0.2	0.0	0.0	0.0	0.0	0.0	0.0	0.0	0.0	0.0	0.0	0.0	0.0	0.0	0.0	0.0	0.0	0.0	0.0	0.0	
Harlequin Duck	0.8333333333333334	0.8	0.6666666666666666	0.8571428571428571	0.8333333333333334	0.6	0.625	0.8571428571428571	0.75	0.7272727272727273	0.75	0.2	0.8888888888888888	0.42857142857142855	0.5714285714285714	0.2222222222222222	0.0	0.0	0.0	0.0	0.0	0.3333333333333333	0.0	0.0	0.0	0.0	0.0	0.0	0.0	0.25	0.0	0.0	0.0	0.0	0.4	0.3333333333333333	0.875	0.6666666666666666	0.8	0.8333333333333334	0.8666666666666667	1.0	0.7777777777777778	0.6666666666666666	0.7142857142857143	1.0	1.0	0.42857142857142855	
Surf Scoter	0.8333333333333334	0.4	0.6666666666666666	0.7142857142857143	0.8333333333333334	0.8	0.625	0.8571428571428571	0.9166666666666666	0.9090909090909091	0.6666666666666666	0.6	0.5555555555555556	0.8571428571428571	0.7142857142857143	0.4444444444444444	0.0	0.0	0.5	0.5	0.0	0.3333333333333333	0.0	0.0015	0.0	0.0	0.0	0.3333333333333333	0.0	0.0	0.0	1.0	0.0	0.0015	0.2	0.3333333333333333	1.0	0.8333333333333334	0.6	0.8333333333333334	0.8666666666666667	0.8125	0.6666666666666666	0.8333333333333334	1.0	1.0	1.0	1.0	
White-winged Scoter	0.0015	0.0015	0.2222222222222222	0.0	0.16666666666666666	0.0	0.1875	0.14285714285714285	0.0	0.0	0.25	0.0	0.1111111111111111	0.0	0.42857142857142855	0.0	0.0	0.0	0.0	0.0	0.0	0.0	0.0	0.0	0.0	0.0	0.0	0.0	0.0	0.0	0.0	0.0	0.0	0.0015	0.0	0.16666666666666666	0.125	0.16666666666666666	0.0	0.3888888888888889	0.4	0.6875	0.8888888888888888	0.5	0.42857142857142855	0.5714285714285714	0.6	0.7142857142857143	
Black Scoter	0.0	0.0	0.0	0.0	0.0	0.0	0.0	0.0	0.08333333333333333	0.0	0.08333333333333333	0.0	0.0	0.0	0.0	0.0	0.0	0.0	0.0	0.0	0.0	0.0	0.0	0.0	0.0	0.0	0.0	0.0	0.0	0.0	0.0	0.0	0.0	0.0	0.0	0.0	0.0	0.0	0.0	0.0	0.0	0.0	0.0	0.0	0.0	0.0	0.0	0.0	
scoter sp.	0.16666666666666666	0.0	0.1111111111111111	0.0	0.0	0.0	0.0	0.0	0.0	0.0	0.0	0.0	0.0	0.0	0.0	0.1111111111111111	0.0	0.0	0.0	0.0	0.0	0.0	0.0	0.0	0.0	0.0	0.0	0.0	0.0	0.0	0.0	0.0	0.0	0.0	0.0	0.0	0.0	0.0	0.0	0.0	0.0	0.0	0.0	0.0	0.0	0.0	0.0	0.0	
Long-tailed Duck	0.6666666666666666	0.6	0.6666666666666666	0.7142857142857143	0.8333333333333334	0.8	0.6875	0.7142857142857143	0.75	0.7272727272727273	0.4166666666666667	0.6	0.4444444444444444	0.5714285714285714	0.42857142857142855	0.2222222222222222	0.0	0.0	0.0	0.0	0.0	0.0	0.0	0.0	0.0	0.0	0.0	0.0	0.0	0.0	0.0	0.0	0.0	0.0	0.0	0.0	0.0	0.0	0.0	0.1111111111111111	0.4	0.8125	0.4444444444444444	0.5833333333333334	0.7142857142857143	0.8571428571428571	0.8	0.8571428571428571	
Bufflehead	0.8333333333333334	1.0	0.7777777777777778	0.8571428571428571	1.0	1.0	0.875	1.0	0.8333333333333334	1.0	0.8333333333333334	1.0	0.8888888888888888	1.0	0.5714285714285714	0.4444444444444444	0.0	0.0	0.0015	0.0	0.0	0.0	0.0	0.0	0.0	0.0	0.0	0.0	0.0	0.0	0.0	0.0	0.0	0.0	0.0	0.0	0.0	0.0	0.0	0.5	0.8666666666666667	1.0	1.0	1.0	1.0	1.0	1.0	1.0	
Common Goldeneye	0.8333333333333334	1.0	1.0	0.8571428571428571	1.0	0.8	0.8125	0.8571428571428571	0.9166666666666666	1.0	0.8333333333333334	1.0	0.7777777777777778	0.7142857142857143	0.5714285714285714	0.1111111111111111	0.0	0.0	0.0	0.0	0.0	0.0	0.0	0.0	0.0	0.0	0.0	0.0	0.0	0.0	0.0	0.0	0.0	0.0	0.0	0.0	0.0	0.0	0.0	0.05555555555555555	0.2	0.5625	1.0	0.8333333333333334	1.0	1.0	1.0	0.8571428571428571	
Barrow's Goldeneye	0.3333333333333333	0.0015	0.1111111111111111	0.0	0.0	0.0	0.125	0.0	0.0	0.2727272727272727	0.0	0.2	0.1111111111111111	0.0	0.0	0.0	0.0	0.0	0.0	0.0	0.0	0.0	0.0	0.0	0.0	0.0	0.0	0.0	0.0	0.0	0.0	0.0	0.0	0.0	0.0	0.0	0.0	0.0	0.0	0.1111111111111111	0.0	0.0625	0.4444444444444444	0.16666666666666666	0.14285714285714285	0.42857142857142855	0.0	0.2857142857142857	
Common/Barrow's Goldeneye	0.0	0.0	0.0	0.0	0.0	0.0	0.0625	0.0	0.0	0.0	0.0	0.0	0.0	0.0	0.0	0.0	0.0	0.0	0.0	0.0	0.0	0.0	0.0	0.0	0.0	0.0	0.0	0.0	0.0	0.0	0.0	0.0	0.0	0.0	0.0	0.0	0.0	0.0	0.0	0.0	0.0	0.0	0.0	0.08333333333333333	0.0	0.0	0.0	0.0	
Hooded Merganser	0.6666666666666666	0.0	0.1111111111111111	0.42857142857142855	0.16666666666666666	0.2	0.0	0.0	0.08333333333333333	0.0	0.08333333333333333	0.0	0.2222222222222222	0.0	0.0	0.0	0.0	0.0	0.0	0.0	0.0	0.0	0.0	0.0	0.0	0.0	0.0	0.0	0.0	0.0	0.0	0.0	0.0	0.0	0.0	0.0	0.0	0.16666666666666666	0.2	0.0	0.06666666666666667	0.125	0.0	0.08333333333333333	0.14285714285714285	0.8571428571428571	0.4	0.14285714285714285	
Common Merganser	0.16666666666666666	0.2	0.0	0.42857142857142855	0.16666666666666666	0.2	0.0	0.2857142857142857	0.0	0.09090909090909091	0.16666666666666666	0.2	0.3333333333333333	0.14285714285714285	0.0	0.1111111111111111	0.0	0.0	0.0	0.0	0.0	0.0	0.0	0.0	0.0	0.0	0.0	0.0	0.0	0.0	0.0	0.0	0.0	0.0	0.6	0.3333333333333333	0.25	0.6666666666666666	0.0	0.1111111111111111	0.0	0.1875	0.3333333333333333	0.08333333333333333	0.14285714285714285	0.0	0.4	0.0	
Red-breasted Merganser	0.8333333333333334	0.8	0.8888888888888888	0.8571428571428571	1.0	1.0	0.75	1.0	0.9166666666666666	0.9090909090909091	0.8333333333333334	1.0	0.7777777777777778	0.8571428571428571	0.8571428571428571	0.4444444444444444	0.0	0.0	0.0	0.0	0.3333333333333333	0.0	0.0	0.0	0.0	0.0	0.0	0.0	0.0	0.0	0.0	0.0	0.0	0.0	0.0	0.16666666666666666	0.625	0.5	0.2	0.8333333333333334	0.8	0.875	0.8888888888888888	0.9166666666666666	1.0	1.0	1.0	0.8571428571428571	
Common/Red-breasted Merganser	0.0	0.0	0.0	0.0	0.0	0.0	0.0	0.0	0.0	0.0	0.0	0.0	0.0	0.0015	0.0	0.0	0.0	0.0	0.0	0.0	0.0	0.0	0.0	0.0	0.0	0.0	0.0	0.0	0.0	0.0	0.0	0.0	0.0	0.0	0.0	0.0	0.0	0.0	0.0	0.0	0.0	0.0	0.0	0.0	0.0	0.0	0.0	0.0	
Ruddy Duck	0.0	0.0	0.0	0.14285714285714285	0.0	0.0	0.0	0.0	0.0	0.0	0.0	0.0	0.0	0.0	0.0	0.0	0.0	0.0	0.0	0.0	0.0	0.0	0.0	0.0	0.0	0.0	0.0	0.0	0.0	0.0	0.0	0.0	0.0	0.0	0.0	0.0	0.0	0.0	0.0	0.0	0.0	0.0	0.0	0.0	0.0	0.0	0.0	0.0	
duck sp.	0.0	0.0	0.1111111111111111	0.0	0.0	0.0	0.0	0.0	0.0	0.0	0.08333333333333333	0.0	0.0	0.0	0.0	0.0	0.0	0.0	0.0	0.0	0.0	0.0	0.0	0.0	0.0	0.0	0.0	0.0	0.0	0.25	0.0	0.0	0.0	0.0	0.0	0.0	0.0	0.0	0.0	0.0	0.0	0.0	0.0	0.0	0.0	0.0	0.0	0.0	
California Quail	0.0015	0.0	0.0	0.0	0.0	0.0	0.0	0.14285714285714285	0.16666666666666666	0.0	0.08333333333333333	0.0	0.0	0.14285714285714285	0.0	0.2222222222222222	0.0	0.0	0.0	0.0	0.0	0.0	0.0	0.0	0.0	0.0	0.0	0.3333333333333333	0.0	0.0	0.0	0.0	0.0	0.0	0.0	0.0	0.125	0.3333333333333333	0.2	0.2222222222222222	0.2	0.25	0.4444444444444444	0.08333333333333333	0.0	0.14285714285714285	0.2	0.2857142857142857	
Ring-necked Pheasant	0.0	0.0	0.0	0.0	0.0	0.0	0.0	0.0	0.0	0.09090909090909091	0.0	0.0	0.0	0.0	0.0	0.0	0.0	0.0	0.0	0.0	0.0	0.0	0.0	0.0	0.0	0.0	0.0	0.0	0.0	0.0	0.0	0.0	0.0	0.0	0.0	0.0	0.0	0.0	0.0	0.0	0.0	0.0	0.0	0.08333333333333333	0.0	0.0	0.0	0.0	
Pied-billed Grebe	0.0	0.2	0.0	0.0	0.0	0.0	0.0	0.0	0.0	0.0	0.08333333333333333	0.0	0.0	0.0	0.0	0.0	0.0	0.0	0.0	0.0	0.0	0.0	0.0	0.0	0.0	0.0	0.0	0.0	0.0	0.0	0.0	0.0	0.0	0.0	0.0	0.0	0.0	0.0	0.0	0.0	0.2	0.125	0.3333333333333333	0.0	0.2857142857142857	0.2857142857142857	0.2	0.0	
Horned Grebe	0.8333333333333334	0.2	0.4444444444444444	0.2857142857142857	0.6666666666666666	0.6	0.5	0.42857142857142855	0.5	0.5454545454545454	0.25	0.4	0.3333333333333333	0.14285714285714285	0.14285714285714285	0.2222222222222222	0.0	0.0	0.0	0.0	0.0	0.0	0.0	0.0	0.0	0.0	0.0	0.0	0.0	0.0	0.0	0.0	0.0	0.0	0.4	0.3333333333333333	0.5	0.8333333333333334	0.4	0.6111111111111112	0.7333333333333333	0.8125	0.3333333333333333	0.6666666666666666	0.8571428571428571	1.0	0.4	0.5714285714285714	
Red-necked Grebe	0.5	0.6	0.5555555555555556	0.5714285714285714	0.0	0.6	0.375	0.42857142857142855	0.08333333333333333	0.45454545454545453	0.16666666666666666	0.2	0.2222222222222222	0.42857142857142855	0.2857142857142857	0.3333333333333333	0.0	0.0	0.0	0.0	0.0	0.0	0.0	0.0	0.0	0.0	0.0	0.3333333333333333	0.4	0.0	0.0	0.0	1.0	0.0	0.6	0.16666666666666666	0.75	0.6666666666666666	0.6	0.6666666666666666	0.6666666666666666	0.6875	0.3333333333333333	0.5	0.5714285714285714	0.5714285714285714	0.6	0.2857142857142857	
Eared Grebe	0.16666666666666666	0.0015	0.1111111111111111	0.2857142857142857	0.5	0.0	0.25	0.14285714285714285	0.25	0.2727272727272727	0.08333333333333333	0.4	0.2222222222222222	0.0	0.0	0.0	0.0	0.0	0.0	0.0	0.0	0.0	0.0	0.0	0.0	0.0	0.0	0.0	0.0	0.0	0.0	0.0	0.0	0.0	0.2	0.0	0.25	0.3333333333333333	0.0	0.0	0.2	0.0	0.0	0.0	0.0015	0.42857142857142855	0.4	0.14285714285714285	
Western Grebe	0.0	0.0	0.0	0.0	0.16666666666666666	0.4	0.125	0.14285714285714285	0.0	0.09090909090909091	0.08333333333333333	0.2	0.1111111111111111	0.0	0.2857142857142857	0.0	0.0	0.0	0.0	0.0	0.0	0.0	0.0	0.0	0.0	0.0	1.0	0.0	0.4	0.0	0.0	0.0	0.0015	0.0	0.0	0.16666666666666666	0.125	0.16666666666666666	0.4	0.3888888888888889	0.0015	0.3125	0.1111111111111111	0.16666666666666666	0.0	0.2857142857142857	0.2	0.42857142857142855	
grebe sp.	0.0	0.0	0.0	0.0	0.0	0.0	0.0	0.0	0.0	0.0	0.0	0.0	0.0	0.0	0.0	0.0	0.0	0.0	0.0	0.0	0.0	0.0	0.0	0.0	0.0	0.0	0.0	0.0	0.0	0.0	0.0	0.0	0.0	0.0	0.0	0.0	0.0	0.0	0.0	0.0	0.0	0.0	0.0015	0.0	0.0	0.0	0.0	0.0	
Rock Pigeon	0.5	0.2	0.2222222222222222	0.2857142857142857	0.16666666666666666	0.4	0.1875	0.42857142857142855	0.5833333333333334	0.5454545454545454	0.5	0.2	0.4444444444444444	0.7142857142857143	0.5714285714285714	0.2222222222222222	0.0	0.0	0.0	0.0	0.0	0.0	0.0	0.0	0.0	0.0	0.0	0.3333333333333333	0.0	0.0	0.0	0.0	0.0	0.0	0.4	0.3333333333333333	0.625	0.5	0.2	0.2777777777777778	0.26666666666666666	0.25	0.2222222222222222	0.25	0.7142857142857143	1.0	0.6	0.2857142857142857	
Band-tailed Pigeon	0.0	0.0	0.0	0.0	0.0	0.0	0.0	0.0	0.0	0.0	0.0	0.0	0.0	0.0	0.0	0.0	0.0	0.0	0.0	0.0	0.0	0.0	0.0	0.0	0.0	0.0	0.0	0.0	0.0	0.0	0.0	0.0	0.0	0.0	0.0	0.0	0.0	0.0	0.0	0.0	0.0	0.0	0.0	0.0	0.0	0.0	0.0	0.14285714285714285	
Eurasian Collared-Dove	0.3333333333333333	0.0	0.1111111111111111	0.2857142857142857	0.0	0.2	0.0625	0.14285714285714285	0.16666666666666666	0.09090909090909091	0.0	0.0	0.0	0.5714285714285714	0.14285714285714285	0.2222222222222222	0.0	0.0	0.5	0.0	0.0	0.0	0.0	0.0	0.0	0.0	0.0	0.0	0.0	0.0	0.0	0.0	0.0	0.0	0.0	0.16666666666666666	0.25	0.6666666666666666	0.4	0.2777777777777778	0.06666666666666667	0.125	0.0	0.16666666666666666	0.14285714285714285	0.14285714285714285	0.2	0.0	
Mourning Dove	0.16666666666666666	0.0015	0.1111111111111111	0.14285714285714285	0.3333333333333333	0.0	0.125	0.2857142857142857	0.5833333333333334	0.5454545454545454	0.4166666666666667	0.0	0.2222222222222222	0.42857142857142855	0.42857142857142855	0.1111111111111111	0.0	0.0	0.0	0.0	0.0	0.0	0.0	0.0	0.0	0.0	0.0	0.3333333333333333	0.0	0.25	0.0	0.0	0.0	0.0	0.0	0.16666666666666666	0.125	0.16666666666666666	0.4	0.3888888888888889	0.6	0.4375	0.4444444444444444	0.16666666666666666	0.2857142857142857	0.5714285714285714	0.0	0.14285714285714285	
Vaux's Swift	0.0	0.0	0.0	0.0	0.0	0.0	0.0	0.0	0.0	0.0	0.0	0.0	0.0	0.0	0.0	0.0	0.0	0.0	0.0	0.0	0.0	0.0	0.0	0.0	0.0	0.0	0.0	0.0	0.0	0.0	0.0	1.0	0.0	0.0	0.2	0.0	0.0	0.0	0.0	0.0	0.0	0.0	0.0	0.0	0.0	0.0	0.0	0.0	
Anna's Hummingbird	0.16666666666666666	0.0	0.1111111111111111	0.42857142857142855	0.0	0.4	0.0625	0.0	0.08333333333333333	0.18181818181818182	0.08333333333333333	0.0	0.1111111111111111	0.2857142857142857	0.14285714285714285	0.1111111111111111	0.0	0.0	0.5	0.0	0.3333333333333333	0.0015	0.0	0.0	0.0	0.0	0.0	0.0	0.0	0.25	0.0	0.0	0.0	0.0	0.2	0.16666666666666666	0.375	0.3333333333333333	0.2	0.2222222222222222	0.26666666666666666	0.1875	0.1111111111111111	0.25	0.14285714285714285	0.7142857142857143	0.2	0.14285714285714285	
Rufous Hummingbird	0.0	0.0	0.0	0.0	0.0	0.0	0.0	0.0	0.0	0.0	0.0	0.0	0.1111111111111111	0.42857142857142855	0.42857142857142855	0.1111111111111111	0.0	0.0	1.0	0.0	0.3333333333333333	0.0	0.0	0.0	0.0	0.0	0.0	0.0	0.0	0.0	0.0	0.0	0.0	0.0	0.0	0.0	0.0	0.0	0.0	0.0	0.0	0.0	0.0	0.0	0.0	0.0	0.0	0.0	
Sandhill Crane	0.0	0.0	0.0	0.0	0.0	0.0	0.0	0.0	0.0	0.0	0.0	0.0	0.0	0.0	0.0	0.0	0.0	0.0	0.0	0.0	0.0	0.0	0.0	0.0	0.0	0.0	0.0	0.0	0.0	0.0	0.0	0.0	0.0	0.0	0.0	0.0	0.125	0.0	0.0	0.0	0.0	0.0	0.0	0.0	0.0	0.0	0.0	0.0	
Black Oystercatcher	0.16666666666666666	0.0	0.0	0.0	0.16666666666666666	0.0	0.0	0.0	0.0	0.0	0.0	0.0	0.0	0.0	0.2857142857142857	0.0	0.0	0.0	0.0	0.0	0.0	0.3333333333333333	0.0	0.0	0.0	0.0	0.0	0.0	0.0	0.0	0.0	0.0	0.0	0.0	0.0	0.0	0.0	0.0	0.0	0.0	0.0	0.0	0.0	0.0	0.0	0.0	0.0	0.0	
Black-bellied Plover	0.0	0.0	0.0	0.2857142857142857	0.0	0.2	0.0	0.0	0.08333333333333333	0.0	0.08333333333333333	0.2	0.1111111111111111	0.2857142857142857	0.2857142857142857	0.2222222222222222	0.0	0.0	0.0	0.0	0.0	0.0	0.0	0.0	0.0	0.0	0.0	0.0	0.0	0.0	0.0	0.0	0.0	0.0	0.0	0.16666666666666666	0.0	0.16666666666666666	0.2	0.0	0.26666666666666666	0.0	0.1111111111111111	0.16666666666666666	0.2857142857142857	0.14285714285714285	0.2	0.2857142857142857	
Semipalmated Plover	0.0	0.0	0.0	0.0	0.0	0.0	0.0	0.0015	0.0	0.0	0.0	0.0	0.0	0.0	0.0	0.0	0.0	0.0	0.0	0.0	0.0	0.0	0.0	0.0	0.0	0.0	0.0	0.0	0.0	0.0	0.0	0.0	0.0	0.0	0.0	0.0	0.0	0.0	0.0	0.0	0.0	0.0	0.0	0.0	0.0	0.0	0.0	0.0	
Killdeer	0.0015	0.0	0.0015	0.14285714285714285	0.0	0.0	0.0625	0.2857142857142857	0.08333333333333333	0.0	0.16666666666666666	0.2	0.2222222222222222	0.42857142857142855	0.2857142857142857	0.2222222222222222	0.0	0.0	0.0	0.0	0.3333333333333333	0.0	0.0	0.0	0.0	0.0	0.0	0.3333333333333333	0.2	0.0	0.0	0.0	0.0	0.0	0.2	0.0	0.0	0.0	0.2	0.05555555555555555	0.0	0.0625	0.1111111111111111	0.0	0.14285714285714285	0.42857142857142855	0.4	0.14285714285714285	
Whimbrel	0.0	0.0	0.0	0.0	0.0	0.0	0.0	0.0	0.0	0.0	0.0	0.0	0.0	0.14285714285714285	0.14285714285714285	0.0	0.0	0.0	0.5	0.0	0.0	0.0	0.0	0.0	0.0	0.0	0.0	0.0	0.0	0.0	0.0	0.0	0.0	0.0	0.0	0.16666666666666666	0.0	0.0	0.0	0.0	0.0	0.0	0.0	0.0	0.0	0.0	0.0	0.0	
Marbled Godwit	0.0	0.0	0.0	0.0	0.0	0.0	0.0	0.0	0.0	0.0	0.0	0.0	0.0	0.14285714285714285	0.0	0.0	0.0	0.0	0.0	0.0	0.0	0.0	0.0	0.0	0.0	0.0	0.0	0.0	0.0	0.0	0.0	0.0	0.0	0.0	0.0	0.0	0.125	0.0	0.0	0.0	0.0	0.0	0.0	0.0	0.0	0.0	0.0	0.0	
Black Turnstone	0.0	0.0	0.0	0.0	0.0	0.0	0.0	0.0	0.0	0.0	0.0	0.0	0.0	0.0	0.0	0.0	0.0	0.0	0.0	0.0	0.0	0.0	0.0	0.0	0.0	0.0	0.0	0.0	0.0	0.0	0.0	0.0	0.0	0.0	0.0	0.0	0.0	0.16666666666666666	0.0	0.0	0.0	0.0	0.0	0.0	0.0	0.0	0.0	0.0	
Surfbird	0.0	0.0	0.0	0.0	0.0	0.0	0.0	0.0	0.0	0.0	0.0	0.0	0.0	0.0	0.0	0.1111111111111111	0.0	0.0	0.0	0.0	0.0	0.0	0.0	0.0	0.0	0.0	0.0	0.0	0.0	0.0	0.0	0.0	0.0	0.0	0.0	0.0	0.0	0.0	0.0	0.0	0.0	0.0	0.0	0.0	0.0	0.0	0.0	0.0	
Sanderling	0.0015	0.0	0.0	0.0	0.0	0.0	0.0	0.0	0.0	0.0	0.0	0.0	0.0	0.0	0.14285714285714285	0.0	0.0	0.0	0.0	0.0	0.0	0.0	0.0	0.0	0.0	0.0	0.0	0.0	0.0	0.0	0.0	0.0	0.0	0.0	0.0	0.0	0.0	0.0	0.2	0.1111111111111111	0.26666666666666666	0.0	0.1111111111111111	0.0	0.0	0.14285714285714285	0.0	0.0	
Dunlin	0.0015	0.0	0.0015	0.2857142857142857	0.0	0.2	0.0	0.14285714285714285	0.08333333333333333	0.18181818181818182	0.08333333333333333	0.0	0.1111111111111111	0.2857142857142857	0.42857142857142855	0.2222222222222222	0.0	0.0	0.0	0.0	0.0	0.0	0.0	0.0	0.0	0.0	0.0	0.0	0.0	0.0	0.0	0.0	0.0	0.0	0.0	0.0	0.0	0.0	0.2	0.05555555555555555	0.5333333333333333	0.3125	0.3333333333333333	0.25	0.14285714285714285	0.14285714285714285	0.2	0.2857142857142857	
Least Sandpiper	0.0	0.0	0.0	0.14285714285714285	0.0	0.0	0.0	0.14285714285714285	0.0	0.0	0.0	0.0	0.0	0.0	0.0	0.1111111111111111	0.0	0.0	0.0	0.0	0.0	0.0	0.0	0.0	0.0	1.0	0.0	0.3333333333333333	0.0	0.5	0.0	1.0	0.0	0.0	0.4	0.16666666666666666	0.0	0.16666666666666666	0.0	0.0	0.06666666666666667	0.0	0.0	0.0	0.0	0.42857142857142855	0.2	0.0	
Pectoral Sandpiper	0.0	0.0	0.0	0.0	0.0	0.0	0.0	0.0	0.0	0.0	0.0	0.0	0.0	0.0	0.0	0.0	0.0	0.0	0.0	0.0	0.0	0.0	0.0	0.0	0.0	0.0	0.0	0.0	0.0	0.0	0.0	0.0	0.0	0.0	0.0	0.0	0.125	0.0	0.0	0.0	0.0	0.0	0.0	0.0	0.0	0.0	0.0	0.0	
Western Sandpiper	0.0	0.0	0.0	0.0	0.0	0.0	0.0	0.0	0.0	0.0	0.0	0.0	0.0	0.14285714285714285	0.14285714285714285	0.2222222222222222	0.0	0.0	0.0	0.0	0.0	0.0	0.0	0.0	0.0	0.0	0.0	0.3333333333333333	0.0	0.0	0.0	1.0	0.0015	0.0	0.0	0.16666666666666666	0.0	0.0	0.0	0.05555555555555555	0.0	0.0	0.0	0.0	0.14285714285714285	0.0	0.0	0.0	
peep sp.	0.0	0.0	0.0	0.0	0.16666666666666666	0.0	0.0	0.0	0.0	0.0	0.0	0.0	0.0	0.0	0.0	0.0	0.0	0.0	0.0	0.0	0.0	0.0	0.0	0.0	0.0	0.0	0.0	0.0	0.0	0.25	0.0	0.0	0.0	0.0	0.0	0.0	0.0	0.0	0.0	0.05555555555555555	0.0	0.0	0.0	0.0	0.0	0.0	0.0	0.0	
Short-billed Dowitcher	0.0	0.0	0.0	0.0	0.0	0.0	0.0	0.0	0.0	0.0	0.0	0.0	0.0	0.0	0.0	0.1111111111111111	0.0	0.0	0.0	0.0	0.0	0.0	0.0	0.0	0.0	0.0	0.0	0.0	0.0	0.0	0.0	0.0	0.0	0.0	0.0	0.0	0.0	0.0	0.2	0.0	0.0	0.0	0.0	0.0	0.0	0.0	0.0	0.0	
Long-billed Dowitcher	0.0	0.0	0.0	0.0	0.0	0.0	0.0	0.0	0.0	0.0	0.0	0.0	0.0	0.0	0.14285714285714285	0.1111111111111111	0.0	0.0	0.0	0.0	0.0	0.0	0.0	0.0	0.0	0.0	0.0	0.0	0.0	0.0	0.0	0.0	0.0	0.0	0.0	0.0015	0.125	0.0	0.0	0.0	0.0	0.0	0.0	0.0	0.0	0.0	0.0	0.0	
Wilson's Snipe	0.0	0.0	0.0	0.0	0.0	0.0	0.0	0.0	0.0	0.0	0.0	0.0	0.0	0.14285714285714285	0.14285714285714285	0.0	0.0	0.0	0.0	0.0	0.0	0.0	0.0	0.0	0.0	0.0	0.0	0.0	0.0	0.0	0.0	0.0	0.0	0.0	0.2	0.0	0.0	0.0	0.0	0.0	0.0	0.0	0.0	0.0	0.0	0.14285714285714285	0.0	0.0	
Red-necked Phalarope	0.0	0.0	0.0	0.0	0.0	0.0	0.0	0.0	0.0	0.0	0.0	0.0	0.0	0.0	0.0	0.0	0.0	0.0	0.0	0.0	0.0	0.0	0.0	0.0	0.0	0.0	0.0	0.0	0.0	0.0	0.0	0.0	0.0015	0.0	0.0	0.0	0.0	0.0	0.0	0.0	0.0	0.0	0.0	0.0	0.0	0.0	0.0	0.0	
Red Phalarope	0.0	0.0	0.0	0.0	0.0	0.0	0.0	0.0	0.0	0.0	0.0	0.0	0.0	0.0	0.0	0.0	0.0	0.0	0.0	0.0	0.0	0.0	0.0	0.0	0.0	0.0	0.0	0.0	0.0	0.0	0.0	0.0	0.0	0.0	0.0	0.0	0.0	0.0	0.0	0.0	0.0	0.0625	0.0	0.0	0.0	0.0	0.0	0.0	
Spotted Sandpiper	0.0	0.0	0.0	0.0	0.0	0.0	0.0	0.0	0.0	0.0	0.0	0.0	0.0	0.0	0.0	0.0	0.0	0.0	0.0015	0.5	0.0	0.0	0.0	0.0	0.0	0.0	0.0	0.0	0.2	0.25	0.0	1.0	0.0	0.0	0.0	0.16666666666666666	0.0	0.0	0.0	0.0	0.0	0.0	0.0	0.0	0.0	0.0	0.0	0.0	
Greater Yellowlegs	0.0	0.0	0.0	0.0	0.0	0.0	0.0	0.0	0.0	0.0	0.08333333333333333	0.0	0.1111111111111111	0.0	0.14285714285714285	0.1111111111111111	0.0	0.0	0.0	0.0	0.0	0.0	0.0	0.0	0.0	0.0	0.0	0.0	0.0	0.0	0.0	0.0	0.0	0.0	0.0	0.0	0.125	0.16666666666666666	0.2	0.0	0.0	0.0	0.0	0.0	0.0	0.0	0.0	0.0	
Willet	0.0	0.0	0.0015	0.0	0.0	0.0	0.0	0.0	0.0	0.0	0.0	0.0	0.0	0.0	0.0	0.0	0.0	0.0	0.0	0.0	0.0	0.0	0.0	0.0	0.0	0.0	0.0	0.0	0.0	0.0	0.0	0.0	0.0	0.0	0.0	0.0	0.0	0.0	0.0	0.0	0.0	0.0	0.0	0.0	0.0	0.0	0.0	0.0	
Common Murre	0.16666666666666666	0.0	0.5555555555555556	0.2857142857142857	0.16666666666666666	0.4	0.125	0.0	0.0	0.18181818181818182	0.08333333333333333	0.2	0.0	0.0	0.0	0.0	0.0	0.0	0.0	0.0	0.0	0.0	0.0	0.0	0.0	0.0	0.0	0.3333333333333333	0.6	0.5	0.0	0.0	0.0015	0.0015	0.4	0.0	0.25	0.0	0.6	0.2777777777777778	0.3333333333333333	0.4375	0.1111111111111111	0.3333333333333333	0.14285714285714285	0.2857142857142857	0.4	0.5714285714285714	
Pigeon Guillemot	0.8333333333333334	0.8	0.7777777777777778	0.7142857142857143	0.6666666666666666	0.8	0.625	0.8571428571428571	0.9166666666666666	0.8181818181818182	0.6666666666666666	1.0	0.7777777777777778	0.8571428571428571	0.8571428571428571	0.6666666666666666	0.0	1.0	1.0	1.0	1.0	1.0	0.0015	1.0	1.0	1.0	1.0	1.0	0.8	1.0	1.0	1.0	0.0	1.0	1.0	1.0	0.875	1.0	1.0	0.7777777777777778	0.8666666666666667	0.8125	0.6666666666666666	0.6666666666666666	1.0	0.8571428571428571	1.0	0.8571428571428571	
Marbled Murrelet	0.0	0.0	0.1111111111111111	0.42857142857142855	0.0	0.2	0.0625	0.14285714285714285	0.0	0.2727272727272727	0.0	0.0	0.1111111111111111	0.0	0.14285714285714285	0.0	0.0	0.0	0.0	0.0	0.0	0.3333333333333333	0.0	0.0	0.0	0.0	0.0	0.0	0.0	0.25	0.0	0.0	0.0	0.0	0.4	0.16666666666666666	0.25	0.16666666666666666	0.2	0.1111111111111111	0.13333333333333333	0.25	0.2222222222222222	0.25	0.5714285714285714	0.42857142857142855	0.0	0.5714285714285714	
Ancient Murrelet	0.0	0.0	0.0	0.0015	0.0	0.2	0.0	0.0	0.0	0.0	0.0	0.0	0.0	0.0	0.0	0.0	0.0	0.0	0.0	0.0	0.0	0.0	0.0	0.0	0.0	0.0	0.0	0.0	0.0	0.0	0.0	0.0	0.0	0.0	0.0	0.0	0.0	0.0	0.0	0.0	0.0	0.0	0.1111111111111111	0.0	0.0	0.14285714285714285	0.2	0.14285714285714285	
murrelet sp.	0.0	0.0	0.0	0.0	0.0	0.0	0.0	0.0	0.0	0.0	0.0	0.0	0.0	0.0	0.0	0.0	0.0	0.0	0.0	0.0	0.0	0.0	0.0	0.0	0.0	0.0	0.0	0.0	0.0	0.0	0.0	0.0	0.0	0.0	0.0	0.0	0.0	0.0	0.0	0.0	0.0	0.0	0.0	0.0	0.0015	0.0	0.0	0.0	
Cassin's Auklet	0.0	0.0	0.0	0.0	0.0	0.0	0.0	0.0	0.0	0.09090909090909091	0.0	0.0	0.0	0.0	0.0	0.0	0.0	0.0	0.0	0.0	0.0	0.0	0.0	0.0	0.0	0.0	0.0	0.0	0.0	0.0	0.0	0.0	0.0	0.0	0.0	0.0	0.0	0.0	0.0	0.0	0.0	0.0	0.0	0.0	0.0	0.0	0.0	0.0	
Rhinoceros Auklet	0.0	0.0	0.1111111111111111	0.0	0.5	0.4	0.375	0.2857142857142857	0.16666666666666666	0.6363636363636364	0.16666666666666666	0.6	0.5555555555555556	0.5714285714285714	0.5714285714285714	0.2222222222222222	0.0	0.5	0.5	1.0	0.0	0.0	0.0	0.0	1.0	0.0	1.0	0.6666666666666666	0.8	0.25	0.0	0.0	0.0	0.0015	0.0	0.16666666666666666	0.25	0.0	0.2	0.05555555555555555	0.06666666666666667	0.0625	0.3333333333333333	0.0	0.0	0.0	0.2	0.0	
Black-legged Kittiwake	0.0	0.0	0.0	0.0	0.0	0.0	0.0	0.0	0.0	0.0	0.0	0.0	0.0	0.0	0.0	0.0	0.0	0.0	0.0	0.0	0.0	0.0	0.0	0.0	0.0	0.0	0.0	0.0	0.0	0.0	0.0	0.0	0.0	0.0	0.0	0.0	0.0	0.0	0.0	0.0	0.0	0.0	0.0	0.0	0.0	0.2857142857142857	0.0	0.0	
Bonaparte's Gull	0.0	0.0	0.0	0.14285714285714285	0.0	0.0	0.0	0.0	0.0	0.0	0.0	0.0	0.0	0.0	0.0	0.0	0.0	0.0	0.0	0.0	0.0	0.0	0.0	0.0	0.0	0.0	0.0	0.3333333333333333	0.0	0.0	0.0	0.0	0.0	0.0	0.0	0.0	0.0	0.0	0.0	0.0015	0.0	0.0	0.0	0.0	0.0	0.0	0.0	0.0	
Heermann's Gull	0.0	0.0	0.0	0.0	0.0	0.0	0.0	0.0	0.0	0.0	0.0	0.0	0.0	0.0	0.0	0.0	0.0	0.0	0.0	0.0	0.0	0.0	0.0	0.0	0.0	0.0	1.0	0.6666666666666666	0.6	0.0	0.0	0.0	0.0	0.0	0.4	0.3333333333333333	0.75	0.6666666666666666	0.2	0.6111111111111112	0.4	0.0	0.0	0.08333333333333333	0.0	0.0	0.0	0.0	
Mew Gull	0.5	0.2	0.7777777777777778	0.7142857142857143	0.6666666666666666	0.8	0.4375	0.42857142857142855	0.75	0.9090909090909091	0.5833333333333334	0.2	0.4444444444444444	0.7142857142857143	0.42857142857142855	0.0	0.0	0.0	0.0	0.0	0.0	0.0	0.0	0.0	0.0	0.0	0.0	0.0	0.0	0.25	0.0	1.0	0.0	0.0	0.4	0.6666666666666666	1.0	0.8333333333333334	0.4	0.7777777777777778	0.7333333333333333	0.5625	0.5555555555555556	0.6666666666666666	0.8571428571428571	0.8571428571428571	0.8	0.42857142857142855	
Ring-billed Gull	0.0	0.0	0.0	0.0	0.0	0.0	0.0	0.0	0.0	0.0	0.0	0.0	0.0	0.0	0.0	0.0	0.0	0.0	0.0	0.0	0.0	0.0	0.0	0.0	0.0	0.0	0.0	0.0	0.0	0.0	0.0	0.0	0.0	0.0	0.2	0.5	0.375	0.6666666666666666	0.2	0.16666666666666666	0.0	0.0625	0.1111111111111111	0.0	0.0	0.0	0.0	0.0	
Western Gull	0.0	0.2	0.0	0.0	0.0	0.2	0.0	0.0	0.08333333333333333	0.18181818181818182	0.0	0.0	0.1111111111111111	0.0	0.0	0.0	0.0	0.0	0.0	0.0	0.0	0.0	0.0	0.0	0.0	0.0	0.0	0.0	0.0	0.0	0.0	0.0	0.0	0.0	0.0	0.0	0.0	0.0	0.0	0.05555555555555555	0.13333333333333333	0.0625	0.0	0.08333333333333333	0.0	0.2857142857142857	0.0	0.14285714285714285	
California Gull	0.0	0.0	0.1111111111111111	0.0	0.0	0.0	0.0	0.0	0.0	0.0	0.0	0.0	0.0	0.0	0.0	0.0	0.0	0.0	0.0	0.0	0.0	0.0	0.0	0.0	0.0	0.0	1.0	0.0	0.6	0.0	0.0	0.0	0.0	0.0	0.4	0.6666666666666666	0.625	0.6666666666666666	0.4	0.3333333333333333	0.26666666666666666	0.0625	0.1111111111111111	0.16666666666666666	0.14285714285714285	0.0	0.2	0.0	
Herring Gull	0.0	0.0	0.0015	0.14285714285714285	0.0	0.0	0.0625	0.0	0.0	0.09090909090909091	0.0	0.0	0.0	0.14285714285714285	0.14285714285714285	0.0	0.0	0.0	0.0	0.0	0.0	0.0	0.0	0.0	0.0	0.0	0.0	0.0	0.0	0.0	0.0	0.0	0.0	0.0	0.2	0.0	0.0	0.0	0.4	0.16666666666666666	0.26666666666666666	0.3125	0.3333333333333333	0.08333333333333333	0.0	0.2857142857142857	0.0	0.2857142857142857	
Iceland Gull	0.0	0.0	0.0	0.14285714285714285	0.0	0.0	0.0	0.0	0.08333333333333333	0.0	0.0	0.0	0.0	0.0	0.0	0.0	0.0	0.0	0.0	0.0	0.0	0.0	0.0	0.0	0.0	0.0	0.0	0.0	0.0	0.0	0.0	0.0	0.0	0.0	0.0	0.0	0.0	0.0	0.0	0.0	0.0	0.0	0.0	0.0	0.0	0.2857142857142857	0.0	0.0	
Herring/Iceland Gull	0.0	0.0	0.0	0.0	0.0	0.0	0.0	0.0	0.0	0.0	0.0	0.0	0.0	0.0	0.0	0.0	0.0	0.0	0.0	0.0	0.0	0.0	0.0	0.0	0.0	0.0	0.0	0.0	0.0	0.0	0.0	0.0	0.0	0.0	0.0	0.0	0.0	0.0	0.0	0.0	0.0	0.0	0.0	0.08333333333333333	0.0	0.0	0.0	0.0	
Glaucous-winged Gull	0.6666666666666666	0.6	0.5555555555555556	0.7142857142857143	0.6666666666666666	0.4	0.625	0.7142857142857143	0.8333333333333334	0.8181818181818182	0.75	0.6	0.4444444444444444	0.7142857142857143	0.7142857142857143	0.4444444444444444	0.0	0.0	0.5	0.5	1.0	0.6666666666666666	0.0015	0.0	0.0	0.0	1.0	0.6666666666666666	1.0	0.0	0.0	1.0	0.0	0.0	0.6	0.8333333333333334	0.875	0.8333333333333334	0.6	0.8888888888888888	0.8666666666666667	0.5	0.8888888888888888	0.9166666666666666	1.0	1.0	1.0	0.7142857142857143	
Western x Glaucous-winged Gull (hybrid)	0.0	0.0015	0.1111111111111111	0.0	0.3333333333333333	0.0	0.1875	0.14285714285714285	0.08333333333333333	0.2727272727272727	0.0	0.0	0.2222222222222222	0.0	0.14285714285714285	0.2222222222222222	0.0	0.0	0.0	1.0	0.0	0.0	0.0	0.0	0.0	0.0	1.0	0.0	0.0	0.0	0.0	0.0	0.0	0.0	0.0	0.16666666666666666	0.0	0.0	0.2	0.05555555555555555	0.06666666666666667	0.125	0.0	0.08333333333333333	0.14285714285714285	0.0	0.0	0.14285714285714285	
Western/Glaucous-winged Gull	0.0	0.0	0.1111111111111111	0.0	0.16666666666666666	0.4	0.25	0.14285714285714285	0.08333333333333333	0.0	0.08333333333333333	0.0	0.1111111111111111	0.0	0.0	0.0	0.0	0.0	0.5	0.0	0.0	0.0	0.0	0.0	0.0	0.0	0.0	0.0	0.0	0.0	0.0	0.0	0.0	0.0	0.0	0.0	0.125	0.0	0.0	0.05555555555555555	0.06666666666666667	0.0625	0.0	0.16666666666666666	0.14285714285714285	0.0	0.0	0.0	
Glaucous Gull	0.0	0.0	0.0	0.0	0.0	0.0	0.0	0.0	0.0	0.0	0.0	0.0	0.0	0.0	0.0	0.0	0.0	0.0	0.0	0.0	0.0	0.0	0.0	0.0	0.0	0.0	0.0	0.0	0.0	0.0	0.0	0.0	0.0	0.0	0.0	0.0	0.0	0.0	0.0	0.0	0.0	0.0	0.1111111111111111	0.0	0.0	0.0	0.0	0.0	
Larus sp.	0.16666666666666666	0.0	0.1111111111111111	0.2857142857142857	0.16666666666666666	0.0	0.125	0.14285714285714285	0.0	0.0	0.0	0.0	0.0	0.2857142857142857	0.0	0.0	0.0	0.0	0.0	0.5	0.0	0.0	0.0	0.0	0.0	0.0	0.0	0.0	0.0	0.25	0.0	0.0	0.0	0.0	0.2	0.0	0.25	0.16666666666666666	0.4	0.1111111111111111	0.2	0.0625	0.0	0.16666666666666666	0.42857142857142855	0.0	0.2	0.0	
gull sp.	0.6666666666666666	0.0015	0.4444444444444444	0.42857142857142855	0.0	0.2	0.25	0.7142857142857143	0.5833333333333334	0.6363636363636364	0.6666666666666666	0.6	0.5555555555555556	0.42857142857142855	0.7142857142857143	0.2222222222222222	0.0	0.0	1.0	0.0	0.0	0.0	0.0	0.0	0.0	1.0	0.0	0.3333333333333333	0.6	0.25	0.0	0.0	0.0	0.0	0.6	0.5	0.375	0.8333333333333334	0.2	0.4444444444444444	0.4666666666666667	0.5625	0.5555555555555556	0.3333333333333333	0.5714285714285714	0.8571428571428571	0.6	0.42857142857142855	
Caspian Tern	0.0	0.0	0.0	0.0	0.0	0.0	0.0	0.0	0.0	0.0	0.0	0.0	0.0	0.2857142857142857	0.42857142857142855	0.3333333333333333	0.0	0.0	0.0	0.5	0.6666666666666666	0.3333333333333333	0.0	0.0	0.0	0.0	0.0	0.0	0.8	0.0	0.0	0.0	0.0	0.0	0.0	0.0	0.0	0.0	0.0	0.0	0.0	0.0	0.0	0.0	0.0	0.0	0.0	0.0	
Red-throated Loon	0.16666666666666666	0.2	0.1111111111111111	0.42857142857142855	0.16666666666666666	0.2	0.0625	0.14285714285714285	0.08333333333333333	0.18181818181818182	0.08333333333333333	0.2	0.0	0.0	0.14285714285714285	0.0	0.0	0.0	0.0	0.0	0.0	0.0	0.0	0.0	0.0	0.0	1.0	0.0	0.0	0.0	0.0	0.0	0.0	0.0	0.2	0.16666666666666666	0.125	0.3333333333333333	0.0	0.1111111111111111	0.26666666666666666	0.5	0.3333333333333333	0.3333333333333333	0.14285714285714285	0.2857142857142857	0.4	0.2857142857142857	
Pacific Loon	0.3333333333333333	0.2	0.4444444444444444	0.5714285714285714	0.0	0.2	0.1875	0.0	0.08333333333333333	0.09090909090909091	0.08333333333333333	0.0	0.1111111111111111	0.0	0.14285714285714285	0.0	0.0	0.5	0.5	0.5	0.0	0.0	0.0	0.0	0.0	0.0	0.0	0.0	0.2	0.0	0.0	0.0	0.0	1.0	0.4	0.16666666666666666	0.125	0.16666666666666666	0.6	0.2777777777777778	0.3333333333333333	0.5625	0.5555555555555556	0.4166666666666667	0.0	0.42857142857142855	0.4	0.42857142857142855	
Common Loon	0.3333333333333333	0.4	0.3333333333333333	0.42857142857142855	0.16666666666666666	0.4	0.125	0.0	0.25	0.09090909090909091	0.16666666666666666	0.2	0.4444444444444444	0.14285714285714285	0.42857142857142855	0.5555555555555556	0.0	0.0	0.5	1.0	0.0	1.0	0.0	0.0	0.0	0.0	0.0	0.0	0.0	0.0	0.0	0.0	1.0	0.0015	0.0	0.5	0.5	0.6666666666666666	0.4	0.5555555555555556	0.5333333333333333	0.375	0.3333333333333333	0.4166666666666667	0.0	0.14285714285714285	0.2	0.5714285714285714	
Yellow-billed Loon	0.0	0.0	0.0	0.0	0.0	0.0	0.0	0.0	0.16666666666666666	0.0	0.0	0.0	0.0	0.0	0.0	0.0	0.0	0.0	0.0	0.0	0.0	0.0	0.0	0.0	0.0	0.0	0.0	0.0	0.0	0.0	0.0	0.0	0.0	0.0	0.0	0.0	0.0	0.0	0.0	0.0	0.0	0.0	0.0	0.0	0.0	0.0	0.0	0.0	
loon sp.	0.16666666666666666	0.0	0.1111111111111111	0.14285714285714285	0.0	0.0	0.0	0.0	0.0	0.0	0.0	0.0	0.0	0.0	0.0	0.1111111111111111	0.0	0.0	0.0	0.0	0.0	0.0	0.0	0.0	0.0	0.0	0.0	0.0	0.0	0.0	0.0	0.0	0.0	0.0	0.0	0.0	0.125	0.0	0.0	0.05555555555555555	0.0	0.0625	0.0	0.08333333333333333	0.0	0.0	0.0	0.0	
Brandt's Cormorant	0.16666666666666666	0.2	0.0	0.14285714285714285	0.0	0.2	0.0	0.0	0.0	0.0	0.0	0.0	0.0	0.0	0.0	0.0	0.0	0.0	0.5	0.0	0.0	0.0	0.0	0.0	0.0	0.0	0.0	0.0	0.0	0.0	0.0	0.0	0.0	0.0	0.0	0.0	0.0	0.0	0.2	0.05555555555555555	0.0	0.125	0.0	0.0	0.0	0.0	0.0	0.0	
Pelagic Cormorant	0.8333333333333334	0.4	0.7777777777777778	0.7142857142857143	1.0	0.8	0.5	1.0	0.9166666666666666	0.6363636363636364	0.4166666666666667	0.6	0.6666666666666666	0.7142857142857143	0.7142857142857143	0.2222222222222222	0.0	0.0	0.0	0.0	0.0	0.0	0.0	0.0	0.0	0.0	0.0	0.3333333333333333	0.2	0.25	0.0	1.0	0.0	0.0	0.2	0.5	0.875	0.8333333333333334	0.8	0.6666666666666666	0.8	0.6875	0.8888888888888888	0.5833333333333334	0.8571428571428571	1.0	0.8	0.7142857142857143	
Double-crested Cormorant	0.8333333333333334	1.0	0.7777777777777778	0.7142857142857143	1.0	0.8	0.5	0.5714285714285714	0.5833333333333334	0.7272727272727273	0.6666666666666666	0.6	0.5555555555555556	0.7142857142857143	0.42857142857142855	0.2222222222222222	0.0	0.0	0.0	0.0	0.0	0.3333333333333333	0.0	0.0	0.0	0.0	0.0	0.3333333333333333	0.0	0.0	0.0	0.0	0.0	0.0	0.2	0.5	0.75	0.5	0.8	0.8888888888888888	0.8666666666666667	0.6875	0.7777777777777778	0.75	0.8571428571428571	1.0	1.0	0.7142857142857143	
cormorant sp.	0.16666666666666666	0.0	0.1111111111111111	0.14285714285714285	0.0	0.0	0.0	0.0	0.0	0.0	0.0	0.2	0.0	0.0	0.14285714285714285	0.1111111111111111	0.0	0.0	0.0	0.5	0.0	0.0	0.0	0.0	0.0	0.0	0.0	0.0	0.0	0.0	0.0	0.0	0.0	0.0	0.2	0.0	0.125	0.0	0.2	0.0	0.0	0.125	0.0	0.16666666666666666	0.0	0.0	0.0	0.0	
Great Blue Heron	0.6666666666666666	0.0015	0.1111111111111111	0.7142857142857143	0.5	0.4	0.3125	0.7142857142857143	0.6666666666666666	0.5454545454545454	0.4166666666666667	0.0	0.4444444444444444	0.8571428571428571	0.5714285714285714	0.3333333333333333	0.0	0.0	0.0015	0.5	0.6666666666666666	0.3333333333333333	0.0015	1.0	1.0	0.0	0.0	0.3333333333333333	0.4	0.75	0.0	1.0	0.0	0.0	0.4	0.5	0.625	0.8333333333333334	0.6	0.5555555555555556	0.7333333333333333	0.5625	0.7777777777777778	0.25	0.7142857142857143	0.8571428571428571	0.6	0.2857142857142857	
Turkey Vulture	0.0	0.0	0.0	0.0	0.0	0.0	0.0625	0.0	0.08333333333333333	0.0	0.0	0.2	0.0	0.0	0.14285714285714285	0.3333333333333333	0.0	0.0	0.0	0.0	0.0	0.0	0.0	0.0	0.0	0.0	0.0	0.0	0.0	0.0	0.0	0.0	0.0	0.0	0.0	0.0	0.0	0.0	0.0	0.0	0.0	0.0	0.0	0.0	0.0	0.0	0.0	0.0	
Osprey	0.0	0.0	0.0	0.0	0.0	0.0	0.0	0.0	0.0	0.0	0.0	0.0	0.0	0.0	0.0	0.0	0.0	0.0	0.0	0.0	0.0	0.0	0.0	0.0	0.0	0.0	1.0	0.0	0.0015	0.0	0.0	0.0	0.0	0.0	0.0	0.0	0.0	0.0	0.0	0.0	0.0	0.0	0.0	0.0	0.0	0.0	0.0	0.0	
Northern Harrier	0.3333333333333333	0.0	0.0	0.42857142857142855	0.3333333333333333	0.2	0.0	0.14285714285714285	0.16666666666666666	0.18181818181818182	0.25	0.2	0.1111111111111111	0.14285714285714285	0.14285714285714285	0.1111111111111111	0.0	0.5	0.0	0.0	0.0	0.0	0.0	0.0	0.0	0.0	0.0	0.0	0.0	0.0	0.0	0.0	0.0	0.0	0.0	0.16666666666666666	0.25	0.3333333333333333	0.0	0.2777777777777778	0.13333333333333333	0.25	0.1111111111111111	0.16666666666666666	0.42857142857142855	0.14285714285714285	0.2	0.14285714285714285	
Sharp-shinned Hawk	0.0	0.0	0.0	0.0	0.0	0.0	0.0625	0.0	0.08333333333333333	0.0	0.0	0.0	0.0	0.0	0.0	0.0	0.0	0.0	0.0	0.0	0.0	0.0	0.0	0.0	0.0	0.0	0.0	0.0	0.0	0.0	0.0	0.0	0.0	0.0	0.0	0.0	0.0	0.16666666666666666	0.0	0.1111111111111111	0.0	0.0	0.1111111111111111	0.08333333333333333	0.0	0.14285714285714285	0.0	0.0	
Cooper's Hawk	0.0	0.0	0.0	0.2857142857142857	0.16666666666666666	0.0	0.0625	0.14285714285714285	0.0	0.09090909090909091	0.0	0.0	0.1111111111111111	0.0	0.0	0.1111111111111111	0.0	0.0	0.0	0.0	0.3333333333333333	0.0	0.0	0.0	0.0	0.0	0.0	0.0	0.0	0.0	0.0	0.0	0.0	0.0	0.0	0.0	0.125	0.0	0.0	0.05555555555555555	0.13333333333333333	0.0	0.0	0.0	0.14285714285714285	0.2857142857142857	0.2	0.0	
Bald Eagle	0.5	0.0015	0.2222222222222222	0.5714285714285714	0.5	0.6	0.375	0.42857142857142855	0.6666666666666666	0.7272727272727273	0.6666666666666666	0.4	0.6666666666666666	0.7142857142857143	0.5714285714285714	0.5555555555555556	0.0	1.0	0.0015	0.5	0.0	0.0	0.0	0.0	0.0	1.0	1.0	0.3333333333333333	0.4	0.25	0.0	0.0	0.0015	0.0	0.6	0.3333333333333333	0.375	0.8333333333333334	0.2	0.7777777777777778	0.7333333333333333	0.6875	0.4444444444444444	0.3333333333333333	0.7142857142857143	1.0	0.8	0.42857142857142855	
Red-tailed Hawk	0.3333333333333333	0.2	0.1111111111111111	0.42857142857142855	0.16666666666666666	0.2	0.1875	0.2857142857142857	0.3333333333333333	0.18181818181818182	0.08333333333333333	0.4	0.1111111111111111	0.2857142857142857	0.14285714285714285	0.1111111111111111	0.0	0.0	0.0	0.0	0.0	0.0	0.0	0.0	0.0	0.0	0.0	0.0	0.2	0.0	0.0	0.0	0.0	0.0	0.0	0.0	0.125	0.16666666666666666	0.0	0.16666666666666666	0.2	0.25	0.1111111111111111	0.16666666666666666	0.14285714285714285	0.42857142857142855	0.6	0.2857142857142857	
Great Horned Owl	0.0	0.0	0.0	0.0	0.0	0.0	0.0	0.0	0.0	0.0	0.0	0.0	0.0	0.0	0.14285714285714285	0.0	0.0	0.0	0.0	0.0	0.0	0.0	0.0	0.0	0.0	0.0	0.0	0.0	0.0	0.0	0.0	0.0	0.0	0.0	0.0	0.0	0.0	0.0	0.0	0.0	0.0	0.0	0.0	0.0	0.0	0.0	0.0	0.0	
Burrowing Owl	0.0	0.0	0.0	0.0	0.0	0.0	0.0625	0.0	0.0	0.0	0.0	0.0	0.0	0.0	0.0	0.0	0.0	0.0	0.0	0.0	0.0	0.0	0.0	0.0	0.0	0.0	0.0	0.0	0.0	0.0	0.0	0.0	0.0	0.0	0.0	0.0	0.0	0.0	0.0	0.0	0.0	0.0	0.0	0.0	0.0015	0.0	0.0	0.0	
Short-eared Owl	0.0	0.0	0.0	0.0	0.0	0.0	0.0	0.0	0.0	0.0	0.0	0.0	0.0	0.0	0.0	0.0	0.0	0.0	0.0	0.0	0.0	0.0	0.0	0.0	0.0	0.0	0.0	0.0	0.0	0.0	0.0	0.0	0.0	0.0	0.0	0.0	0.0	0.0	0.0	0.05555555555555555	0.0	0.0	0.0	0.0	0.0	0.0	0.0	0.0	
Belted Kingfisher	0.5	0.2	0.0	0.42857142857142855	0.0	0.4	0.0625	0.14285714285714285	0.08333333333333333	0.0	0.3333333333333333	0.0	0.1111111111111111	0.42857142857142855	0.0	0.0	0.0	0.0	0.0	0.0	0.0	0.0	0.0	0.0	0.0	0.0	0.0	0.3333333333333333	0.2	0.0	0.0	1.0	0.0	0.0	0.4	0.3333333333333333	0.25	0.5	0.6	0.2777777777777778	0.4666666666666667	0.375	0.5555555555555556	0.4166666666666667	0.5714285714285714	0.7142857142857143	0.2	0.14285714285714285	
Red-breasted Sapsucker	0.0	0.0	0.0	0.0	0.0	0.0	0.0	0.0	0.0	0.0	0.0	0.0	0.1111111111111111	0.14285714285714285	0.14285714285714285	0.0	0.0	0.0	0.0	0.0	0.0	0.0	0.0	0.0	0.0	0.0	0.0	0.0	0.0	0.0	0.0	0.0	0.0	0.0	0.0	0.0	0.0	0.0	0.0	0.05555555555555555	0.0	0.0	0.0	0.0	0.0	0.0	0.0	0.0	
Downy Woodpecker	0.3333333333333333	0.0015	0.0	0.0	0.16666666666666666	0.0	0.0625	0.14285714285714285	0.16666666666666666	0.18181818181818182	0.16666666666666666	0.0	0.1111111111111111	0.14285714285714285	0.0	0.0	0.0	0.0	0.0	0.0	0.0	0.0	0.0	0.0	0.0	0.0	0.0	0.0	0.0	0.0	0.0	0.0	0.0	0.0	0.2	0.0	0.25	0.0	0.2	0.05555555555555555	0.0	0.0	0.0	0.25	0.0	0.42857142857142855	0.4	0.14285714285714285	
Hairy Woodpecker	0.0	0.0	0.0	0.0	0.0	0.0	0.0	0.0	0.25	0.18181818181818182	0.0	0.0	0.0	0.14285714285714285	0.14285714285714285	0.0	0.0	0.0	0.0	0.0	0.0	0.0	0.0	0.0	0.0	0.0	0.0	0.0	0.0	0.0	0.0	0.0	0.0	0.0	0.0	0.16666666666666666	0.0	0.16666666666666666	0.0	0.05555555555555555	0.06666666666666667	0.0625	0.0	0.08333333333333333	0.0	0.0	0.2	0.0	
Pileated Woodpecker	0.0	0.0	0.0	0.14285714285714285	0.0	0.0	0.0	0.0	0.08333333333333333	0.0	0.0	0.0	0.1111111111111111	0.0	0.0	0.0	0.0	0.0	0.0	0.0	0.0	0.0	0.0	0.0	0.0	0.0	0.0	0.0	0.0	0.0	0.0	0.0	0.0	0.0	0.0	0.0	0.0	0.0	0.0	0.0	0.0	0.0	0.0	0.0	0.0	0.0	0.0	0.0	
Northern Flicker	0.16666666666666666	0.2	0.2222222222222222	0.14285714285714285	0.16666666666666666	0.0	0.1875	0.14285714285714285	0.25	0.2727272727272727	0.0	0.0	0.4444444444444444	0.42857142857142855	0.14285714285714285	0.1111111111111111	0.0	0.0	0.0	0.0	0.3333333333333333	0.0	0.0	0.0	0.0	0.0	0.0	0.3333333333333333	0.0	0.25	0.0	0.0	0.0	0.0	0.0	0.3333333333333333	0.375	0.0	0.4	0.2777777777777778	0.4	0.375	0.2222222222222222	0.25	0.2857142857142857	0.42857142857142855	0.4	0.2857142857142857	
woodpecker sp.	0.0	0.0	0.0	0.0	0.0	0.0	0.0	0.0	0.0	0.0	0.0	0.0	0.0	0.14285714285714285	0.0	0.0	0.0	0.0	0.0	0.0	0.0	0.0	0.0	0.0	0.0	0.0	0.0	0.0	0.0	0.0	0.0	0.0	0.0	0.0	0.0	0.0	0.0	0.0	0.0	0.0	0.0	0.0	0.0	0.0	0.0	0.0	0.0	0.0	
American Kestrel	0.5	0.0	0.1111111111111111	0.14285714285714285	0.0	0.4	0.1875	0.14285714285714285	0.08333333333333333	0.09090909090909091	0.0	0.0	0.1111111111111111	0.0	0.14285714285714285	0.1111111111111111	0.0	0.0	0.0	0.0	0.0	0.0	0.0	0.0	0.0	0.0	0.0	0.0	0.0	0.0	0.0	0.0	0.0	0.0	0.0	0.0	0.25	0.0	0.0	0.1111111111111111	0.13333333333333333	0.0625	0.1111111111111111	0.08333333333333333	0.0	0.14285714285714285	0.2	0.2857142857142857	
Merlin	0.0	0.0	0.0	0.0	0.0	0.0	0.0	0.0	0.0	0.0	0.08333333333333333	0.0	0.0	0.14285714285714285	0.0	0.0	0.0	0.0	0.0	0.0	0.0	0.0	0.0	0.0	0.0	0.0	0.0	0.0	0.0	0.25	0.0	0.0	0.0	0.0	0.0	0.0	0.0	0.0	0.2	0.1111111111111111	0.0	0.0	0.0	0.0	0.0	0.0	0.0	0.0	
Peregrine Falcon	0.16666666666666666	0.0	0.0	0.0	0.0	0.0	0.0625	0.0	0.0	0.18181818181818182	0.0	0.0	0.0	0.0	0.0	0.0	0.0	0.0	0.0	0.0	0.0	0.0	0.0	0.0	0.0	0.0	0.0	0.0	0.0	0.0	0.0	0.0	0.0	0.0	0.2	0.0	0.25	0.5	0.2	0.1111111111111111	0.2	0.1875	0.1111111111111111	0.25	0.14285714285714285	0.5714285714285714	0.2	0.14285714285714285	
Olive-sided Flycatcher	0.0	0.0	0.0	0.0	0.0	0.0	0.0	0.0	0.0	0.0	0.0	0.0	0.0	0.0	0.0	0.0	0.0	0.0015	0.5	0.5	0.3333333333333333	0.0015	0.0	0.0	0.0	0.0	0.0	0.6666666666666666	0.0	0.25	0.0	0.0	0.0	0.0	0.0	0.0	0.0	0.0	0.0	0.0	0.0	0.0	0.0	0.0	0.0	0.0	0.0	0.0	
Western Wood-Pewee	0.0	0.0	0.0	0.0	0.0	0.0	0.0	0.0	0.0	0.0	0.0	0.0	0.0	0.0	0.0	0.0	0.0	0.0	0.0	0.5	0.3333333333333333	0.0015	0.0	0.0	0.0	0.0	0.0	0.0	0.0	0.25	0.0	0.0	0.0	0.0	0.0	0.0	0.0	0.0	0.0	0.0	0.0	0.0	0.0	0.0	0.0	0.0	0.0	0.0	
Willow Flycatcher	0.0	0.0	0.0	0.0	0.0	0.0	0.0	0.0	0.0	0.0	0.0	0.0	0.0	0.0	0.0	0.0	0.0	0.0	0.0	0.0	0.3333333333333333	0.0	0.0	0.0	0.0	0.0	0.0	0.0	0.0	0.0	0.0	0.0	0.0	0.0	0.0	0.0	0.0	0.0	0.0	0.0	0.0	0.0	0.0	0.0	0.0	0.0	0.0	0.0	
Pacific-slope Flycatcher	0.0	0.0	0.0	0.0	0.0	0.0	0.0	0.0	0.0	0.0	0.0	0.0	0.0	0.0	0.0	0.1111111111111111	0.0	0.0	0.0	0.5	0.0	0.0015	0.0015	0.0	0.0	0.0	0.0	0.0	0.2	0.25	0.0	0.0	0.0	0.0	0.0	0.0	0.0	0.0	0.0	0.0	0.0	0.0	0.0	0.0	0.0	0.0	0.0	0.0	
Northern Shrike	0.0	0.0	0.0	0.0	0.0	0.0	0.0	0.0	0.0	0.0	0.0	0.0	0.0	0.0	0.0	0.0	0.0	0.0	0.0	0.0	0.0	0.0	0.0	0.0	0.0	0.0	0.0	0.0	0.0	0.0	0.0	0.0	0.0	0.0	0.0	0.0	0.0	0.0	0.0	0.05555555555555555	0.2	0.0625	0.0	0.0	0.0	0.0	0.0	0.0	
Hutton's Vireo	0.0	0.0	0.0	0.0	0.0	0.0	0.0	0.0	0.0	0.0	0.0	0.0	0.0	0.0	0.0	0.0	0.0	0.0	0.0	0.0	0.0	0.0	0.0	0.0	0.0	0.0	0.0	0.0	0.0	0.0	0.0	0.0	0.0	0.0	0.0	0.0	0.0	0.0	0.0	0.0	0.0	0.0	0.0	0.0	0.0	0.0	0.4	0.0	
Warbling Vireo	0.0	0.0	0.0	0.0	0.0	0.0	0.0	0.0	0.0	0.0	0.0	0.0	0.0	0.0	0.0	0.0	0.0	0.0	0.0015	0.0	0.0	0.0	0.0	0.0	0.0	0.0	0.0	0.0	0.0	0.0	0.0	0.0	0.0	0.0	0.0	0.0	0.0	0.0	0.0	0.0	0.0	0.0	0.0	0.0	0.0	0.0	0.0	0.0	
Steller's Jay	0.0015	0.0015	0.1111111111111111	0.0	0.16666666666666666	0.4	0.125	0.0	0.08333333333333333	0.18181818181818182	0.08333333333333333	0.2	0.1111111111111111	0.14285714285714285	0.0	0.2222222222222222	0.0	0.0	0.0	0.0	0.0	0.0	0.0	0.0	0.0	0.0	0.0	0.0	0.0	0.0	0.0	0.0	0.0	0.0	0.0	0.16666666666666666	0.375	0.6666666666666666	0.4	0.2222222222222222	0.4	0.375	0.4444444444444444	0.08333333333333333	0.0	0.2857142857142857	0.4	0.2857142857142857	
American Crow	0.0	0.2	0.0	0.0	0.0	0.0	0.0	0.0	0.08333333333333333	0.09090909090909091	0.0	0.4	0.2222222222222222	0.0	0.0	0.0	0.0	0.0	0.0	0.0	0.0	0.0	0.0	0.0	0.0	0.0	0.0	0.0	0.2	0.0	0.0	0.0	0.0	0.0	0.0	0.0	0.0	0.0	0.0	0.1111111111111111	0.0	0.1875	0.0	0.08333333333333333	0.0	0.0	0.2	0.0015	
Northwestern Crow	0.0	0.0	0.0	0.0	0.0015	0.0	0.0625	0.14285714285714285	0.0	0.0	0.0	0.0	0.0	0.0	0.0	0.0	0.0	0.0	0.0	0.0	0.3333333333333333	0.0	0.0	0.0	0.0	0.0	0.0	0.0	0.0	0.0	0.0	0.0	0.0	0.0	0.0	0.0	0.0	0.0	0.0	0.0	0.0	0.0	0.0	0.0	0.0	0.0	0.0	0.0	
American/Northwestern Crow	0.3333333333333333	0.0015	0.1111111111111111	0.2857142857142857	0.3333333333333333	0.4	0.25	0.14285714285714285	0.4166666666666667	0.5454545454545454	0.5	0.2	0.4444444444444444	0.8571428571428571	0.7142857142857143	0.2222222222222222	0.0	0.5	0.0	0.5	0.0	0.0	0.0	0.0	0.0	0.0	0.0	0.0	0.0	0.0	0.0	0.0	0.0	0.0015	0.4	0.5	0.5	0.5	0.6	0.3333333333333333	0.6	0.4375	0.4444444444444444	0.25	0.2857142857142857	0.2857142857142857	0.6	0.2857142857142857	
Common Raven	0.5	0.2	0.3333333333333333	0.5714285714285714	0.16666666666666666	0.4	0.3125	0.2857142857142857	0.5	0.5454545454545454	0.4166666666666667	0.4	0.4444444444444444	0.8571428571428571	0.2857142857142857	0.4444444444444444	0.0	0.5	0.5	0.0	0.0	0.0	0.0	0.0	0.0	0.0	0.0	0.0	0.4	0.5	0.0	0.0	0.0015	0.0	0.4	0.5	0.625	0.5	0.4	0.5	0.6666666666666666	0.5	0.6666666666666666	0.25	0.7142857142857143	0.7142857142857143	0.8	0.2857142857142857	
Northern Rough-winged Swallow	0.0	0.0	0.0	0.0	0.0	0.0	0.0	0.0	0.0	0.0	0.0	0.0	0.0	0.14285714285714285	0.0	0.0	0.0	0.0	0.0015	0.5	0.3333333333333333	0.0	0.0	0.0	0.0	1.0	0.0	0.3333333333333333	0.0	0.0	0.0	0.0	0.0	0.0	0.0	0.0	0.0	0.0	0.0	0.0	0.0	0.0	0.0	0.0	0.0	0.0	0.0	0.0	
Tree Swallow	0.0	0.0	0.0	0.0	0.0	0.0	0.0	0.0	0.16666666666666666	0.09090909090909091	0.25	0.2	0.2222222222222222	0.5714285714285714	0.5714285714285714	0.2222222222222222	0.0	0.0	0.0015	0.0	0.3333333333333333	0.0	0.0	0.0	0.0	0.0	0.0	0.0	0.0	0.25	0.0	0.0	1.0	0.0	0.0	0.0	0.0	0.0	0.0	0.0	0.0	0.0	0.0	0.0	0.0	0.0	0.0	0.0	
Violet-green Swallow	0.0	0.0	0.0	0.0	0.0	0.0	0.0	0.0	0.0	0.0	0.08333333333333333	0.2	0.4444444444444444	0.5714285714285714	0.7142857142857143	0.4444444444444444	0.0	0.5	0.5	1.0	1.0	0.0015	0.0015	1.0	0.0	0.0	0.0	0.0	0.2	0.25	0.0	0.0	1.0	0.0	0.4	0.16666666666666666	0.125	0.0	0.0	0.0	0.0	0.0	0.0	0.0	0.0	0.0	0.0	0.0	
Tree/Violet-green Swallow	0.0	0.0	0.0	0.0	0.0	0.0	0.0	0.0	0.0	0.0	0.0	0.0	0.0	0.0	0.0	0.0	0.0	0.0	0.5	0.0	0.0	0.0	0.0	0.0	0.0	0.0	0.0	0.0	0.0	0.0	0.0	0.0	0.0	0.0	0.0	0.0	0.0	0.0	0.0	0.0	0.0	0.0	0.0	0.0	0.0	0.0	0.0	0.0	
Barn Swallow	0.0	0.0	0.0	0.0	0.0	0.0	0.0	0.0	0.0	0.0	0.0	0.0	0.1111111111111111	0.14285714285714285	0.0	0.2222222222222222	0.0	0.5	1.0	0.5	0.0	0.0	0.0	0.0	0.0	0.0	1.0	0.3333333333333333	0.4	0.5	0.0	0.0	0.0	0.0	0.4	0.0	0.0	0.0	0.0	0.0	0.0	0.0	0.0	0.0	0.0	0.0	0.0	0.0	
Cliff Swallow	0.0	0.0	0.0	0.0	0.0	0.0	0.0	0.0	0.0	0.0	0.0	0.0	0.0	0.0	0.2857142857142857	0.0	0.0	0.0	0.0	0.0	0.0	0.0	0.0	0.0	0.0	0.0	0.0	0.0	0.0	0.0	0.0	0.0	0.0	0.0	0.0	0.0	0.0	0.0	0.0	0.0	0.0	0.0	0.0	0.0	0.0	0.0	0.0	0.0	
swallow sp.	0.0	0.0	0.0	0.0	0.0	0.0	0.0	0.0	0.0	0.0	0.0	0.0	0.0	0.0	0.14285714285714285	0.0	0.0	0.0	0.0	0.0	0.0	0.0	0.0	0.0	0.0	1.0	0.0	0.0	0.2	0.0	0.0	0.0	0.0	0.0	0.2	0.0	0.0	0.0	0.0	0.0	0.0	0.0	0.0	0.0	0.0	0.0	0.0	0.0	
Black-capped Chickadee	0.16666666666666666	0.0	0.0	0.14285714285714285	0.16666666666666666	0.0	0.0	0.0	0.0	0.09090909090909091	0.0	0.0	0.1111111111111111	0.2857142857142857	0.14285714285714285	0.0	0.0	0.0	0.0	0.0	0.0	0.0	0.0	0.0	0.0	0.0	1.0	0.0	0.0	0.25	0.0	0.0	0.0	0.0	0.2	0.16666666666666666	0.25	0.3333333333333333	0.0	0.1111111111111111	0.0	0.25	0.0	0.16666666666666666	0.14285714285714285	0.2857142857142857	0.4	0.0	
Chestnut-backed Chickadee	0.16666666666666666	0.0	0.0	0.0	0.0	0.2	0.1875	0.14285714285714285	0.08333333333333333	0.0	0.08333333333333333	0.2	0.2222222222222222	0.14285714285714285	0.14285714285714285	0.1111111111111111	0.0	0.0	0.5	0.0	0.3333333333333333	0.0	0.0	0.0	0.0	0.0	0.0	0.0	0.2	0.25	0.0	0.0	0.0	1.0	0.2	0.0	0.25	0.16666666666666666	0.2	0.16666666666666666	0.0	0.0625	0.1111111111111111	0.16666666666666666	0.2857142857142857	0.0	0.4	0.0	
Bushtit	0.0	0.0	0.0	0.0	0.0	0.2	0.0625	0.0	0.0	0.0	0.0	0.0	0.0	0.14285714285714285	0.0	0.1111111111111111	0.0	0.0	0.0	0.0	0.0	0.0	0.0	0.0	0.0	0.0	0.0	0.0	0.0	0.0	0.0	0.0	0.0	0.0	0.0	0.0	0.125	0.16666666666666666	0.2	0.05555555555555555	0.0	0.1875	0.0	0.0	0.14285714285714285	0.0	0.2	0.0	
Red-breasted Nuthatch	0.0	0.0	0.0	0.0	0.0	0.2	0.125	0.0	0.08333333333333333	0.09090909090909091	0.0	0.0	0.1111111111111111	0.14285714285714285	0.0	0.2222222222222222	0.0	0.0	0.0	0.0	0.0	0.0	0.0	0.0	0.0	0.0	0.0	0.3333333333333333	0.4	0.25	0.0	1.0	0.0	1.0	0.2	0.0	0.375	0.16666666666666666	0.2	0.1111111111111111	0.0	0.125	0.1111111111111111	0.08333333333333333	0.14285714285714285	0.2857142857142857	0.2	0.0	
Brown Creeper	0.16666666666666666	0.0	0.0	0.14285714285714285	0.0	0.0	0.0	0.0	0.08333333333333333	0.0	0.0	0.0	0.0	0.0	0.0	0.0	0.0	0.0	0.0	0.0	0.3333333333333333	0.0	0.0	0.0	0.0	0.0	0.0	0.0	0.0	0.25	0.0	0.0	0.0	0.0	0.2	0.0	0.125	0.0	0.0	0.05555555555555555	0.0	0.0	0.1111111111111111	0.0	0.14285714285714285	0.0	0.2	0.0	
House Wren	0.0	0.0	0.0	0.0	0.0	0.0	0.0	0.0	0.0	0.0	0.0	0.0	0.0	0.0	0.0	0.1111111111111111	0.0	0.0	0.0	0.0	0.0	0.0	0.0	0.0	0.0	0.0	0.0	0.0	0.0	0.0	0.0	0.0	0.0	0.0	0.0	0.0	0.0	0.0	0.0	0.0	0.0	0.0	0.0	0.0	0.0	0.0	0.0	0.0	
Pacific Wren	0.3333333333333333	0.2	0.0	0.2857142857142857	0.16666666666666666	0.6	0.125	0.14285714285714285	0.08333333333333333	0.2727272727272727	0.3333333333333333	0.4	0.2222222222222222	0.2857142857142857	0.14285714285714285	0.1111111111111111	0.0	0.0	0.0	0.0	0.0	0.0	0.0	0.0	0.0	0.0	0.0	0.0	0.0	0.0	0.0	0.0	0.0	0.0015	0.0	0.0	0.125	0.16666666666666666	0.0	0.2222222222222222	0.3333333333333333	0.25	0.1111111111111111	0.3333333333333333	0.2857142857142857	0.0	0.4	0.5714285714285714	
Marsh Wren	0.3333333333333333	0.0015	0.2222222222222222	0.14285714285714285	0.3333333333333333	0.2	0.125	0.14285714285714285	0.25	0.18181818181818182	0.08333333333333333	0.0	0.0	0.0	0.0	0.0	0.0	0.0	0.0	0.0	0.0	0.0	0.0	0.0	0.0	0.0	0.0	0.0	0.0	0.0	0.0	0.0	0.0	0.0	0.0	0.0	0.0	0.0	0.0	0.0	0.13333333333333333	0.125	0.2222222222222222	0.08333333333333333	0.2857142857142857	0.5714285714285714	0.4	0.2857142857142857	
Bewick's Wren	0.0	0.0	0.0	0.0	0.0	0.2	0.0	0.0	0.08333333333333333	0.0	0.08333333333333333	0.0	0.0	0.14285714285714285	0.0	0.1111111111111111	0.0	0.0	0.0	0.0	0.3333333333333333	0.0	0.0	0.0	0.0	0.0	0.0	0.0	0.0	0.25	0.0	0.0	0.0	0.0	0.4	0.0	0.0	0.0	0.0	0.05555555555555555	0.0	0.1875	0.0	0.0	0.14285714285714285	0.14285714285714285	0.2	0.0	
Golden-crowned Kinglet	0.16666666666666666	0.0	0.0	0.42857142857142855	0.0	0.0	0.125	0.0	0.08333333333333333	0.0	0.0	0.2	0.0	0.2857142857142857	0.0	0.0	0.0	0.0	0.0	0.0	0.3333333333333333	0.0	0.0	0.0	0.0	0.0	0.0	0.0	0.0	0.25	0.0	0.0	0.0	1.0	0.4	0.0	0.125	0.3333333333333333	0.4	0.2777777777777778	0.13333333333333333	0.125	0.2222222222222222	0.16666666666666666	0.42857142857142855	0.14285714285714285	0.4	0.14285714285714285	
Ruby-crowned Kinglet	0.16666666666666666	0.2	0.0	0.14285714285714285	0.0	0.0	0.0625	0.0	0.08333333333333333	0.18181818181818182	0.16666666666666666	0.2	0.0	0.2857142857142857	0.0	0.1111111111111111	0.0	0.0	0.0	0.0	0.0	0.0	0.0	0.0	0.0	0.0	0.0	0.0	0.0	0.0	0.0	0.0	0.0	0.0	0.0	0.0	0.0	0.3333333333333333	0.2	0.1111111111111111	0.0	0.1875	0.1111111111111111	0.3333333333333333	0.2857142857142857	0.2857142857142857	0.4	0.0	
Varied Thrush	0.0	0.0	0.0015	0.14285714285714285	0.0	0.0	0.0	0.14285714285714285	0.0	0.0	0.08333333333333333	0.2	0.1111111111111111	0.2857142857142857	0.0	0.0	0.0	0.0	0.0	0.0	0.0	0.0	0.0	0.0	0.0	0.0	0.0	0.0	0.0	0.0	0.0	0.0	0.0	0.0	0.0	0.0	0.0	0.0	0.2	0.0	0.0	0.0	0.0	0.08333333333333333	0.14285714285714285	0.0	0.4	0.0	
Swainson's Thrush	0.0	0.0	0.0	0.0	0.0	0.0	0.0	0.0	0.0	0.0	0.0	0.0	0.0	0.0	0.0	0.0	0.0	0.0	0.0	0.5	0.3333333333333333	0.0	0.0	0.0	0.0	0.0	0.0	0.0	0.2	0.0	0.0	0.0	0.0	0.0	0.0	0.0	0.0	0.0	0.0	0.0	0.0	0.0	0.0	0.0	0.0	0.0	0.0	0.0	
Hermit Thrush	0.0	0.0	0.0	0.0	0.0	0.0	0.0	0.0	0.0	0.0	0.0	0.0	0.0	0.0	0.0	0.0	0.0	0.0	0.0	0.0	0.0	0.0	0.0	0.0	0.0	0.0	0.0	0.0	0.0	0.0	0.0	0.0	0.0	0.0	0.0	0.0	0.0	0.0	0.0	0.0	0.0	0.0625	0.0	0.0	0.0	0.0	0.0	0.0	
American Robin	0.5	0.2	0.2222222222222222	0.2857142857142857	0.3333333333333333	0.2	0.3125	0.42857142857142855	0.5833333333333334	0.5454545454545454	0.5833333333333334	0.2	0.5555555555555556	1.0	0.5714285714285714	0.2222222222222222	0.0	0.5	1.0	0.5	0.6666666666666666	0.0	0.0015	0.0015	0.0	0.0	1.0	0.6666666666666666	0.2	0.25	0.0	1.0	0.0	0.0	0.2	0.0	0.25	0.8333333333333334	0.4	0.5	0.4	0.25	0.2222222222222222	0.08333333333333333	0.42857142857142855	0.5714285714285714	0.4	0.14285714285714285	
European Starling	0.3333333333333333	0.0015	0.1111111111111111	0.2857142857142857	0.5	0.4	0.25	0.42857142857142855	0.4166666666666667	0.5454545454545454	0.4166666666666667	0.0	0.4444444444444444	0.8571428571428571	0.5714285714285714	0.1111111111111111	0.0	0.0	0.5	0.5	0.0	0.0	0.0	0.0	0.0	0.0	1.0	0.3333333333333333	0.2	0.0	0.0	0.0	0.0	0.0	0.0	0.0	0.5	0.5	0.2	0.3333333333333333	0.4666666666666667	0.3125	0.4444444444444444	0.08333333333333333	0.2857142857142857	0.5714285714285714	0.2	0.2857142857142857	
American Pipit	0.16666666666666666	0.0015	0.1111111111111111	0.2857142857142857	0.16666666666666666	0.0	0.0625	0.0	0.0	0.09090909090909091	0.0015	0.0	0.2222222222222222	0.0	0.0	0.1111111111111111	0.0	0.0	0.0	0.0	0.0	0.0	0.0	0.0	0.0	0.0	0.0	0.3333333333333333	0.0	0.0	0.0	0.0	0.0	0.0	0.4	0.3333333333333333	0.125	0.3333333333333333	0.2	0.3888888888888889	0.6	0.0625	0.0	0.08333333333333333	0.2857142857142857	0.42857142857142855	0.2	0.0	
Cedar Waxwing	0.0	0.0	0.0	0.0	0.0	0.0	0.0	0.0	0.0	0.0	0.0	0.0	0.0	0.0	0.0	0.0	0.0	0.0	0.0	0.5	1.0	0.0	0.0	0.0	0.0	0.0	0.0	0.0	0.2	0.5	0.0	0.0	0.0	0.0	0.0	0.0	0.125	0.0	0.0	0.05555555555555555	0.0	0.0	0.0	0.0	0.0	0.0	0.0	0.0	
Evening Grosbeak	0.0	0.0	0.0	0.0	0.0	0.0	0.0	0.0	0.0	0.0	0.0	0.0	0.0	0.0	0.0	0.0	0.0	0.0	0.0	0.0	0.0	0.0	0.0	0.0	0.0	0.0	0.0	0.0	0.0	0.0	0.0	0.0	0.0	0.0	0.0	0.0	0.125	0.0	0.0	0.0	0.0	0.0	0.0	0.0	0.0	0.0	0.0	0.0	
House Finch	0.16666666666666666	0.0015	0.0	0.0	0.3333333333333333	0.2	0.0	0.14285714285714285	0.4166666666666667	0.36363636363636365	0.3333333333333333	0.2	0.2222222222222222	0.42857142857142855	0.5714285714285714	0.1111111111111111	0.0	0.0	0.0015	0.0	0.0	0.0	0.0	0.0	0.0	0.0	0.0	0.0	0.2	0.25	0.0	0.0	0.0	0.0	0.2	0.3333333333333333	0.625	0.6666666666666666	0.4	0.3333333333333333	0.4666666666666667	0.4375	0.4444444444444444	0.3333333333333333	0.2857142857142857	0.5714285714285714	0.4	0.2857142857142857	
Purple Finch	0.0	0.0	0.0	0.0	0.0	0.0	0.0	0.0	0.0	0.0	0.08333333333333333	0.2	0.0	0.2857142857142857	0.0	0.1111111111111111	0.0	0.0	0.0	0.5	0.0	0.0	0.0	0.0	0.0	0.0	0.0	0.0	0.0	0.0	0.0	0.0	0.0	0.0	0.2	0.0	0.0	0.0	0.0	0.0	0.0	0.0625	0.0	0.0	0.0	0.0	0.0	0.0	
Red Crossbill	0.16666666666666666	0.0	0.0	0.0	0.0	0.0	0.0	0.0	0.0	0.0	0.0	0.0	0.0	0.0	0.0	0.0	0.0	0.0	0.0	0.0	0.0	0.0	0.0	0.0	0.0	0.0	0.0	0.0	0.0	0.0	0.0	0.0	0.0	0.0	0.0	0.0	0.0	0.16666666666666666	0.0	0.0	0.0	0.0	0.0	0.0	0.0	0.14285714285714285	0.0	0.0	
Pine Siskin	0.16666666666666666	0.0	0.0	0.0	0.16666666666666666	0.0	0.0	0.2857142857142857	0.3333333333333333	0.36363636363636365	0.25	0.2	0.2222222222222222	0.2857142857142857	0.5714285714285714	0.2222222222222222	0.0	0.5	0.0	0.5	0.6666666666666666	0.3333333333333333	0.0	0.0	0.0	0.0	0.0	0.0	0.0	0.25	0.0	0.0	0.0	0.0	0.0	0.0	0.125	0.3333333333333333	0.0	0.0	0.06666666666666667	0.0	0.0	0.08333333333333333	0.14285714285714285	0.2857142857142857	0.2	0.0	
American Goldfinch	0.0	0.0	0.0	0.0	0.0	0.0	0.0	0.0	0.0	0.0	0.0	0.0	0.1111111111111111	0.14285714285714285	0.14285714285714285	0.1111111111111111	0.0	0.5	0.0015	1.0	0.6666666666666666	0.0	0.0015	0.0	0.0	0.0	0.0	0.0	0.2	0.25	0.0	0.0	0.0	0.0	0.0	0.16666666666666666	0.25	0.0	0.0	0.0	0.0	0.0	0.0	0.0	0.0	0.0	0.0	0.0	
Chipping Sparrow	0.0	0.0	0.0	0.0	0.0	0.0	0.0	0.0	0.0	0.0	0.0	0.0	0.0	0.0	0.0	0.1111111111111111	0.0	0.0	0.0	0.0	0.0	0.0	0.0	0.0	0.0	0.0	0.0	0.0	0.0	0.0	0.0	0.0	0.0	0.0	0.0	0.0	0.0	0.0	0.0	0.0	0.0	0.0	0.0	0.0	0.0	0.0	0.0	0.0	
Fox Sparrow	0.16666666666666666	0.0	0.0015	0.2857142857142857	0.16666666666666666	0.2	0.125	0.42857142857142855	0.5833333333333334	0.36363636363636365	0.3333333333333333	0.2	0.3333333333333333	0.2857142857142857	0.0	0.0	0.0	0.0	0.0	0.0	0.0	0.0	0.0	0.0	0.0	0.0	0.0	0.0	0.0	0.0	0.0	0.0	0.0	0.0	0.0	0.0	0.0	0.6666666666666666	0.2	0.1111111111111111	0.06666666666666667	0.1875	0.1111111111111111	0.25	0.2857142857142857	0.5714285714285714	0.6	0.14285714285714285	
Dark-eyed Junco	0.6666666666666666	0.0015	0.2222222222222222	0.42857142857142855	0.5	0.4	0.25	0.42857142857142855	0.6666666666666666	0.45454545454545453	0.5833333333333334	0.4	0.3333333333333333	0.8571428571428571	0.5714285714285714	0.2222222222222222	0.0	0.5	0.5	0.0	0.6666666666666666	0.0	0.0	0.0	0.0	0.0	0.0	0.0	0.0	0.25	0.0	0.0	0.0	0.0	0.2	0.5	0.5	0.8333333333333334	0.4	0.5555555555555556	0.6	0.5	0.6666666666666666	0.3333333333333333	0.5714285714285714	0.7142857142857143	0.4	0.42857142857142855	
White-crowned Sparrow	0.0	0.0015	0.1111111111111111	0.2857142857142857	0.0	0.2	0.125	0.2857142857142857	0.5	0.45454545454545453	0.4166666666666667	0.2	0.5555555555555556	0.7142857142857143	0.8571428571428571	0.5555555555555556	0.0	0.0	0.5	1.0	0.6666666666666666	0.0015	0.0015	0.0	0.0	1.0	0.0	0.0	0.0	0.25	0.0	0.0	0.0	0.0	0.6	0.3333333333333333	0.25	0.5	0.2	0.05555555555555555	0.13333333333333333	0.1875	0.1111111111111111	0.25	0.14285714285714285	0.42857142857142855	0.2	0.2857142857142857	
Golden-crowned Sparrow	0.5	0.0015	0.2222222222222222	0.42857142857142855	0.3333333333333333	0.4	0.0625	0.14285714285714285	0.5	0.45454545454545453	0.4166666666666667	0.2	0.4444444444444444	0.42857142857142855	0.42857142857142855	0.2222222222222222	0.0	0.0	0.0	0.0	0.0	0.0	0.0	0.0	0.0	0.0	0.0	0.0	0.0	0.0	0.0	0.0	0.0	0.0	0.0	0.5	0.25	0.8333333333333334	0.4	0.3888888888888889	0.6	0.5	0.6666666666666666	0.3333333333333333	0.42857142857142855	1.0	0.8	0.2857142857142857	
Savannah Sparrow	0.0	0.0	0.0	0.0	0.0	0.2	0.0625	0.14285714285714285	0.0	0.0	0.16666666666666666	0.0	0.1111111111111111	0.8571428571428571	0.7142857142857143	0.2222222222222222	0.0	0.0	0.0	0.5	0.3333333333333333	0.0	0.0	0.0	0.0	0.0	0.0	0.3333333333333333	0.2	0.0	0.0	0.0	0.0015	0.0	0.4	0.3333333333333333	0.625	0.8333333333333334	0.4	0.3333333333333333	0.6	0.125	0.2222222222222222	0.16666666666666666	0.42857142857142855	0.0	0.2	0.0	
Song Sparrow	0.5	0.0015	0.2222222222222222	0.7142857142857143	0.5	0.4	0.4375	0.7142857142857143	0.5833333333333334	0.7272727272727273	0.5	0.6	0.4444444444444444	0.5714285714285714	0.5714285714285714	0.4444444444444444	0.0	0.0	0.5	0.5	0.6666666666666666	0.0	0.0	1.0	0.0	0.0	0.0	0.6666666666666666	0.6	0.25	0.0	0.0	0.0	0.0	0.4	0.16666666666666666	0.5	0.6666666666666666	0.4	0.6666666666666666	0.6	0.4375	0.6666666666666666	0.5833333333333334	0.7142857142857143	1.0	0.8	0.42857142857142855	
Lincoln's Sparrow	0.3333333333333333	0.0	0.0	0.0	0.0	0.0	0.0	0.0	0.0	0.09090909090909091	0.0	0.0	0.0	0.0	0.0	0.0	0.0	0.0	0.0	0.0	0.0	0.0	0.0	0.0	0.0	0.0	0.0	0.0	0.0	0.0	0.0	0.0	0.0	0.0	0.4	0.0	0.0	0.0	0.0	0.05555555555555555	0.13333333333333333	0.0	0.0	0.16666666666666666	0.42857142857142855	0.2857142857142857	0.0	0.0	
Spotted Towhee	0.6666666666666666	0.0015	0.2222222222222222	0.42857142857142855	0.16666666666666666	0.4	0.1875	0.2857142857142857	0.5	0.45454545454545453	0.4166666666666667	0.0	0.3333333333333333	0.7142857142857143	0.14285714285714285	0.3333333333333333	0.0	0.0	1.0	0.0	0.6666666666666666	0.0	0.0	0.0	0.0	0.0	1.0	0.0	0.0	0.0	0.0	0.0	0.0	0.0	0.6	0.0	0.375	0.3333333333333333	0.4	0.3333333333333333	0.4666666666666667	0.4375	0.4444444444444444	0.4166666666666667	0.42857142857142855	1.0	0.8	0.2857142857142857	
Western Meadowlark	0.3333333333333333	0.0015	0.1111111111111111	0.14285714285714285	0.0	0.4	0.0625	0.14285714285714285	0.0	0.0	0.0	0.0	0.0	0.14285714285714285	0.14285714285714285	0.0	0.0	0.0	0.0	0.0	0.0	0.0	0.0	0.0	0.0	0.0	0.0	0.0	0.2	0.0	0.0	0.0	0.0	0.0	0.0	0.0	0.0	0.0	0.0	0.16666666666666666	0.06666666666666667	0.0625	0.0	0.08333333333333333	0.14285714285714285	0.42857142857142855	0.0	0.0	
Red-winged Blackbird	0.16666666666666666	0.0015	0.1111111111111111	0.2857142857142857	0.16666666666666666	0.0	0.0625	0.2857142857142857	0.08333333333333333	0.09090909090909091	0.08333333333333333	0.0	0.1111111111111111	0.0	0.0	0.0	0.0	0.0	0.0	0.0	0.0	0.0	0.0	0.0	0.0	0.0	0.0	0.0	0.0	0.0	0.0	0.0	1.0	0.0	0.2	0.3333333333333333	0.375	0.3333333333333333	0.2	0.3333333333333333	0.4666666666666667	0.375	0.5555555555555556	0.0	0.2857142857142857	0.2857142857142857	0.4	0.2857142857142857	
Brown-headed Cowbird	0.0	0.0015	0.0	0.0	0.0	0.0	0.0	0.0	0.0	0.0	0.08333333333333333	0.0	0.0	0.0	0.14285714285714285	0.0	0.0	0.0	0.0015	1.0	0.6666666666666666	0.0	0.0015	0.0	0.0	0.0	0.0	0.0	0.2	0.0	0.0	0.0	0.0	0.0	0.0	0.0	0.0	0.0	0.0	0.0	0.0	0.0625	0.0	0.0	0.0	0.14285714285714285	0.0	0.0	
Brewer's Blackbird	0.16666666666666666	0.2	0.1111111111111111	0.2857142857142857	0.16666666666666666	0.0	0.125	0.2857142857142857	0.16666666666666666	0.09090909090909091	0.25	0.2	0.4444444444444444	0.42857142857142855	0.2857142857142857	0.2222222222222222	0.0	0.0	0.5	0.0	0.0	0.0	0.0	0.0	0.0	0.0	1.0	0.0	0.2	0.0	0.0	0.0	1.0	0.0	0.0	0.16666666666666666	0.25	0.3333333333333333	0.2	0.2777777777777778	0.4666666666666667	0.375	0.3333333333333333	0.0	0.2857142857142857	0.14285714285714285	0.4	0.2857142857142857	
Orange-crowned Warbler	0.0	0.0	0.0	0.0	0.0	0.0	0.0	0.0	0.0	0.0	0.0	0.0	0.0	0.2857142857142857	0.2857142857142857	0.3333333333333333	0.0	0.0	0.5	1.0	0.3333333333333333	0.0	0.0015	0.0	0.0	0.0	0.0	0.0	0.0	0.0	0.0	0.0	0.0	0.0	0.2	0.0	0.0	0.0	0.0	0.0	0.0	0.0	0.0	0.0	0.0	0.0	0.0	0.0	
Common Yellowthroat	0.0	0.0	0.0	0.0	0.0	0.0	0.0	0.0	0.0	0.0	0.0	0.0	0.0	0.14285714285714285	0.0	0.0015	0.0	0.0	0.0015	0.5	0.6666666666666666	0.0	0.0	0.0	0.0	0.0	0.0	0.0	0.0	0.25	0.0	0.0	0.0	0.0	0.0	0.0	0.0	0.0	0.0	0.0	0.0	0.0	0.0	0.0	0.0	0.0	0.0	0.0	
Yellow Warbler	0.0	0.0	0.0	0.0	0.0	0.0	0.0	0.0	0.0	0.0	0.0	0.0	0.0	0.0	0.0	0.0	0.0	0.0	0.0	0.0	0.3333333333333333	0.0	0.0	0.0	0.0	0.0	0.0	0.0	0.0	0.0	0.0	0.0	0.0	0.0	0.0	0.0	0.0	0.0	0.0	0.0	0.0	0.0	0.0	0.0	0.0	0.0	0.0	0.0	
Yellow-rumped Warbler	0.0	0.0	0.0	0.0	0.0	0.0	0.0	0.0	0.0	0.0	0.08333333333333333	0.0	0.0	0.14285714285714285	0.0	0.1111111111111111	0.0	0.0	0.5	0.0	0.0	0.0	0.0	0.0	0.0	0.0	0.0	0.0	0.0	0.0	0.0	0.0	0.0	0.0	0.2	0.16666666666666666	0.0	0.16666666666666666	0.0	0.0	0.0	0.0	0.0	0.0	0.0	0.0	0.0	0.0	
Townsend's Warbler	0.0	0.0	0.0	0.0	0.0	0.0	0.0	0.0	0.0	0.0	0.0	0.0	0.0	0.0	0.0	0.0	0.0	0.0	0.0	0.0	0.0	0.0	0.0	0.0	0.0	0.0	0.0	0.0	0.0	0.0	0.0	0.0	0.0	0.0	0.0	0.0	0.0	0.0	0.0	0.0	0.0	0.0	0.0	0.0	0.0	0.0	0.2	0.0	
Wilson's Warbler	0.0	0.0	0.0	0.0	0.0	0.0	0.0	0.0	0.0	0.0	0.0	0.0	0.0	0.0	0.0	0.0	0.0	0.0	1.0	0.5	0.0	0.0	0.0015	0.0	0.0	0.0	0.0	0.0	0.0	0.25	0.0	0.0	0.0	0.0	0.0	0.0	0.0	0.0	0.0	0.0	0.0	0.0	0.0	0.0	0.0	0.0	0.0	0.0	
warbler sp. (Parulidae sp.)	0.0	0.0	0.0	0.0	0.0	0.0	0.0	0.0	0.0	0.0	0.0	0.0	0.0	0.0	0.0	0.0	0.0	0.0	0.0	0.0	0.0	0.0	0.0	0.0	0.0	0.0	0.0	0.0	0.0	0.0	0.0	0.0	0.0	0.0	0.0	0.0	0.125	0.0	0.0	0.0	0.0	0.0	0.0	0.0	0.0	0.0	0.0	0.0	
Western Tanager	0.0	0.0	0.0	0.0	0.0	0.0	0.0	0.0	0.0	0.0	0.0	0.0	0.0	0.0	0.0	0.0	0.0	0.0	0.5	0.0	0.3333333333333333	0.0	0.0	0.0	0.0	0.0	0.0	0.0	0.0	0.0	0.0	0.0	0.0	0.0	0.0	0.0	0.0	0.0	0.0	0.0	0.0	0.0	0.0	0.0	0.0	0.0	0.0	0.0	
House Sparrow	0.0	0.2	0.0	0.0	0.0	0.0	0.0	0.0	0.0	0.0	0.0	0.0	0.0	0.0	0.0	0.0	0.0	0.0	0.0	0.0	0.0	0.0	0.0	0.0	0.0	0.0	1.0	0.0	0.0	0.0	0.0	0.0	0.0	0.0	0.0	0.0	0.0	0.16666666666666666	0.0	0.0	0.0	0.0	0.0	0.0	0.0	0.0	0.2	0.0	
passerine sp.	0.0	0.0	0.0	0.0	0.0	0.0	0.0	0.0	0.0	0.0	0.0	0.0	0.0	0.0	0.0	0.0	0.0	0.0	0.0	0.0	0.0	0.0	0.0	0.0	0.0	0.0	0.0	0.0	0.0	0.0	0.0	0.0	0.0	0.0	0.0	0.0	0.0	0.0	0.0	0.05555555555555555	0.0	0.0	0.0	0.0	0.0	0.0	0.0	0.0	

