









Frequency of observations in the selected location(s).:
Number of taxa: 	213

	Jan				Feb				Mar				Apr				May				Jun				Jul				Aug				Sep				Oct				Nov				Dec				
Sample Size:	7.0	9.0	8.0	3.0	5.0	9.0	11.0	5.0	6.0	8.0	6.0	9.0	8.0	34.0	14.0	14.0	8.0	13.0	10.0	5.0	3.0	4.0	6.0	5.0	7.0	6.0	7.0	13.0	19.0	16.0	12.0	15.0	13.0	15.0	27.0	33.0	11.0	13.0	14.0	27.0	7.0	9.0	4.0	3.0	5.0	8.0	6.0	4.0	

Emperor Goose	0.0	0.1111111111111111	0.0	0.0	0.0	0.1111111111111111	0.0	0.0	0.16666666666666666	0.125	0.0	0.2222222222222222	0.0	0.0	0.07142857142857142	0.0015	0.0	0.0	0.0	0.0	0.0	0.0	0.0	0.0	0.0	0.0	0.0	0.0	0.0	0.0	0.0	0.0	0.0	0.0	0.0	0.0	0.0	0.0	0.0	0.0	0.0	0.0	0.0	0.0	0.0	0.0	0.0	0.0	
Greater White-fronted Goose	0.0	0.0	0.0	0.0	0.0	0.0	0.09090909090909091	0.2	0.0	0.0	0.0	0.0	0.0	0.0	0.0	0.07142857142857142	0.0	0.0	0.1	0.0	0.0	0.0	0.0	0.0	0.0	0.0	0.0	0.0	0.0	0.0	0.0	0.0	0.0	0.0	0.0	0.030303030303030304	0.0	0.0	0.0	0.037037037037037035	0.0	0.0	0.0	0.0	0.0	0.125	0.0	0.0	
Brant	0.5714285714285714	0.4444444444444444	0.75	0.6666666666666666	0.8	0.7777777777777778	0.7272727272727273	1.0	0.5	0.75	0.3333333333333333	1.0	0.625	0.5882352941176471	0.6428571428571429	0.6428571428571429	0.375	0.6923076923076923	0.2	0.2	0.0	0.0	0.0	0.2	0.14285714285714285	0.0	0.0	0.07692307692307693	0.0	0.0	0.0	0.0	0.07692307692307693	0.0	0.037037037037037035	0.0	0.0	0.0	0.0	0.07407407407407407	0.0	0.4444444444444444	0.5	0.6666666666666666	1.0	0.5	0.3333333333333333	0.25	
Cackling Goose	0.0	0.0	0.0	0.0	0.0	0.0	0.0	0.0	0.0	0.0	0.0	0.0	0.0	0.0	0.0	0.0	0.125	0.0	0.0	0.0	0.0	0.0	0.0	0.0	0.0	0.0	0.0	0.0	0.0	0.0	0.0	0.0	0.0	0.0	0.07407407407407407	0.030303030303030304	0.0	0.0	0.0	0.0	0.0	0.0	0.0	0.0	0.0	0.125	0.0	0.0	
Canada Goose	0.0	0.0	0.125	0.3333333333333333	0.2	0.1111111111111111	0.18181818181818182	0.2	0.0	0.125	0.0	0.2222222222222222	0.25	0.23529411764705882	0.14285714285714285	0.14285714285714285	0.125	0.0	0.0	0.0	0.0	0.0	0.16666666666666666	0.2	0.2857142857142857	0.3333333333333333	0.7142857142857143	0.7692307692307693	0.6842105263157895	0.4375	0.3333333333333333	0.4666666666666667	0.15384615384615385	0.13333333333333333	0.18518518518518517	0.030303030303030304	0.09090909090909091	0.07692307692307693	0.0	0.0	0.14285714285714285	0.1111111111111111	0.0	0.0	0.2	0.0	0.0	0.0	
Trumpeter Swan	0.2857142857142857	0.0	0.375	0.3333333333333333	0.0	0.0	0.2727272727272727	0.4	0.0	0.125	0.0	0.1111111111111111	0.0	0.0	0.0	0.0	0.0	0.0	0.0	0.0	0.0	0.0	0.0	0.0	0.0	0.0	0.0	0.0	0.0	0.0	0.0	0.0	0.0	0.0	0.0	0.0	0.0	0.0	0.0	0.0	0.0	0.0	0.0	0.0	0.0	0.25	0.16666666666666666	0.0	
Tundra Swan	0.0	0.0	0.125	0.3333333333333333	0.0	0.0	0.0	0.0	0.0	0.125	0.0	0.0	0.0	0.0	0.0	0.0	0.0	0.0	0.0	0.0	0.0	0.0	0.0	0.0	0.0	0.0	0.0	0.0	0.0	0.0	0.0	0.0	0.0	0.0	0.0	0.0	0.0	0.0	0.0	0.0	0.0	0.0	0.0	0.0	0.0	0.0	0.0	0.0	
Blue-winged Teal	0.0	0.0	0.0	0.0	0.0	0.0	0.0	0.0	0.0	0.0	0.0	0.0	0.0	0.0	0.07142857142857142	0.0	0.0	0.0	0.0	0.0	0.0	0.0	0.0	0.0	0.0	0.0	0.0	0.0	0.0	0.0	0.0	0.0	0.0	0.0	0.0	0.0	0.0	0.0	0.0	0.0	0.0	0.0	0.0	0.0	0.0	0.0	0.0	0.0	
Northern Shoveler	0.14285714285714285	0.1111111111111111	0.125	0.3333333333333333	0.0	0.0	0.09090909090909091	0.2	0.0	0.125	0.0	0.0	0.125	0.14705882352941177	0.2857142857142857	0.14285714285714285	0.125	0.07692307692307693	0.1	0.0	0.0	0.0	0.0	0.0	0.0	0.0	0.0	0.0	0.0	0.125	0.16666666666666666	0.2	0.38461538461538464	0.2	0.14814814814814814	0.06060606060606061	0.09090909090909091	0.23076923076923078	0.07142857142857142	0.18518518518518517	0.0	0.1111111111111111	0.0	0.0	0.2	0.125	0.0	0.0	
Gadwall	0.0	0.0	0.125	0.0	0.0	0.1111111111111111	0.0	0.0	0.0	0.125	0.0	0.1111111111111111	0.0	0.17647058823529413	0.21428571428571427	0.2857142857142857	0.375	0.15384615384615385	0.6	0.2	0.3333333333333333	0.0	0.16666666666666666	0.4	0.14285714285714285	0.16666666666666666	0.0	0.0	0.05263157894736842	0.125	0.08333333333333333	0.13333333333333333	0.0	0.06666666666666667	0.14814814814814814	0.030303030303030304	0.0015	0.0	0.0	0.07407407407407407	0.14285714285714285	0.0	0.0	0.0	0.0	0.125	0.0	0.0	
Eurasian Wigeon	0.14285714285714285	0.1111111111111111	0.375	0.0015	0.4	0.5555555555555556	0.36363636363636365	0.6	0.3333333333333333	0.25	0.0	0.6666666666666666	0.25	0.20588235294117646	0.2857142857142857	0.07142857142857142	0.125	0.07692307692307693	0.1	0.0	0.0	0.0	0.0	0.0	0.0	0.0	0.0	0.0	0.0	0.0	0.0	0.0	0.0	0.0	0.0	0.06060606060606061	0.18181818181818182	0.07692307692307693	0.07142857142857142	0.1111111111111111	0.14285714285714285	0.5555555555555556	0.25	0.0015	0.2	0.0	0.0	0.0	
American Wigeon	0.8571428571428571	0.7777777777777778	0.875	1.0	0.8	0.8888888888888888	1.0	1.0	0.6666666666666666	0.875	0.6666666666666666	0.8888888888888888	0.625	0.8235294117647058	0.8571428571428571	0.8571428571428571	1.0	0.5384615384615384	0.5	0.2	0.0	0.0	0.0	0.0	0.0	0.0	0.0	0.0	0.05263157894736842	0.0	0.3333333333333333	0.13333333333333333	0.5384615384615384	0.9333333333333333	0.6666666666666666	0.6666666666666666	0.9090909090909091	0.7692307692307693	0.6428571428571429	0.8518518518518519	0.5714285714285714	0.8888888888888888	0.75	0.6666666666666666	1.0	0.75	0.5	0.5	
Eurasian x American Wigeon (hybrid)	0.0	0.0	0.0	0.0	0.0	0.0	0.0	0.0	0.0	0.0	0.0	0.0	0.0	0.0	0.0	0.0	0.0	0.0	0.0	0.0	0.0	0.0	0.0	0.0	0.0	0.0	0.0	0.0	0.0	0.0	0.0	0.0	0.0	0.0	0.0	0.0	0.0	0.0	0.07142857142857142	0.0	0.0	0.0	0.0	0.0	0.0	0.0	0.0	0.0	
Eurasian/American Wigeon	0.0	0.0015	0.0	0.0	0.0	0.0	0.0	0.0	0.0	0.0	0.0	0.0	0.0	0.0	0.0	0.0	0.0	0.0	0.0	0.0	0.0	0.0	0.0	0.0	0.0	0.0	0.0	0.0	0.0	0.0	0.0	0.0	0.0	0.06666666666666667	0.0	0.0	0.0	0.0	0.0	0.0	0.0	0.0	0.0	0.0	0.0	0.125	0.0	0.0	
Mallard	0.8571428571428571	0.4444444444444444	0.875	0.6666666666666666	1.0	0.7777777777777778	0.8181818181818182	1.0	0.5	0.5	0.16666666666666666	0.7777777777777778	0.5	0.6470588235294118	0.5	0.7857142857142857	0.5	0.5384615384615384	0.7	0.0	0.3333333333333333	0.0	0.16666666666666666	0.0	0.5714285714285714	0.5	0.2857142857142857	0.46153846153846156	0.5789473684210527	0.625	0.6666666666666666	0.6	0.8461538461538461	0.6666666666666666	0.7407407407407407	0.5757575757575758	0.7272727272727273	0.5384615384615384	0.42857142857142855	0.3333333333333333	0.7142857142857143	0.6666666666666666	0.75	1.0	1.0	0.875	0.16666666666666666	0.5	
Northern Pintail	0.7142857142857143	0.4444444444444444	0.5	0.6666666666666666	1.0	0.7777777777777778	0.7272727272727273	1.0	0.3333333333333333	0.875	0.16666666666666666	0.7777777777777778	0.75	0.7647058823529411	0.6428571428571429	0.6428571428571429	1.0	0.23076923076923078	0.6	0.0	0.0	0.0	0.0	0.0	0.0	0.16666666666666666	0.0	0.0	0.10526315789473684	0.125	0.3333333333333333	0.26666666666666666	0.6923076923076923	0.9333333333333333	0.6666666666666666	0.696969696969697	0.9090909090909091	0.6153846153846154	0.5	0.48148148148148145	0.5714285714285714	0.5555555555555556	0.25	0.6666666666666666	0.8	0.625	0.0	0.0015	
Green-winged Teal	0.42857142857142855	0.5555555555555556	0.625	0.6666666666666666	0.4	0.7777777777777778	0.7272727272727273	1.0	0.6666666666666666	0.625	0.0015	0.6666666666666666	0.625	0.7647058823529411	0.7142857142857143	0.8571428571428571	0.5	0.15384615384615385	0.0	0.0	0.0	0.0	0.0	0.0	0.0	0.0	0.0	0.0	0.05263157894736842	0.375	0.25	0.3333333333333333	0.38461538461538464	0.5333333333333333	0.37037037037037035	0.3333333333333333	0.5454545454545454	0.46153846153846156	0.14285714285714285	0.25925925925925924	0.2857142857142857	0.4444444444444444	0.25	0.3333333333333333	0.2	0.25	0.0	0.25	
dabbling duck sp.	0.0	0.0	0.0	0.0	0.0	0.1111111111111111	0.0	0.0	0.0	0.0	0.0	0.0	0.0	0.0	0.0	0.0	0.0	0.0	0.0	0.0	0.0	0.0	0.0	0.0	0.0	0.0	0.0	0.0	0.0	0.0	0.0	0.0	0.0	0.0	0.0	0.030303030303030304	0.09090909090909091	0.0	0.0	0.07407407407407407	0.0	0.0	0.0	0.0	0.0	0.0	0.0	0.0	
Canvasback	0.0	0.0	0.125	0.0	0.0	0.0	0.09090909090909091	0.0	0.0	0.0	0.0	0.0	0.0	0.0	0.0	0.0	0.0	0.0	0.0	0.0	0.0	0.0	0.0	0.0	0.0	0.0	0.0	0.0	0.0	0.0	0.0	0.0	0.0	0.0	0.0	0.0	0.0	0.0	0.0	0.037037037037037035	0.0	0.0	0.0	0.0	0.0	0.0	0.0	0.0	
Redhead	0.0	0.0	0.0	0.0	0.0	0.0	0.0	0.0	0.0	0.0	0.0	0.0	0.0	0.0	0.0	0.0	0.0	0.0	0.0015	0.0	0.0	0.0	0.0	0.0	0.0	0.0	0.0	0.0	0.0	0.0	0.0	0.0	0.0	0.0	0.0	0.0	0.0	0.0	0.0	0.0	0.0	0.0	0.0	0.0	0.0	0.0	0.0	0.0	
Ring-necked Duck	0.0	0.0	0.0	0.0	0.0	0.0	0.09090909090909091	0.0	0.0	0.0	0.0	0.1111111111111111	0.0	0.0	0.0	0.0	0.0	0.0	0.0	0.0	0.0	0.0	0.0	0.0	0.0	0.0	0.0	0.0	0.0	0.0	0.0	0.0	0.0	0.0	0.0	0.0	0.0	0.0	0.0	0.037037037037037035	0.0	0.0	0.0	0.0	0.0	0.0	0.0	0.0	
Greater Scaup	0.0	0.3333333333333333	0.125	0.0	0.0015	0.2222222222222222	0.2727272727272727	0.2	0.0	0.0	0.0	0.2222222222222222	0.25	0.20588235294117646	0.0	0.14285714285714285	0.25	0.0	0.2	0.0	0.0	0.0	0.0	0.0	0.2857142857142857	0.0	0.0	0.0	0.0	0.0	0.0	0.0	0.0	0.0	0.1111111111111111	0.030303030303030304	0.18181818181818182	0.07692307692307693	0.0	0.48148148148148145	0.2857142857142857	0.4444444444444444	0.5	0.3333333333333333	0.8	0.625	0.16666666666666666	0.0	
Lesser Scaup	0.0	0.1111111111111111	0.0	0.0	0.0	0.0	0.09090909090909091	0.0	0.16666666666666666	0.0	0.0	0.1111111111111111	0.0	0.0	0.0	0.0	0.125	0.0	0.0015	0.0	0.0	0.0	0.0	0.0	0.0	0.0	0.0	0.0	0.0	0.0	0.0	0.0	0.0	0.0	0.0	0.0	0.0	0.0	0.0	0.037037037037037035	0.0	0.0	0.0	0.0	0.0	0.0	0.16666666666666666	0.0	
Greater/Lesser Scaup	0.0	0.1111111111111111	0.125	0.0	0.2	0.0	0.0	0.0	0.16666666666666666	0.0	0.0	0.0	0.0	0.0	0.0	0.0	0.0	0.0	0.1	0.0	0.0	0.0	0.0	0.0	0.0	0.0	0.0	0.0	0.10526315789473684	0.0625	0.0	0.0	0.0	0.0	0.0	0.0	0.09090909090909091	0.15384615384615385	0.0	0.1111111111111111	0.0	0.1111111111111111	0.0	0.0	0.0	0.0	0.0	0.0	
Harlequin Duck	0.14285714285714285	0.1111111111111111	0.25	0.0	0.4	0.2222222222222222	0.09090909090909091	0.0	0.16666666666666666	0.0	0.0	0.1111111111111111	0.375	0.4117647058823529	0.14285714285714285	0.14285714285714285	0.25	0.0	0.2	0.0	0.3333333333333333	0.75	0.0	0.0	0.0	0.0	0.0	0.07692307692307693	0.15789473684210525	0.125	0.16666666666666666	0.0	0.15384615384615385	0.13333333333333333	0.037037037037037035	0.06060606060606061	0.18181818181818182	0.07692307692307693	0.14285714285714285	0.5185185185185185	0.14285714285714285	0.2222222222222222	0.25	0.0	0.6	0.25	0.0	0.0	
Surf Scoter	0.2857142857142857	0.3333333333333333	0.75	0.6666666666666666	0.8	0.8888888888888888	0.7272727272727273	0.6	0.3333333333333333	0.25	0.16666666666666666	0.6666666666666666	0.5	0.4411764705882353	0.14285714285714285	0.35714285714285715	0.25	0.15384615384615385	0.4	0.0	0.0	0.0	0.0	0.0	0.14285714285714285	0.16666666666666666	0.0	0.0	0.05263157894736842	0.0	0.08333333333333333	0.0	0.15384615384615385	0.13333333333333333	0.2222222222222222	0.21212121212121213	0.6363636363636364	0.46153846153846156	0.35714285714285715	0.5925925925925926	0.5714285714285714	0.6666666666666666	0.75	1.0	1.0	0.75	0.5	0.0015	
White-winged Scoter	0.14285714285714285	0.2222222222222222	0.125	0.6666666666666666	0.2	0.2222222222222222	0.5454545454545454	0.4	0.16666666666666666	0.125	0.16666666666666666	0.3333333333333333	0.375	0.14705882352941177	0.14285714285714285	0.07142857142857142	0.125	0.07692307692307693	0.2	0.0	0.0	0.0	0.0	0.0	0.0	0.0	0.0	0.0	0.05263157894736842	0.0	0.0	0.0	0.0	0.13333333333333333	0.14814814814814814	0.0	0.18181818181818182	0.15384615384615385	0.07142857142857142	0.2962962962962963	0.14285714285714285	0.4444444444444444	0.5	0.6666666666666666	0.4	0.375	0.16666666666666666	0.0	
Black Scoter	0.0	0.0	0.0	0.0	0.0	0.0	0.0	0.0	0.0	0.0	0.0	0.0	0.0	0.0	0.07142857142857142	0.0	0.0	0.0	0.0015	0.0	0.0	0.0	0.0	0.0	0.0	0.0	0.0	0.0	0.0	0.0	0.0	0.0	0.0	0.0	0.0	0.0	0.0	0.0	0.0	0.0	0.0	0.0	0.0	0.0	0.0	0.0	0.16666666666666666	0.0	
scoter sp.	0.0	0.0	0.125	0.0	0.0	0.0	0.0	0.0	0.16666666666666666	0.0	0.0	0.0	0.0	0.0	0.0	0.0	0.0	0.0	0.0	0.0	0.0	0.0	0.0	0.0	0.0	0.0	0.0	0.0	0.0	0.0	0.0	0.0	0.0	0.0	0.037037037037037035	0.0	0.09090909090909091	0.0	0.0	0.07407407407407407	0.0	0.1111111111111111	0.0	0.0	0.0	0.0	0.16666666666666666	0.0	
Long-tailed Duck	0.14285714285714285	0.2222222222222222	0.625	0.0	0.2	0.2222222222222222	0.2727272727272727	0.2	0.0	0.125	0.0	0.0	0.125	0.08823529411764706	0.0	0.0	0.125	0.0	0.0	0.0	0.0	0.0	0.0	0.0	0.0	0.0	0.0	0.0	0.0	0.0	0.0	0.0	0.0	0.0	0.0	0.0	0.0	0.0	0.0	0.18518518518518517	0.0	0.2222222222222222	0.25	0.0	0.8	0.125	0.0	0.0	
Bufflehead	0.5714285714285714	0.8888888888888888	0.875	1.0	1.0	0.8888888888888888	0.9090909090909091	0.8	0.8333333333333334	0.625	0.6666666666666666	0.8888888888888888	0.75	0.8235294117647058	0.7142857142857143	0.7142857142857143	0.5	0.23076923076923078	0.1	0.0	0.3333333333333333	0.0	0.0	0.0	0.0	0.0	0.0	0.0	0.0	0.0	0.0	0.0	0.0	0.0	0.0	0.0	0.09090909090909091	0.07692307692307693	0.0	0.37037037037037035	0.7142857142857143	0.8888888888888888	0.75	1.0	1.0	0.875	0.8333333333333334	0.75	
Common Goldeneye	0.42857142857142855	0.7777777777777778	0.625	1.0	0.8	0.7777777777777778	0.5454545454545454	0.8	0.5	0.375	0.16666666666666666	0.5555555555555556	0.625	0.47058823529411764	0.2857142857142857	0.21428571428571427	0.0	0.0	0.1	0.0	0.0	0.0	0.0	0.0	0.0	0.0	0.0	0.0	0.0	0.0	0.0	0.0	0.0	0.0	0.0	0.0	0.0	0.0	0.0	0.07407407407407407	0.0	0.5555555555555556	0.5	1.0	0.8	0.5	0.5	0.25	
Barrow's Goldeneye	0.0	0.1111111111111111	0.125	0.3333333333333333	0.0	0.0	0.0	0.0	0.0	0.0	0.0	0.1111111111111111	0.0	0.0	0.0	0.0	0.0	0.0	0.0	0.0	0.0	0.0	0.0	0.0	0.0	0.0	0.0	0.0	0.0	0.0	0.0	0.0	0.0	0.0	0.0	0.0	0.0	0.0	0.0	0.0	0.0	0.0	0.0	0.0	0.0	0.0	0.0	0.0	
Hooded Merganser	0.0	0.1111111111111111	0.125	0.3333333333333333	0.0	0.0	0.0	0.0	0.0	0.0	0.0	0.0	0.0	0.029411764705882353	0.0	0.0	0.0	0.0	0.0	0.0	0.0	0.0	0.0	0.0	0.0	0.0	0.0	0.0	0.0	0.0	0.0	0.0	0.0	0.0	0.037037037037037035	0.0	0.0015	0.0	0.0	0.037037037037037035	0.0	0.0	0.0	0.0	0.0	0.125	0.0	0.0	
Common Merganser	0.0	0.0	0.125	0.0	0.2	0.2222222222222222	0.18181818181818182	0.2	0.0	0.0	0.3333333333333333	0.3333333333333333	0.25	0.14705882352941177	0.21428571428571427	0.07142857142857142	0.125	0.0	0.1	0.2	0.3333333333333333	0.25	0.0	0.0	0.2857142857142857	0.16666666666666666	0.0	0.15384615384615385	0.2631578947368421	0.125	0.16666666666666666	0.06666666666666667	0.46153846153846156	0.5333333333333333	0.4444444444444444	0.42424242424242425	0.45454545454545453	0.15384615384615385	0.14285714285714285	0.18518518518518517	0.14285714285714285	0.0	0.25	0.0	0.2	0.125	0.16666666666666666	0.25	
Red-breasted Merganser	0.14285714285714285	0.5555555555555556	0.5	1.0	0.8	0.7777777777777778	0.7272727272727273	0.8	0.6666666666666666	0.375	0.3333333333333333	0.5555555555555556	0.5	0.6470588235294118	0.5714285714285714	0.7142857142857143	0.875	0.46153846153846156	0.1	0.0	0.0	0.0	0.0	0.0	0.0	0.0	0.0	0.0	0.0	0.0	0.0	0.0	0.0	0.0	0.0015	0.0015	0.09090909090909091	0.15384615384615385	0.0	0.48148148148148145	0.14285714285714285	0.5555555555555556	0.75	1.0	0.8	0.5	0.5	0.25	
Common/Red-breasted Merganser	0.0	0.0	0.0	0.0	0.0	0.0	0.0	0.0	0.0	0.0	0.0	0.0	0.0	0.0	0.0	0.0	0.0	0.0	0.0	0.0	0.0	0.0	0.0	0.0	0.0	0.0	0.0	0.0	0.0	0.0	0.0	0.0	0.0	0.06666666666666667	0.0	0.030303030303030304	0.09090909090909091	0.0	0.0	0.0	0.0	0.0	0.0	0.0	0.0	0.0	0.0	0.0	
Ruddy Duck	0.0	0.0	0.0	0.3333333333333333	0.0	0.0	0.0	0.0	0.0	0.0	0.0	0.0	0.0	0.0	0.0	0.0	0.0	0.0	0.0	0.0	0.0	0.0	0.0	0.0	0.0	0.0	0.0	0.0	0.0	0.0	0.0	0.0	0.0	0.0	0.0	0.0	0.0	0.0	0.0	0.037037037037037035	0.0	0.0	0.0	0.0	0.0	0.0	0.0	0.0	
duck sp.	0.0	0.0	0.0	0.0	0.0	0.3333333333333333	0.0	0.0	0.0	0.0	0.0	0.0	0.0015	0.0	0.0	0.0	0.0	0.0	0.0	0.0	0.0	0.0	0.0	0.0	0.0	0.0	0.0	0.0	0.0	0.0	0.0	0.13333333333333333	0.23076923076923078	0.13333333333333333	0.037037037037037035	0.06060606060606061	0.0	0.0	0.07142857142857142	0.1111111111111111	0.0	0.0	0.0	0.0	0.2	0.0	0.0	0.25	
California Quail	0.0	0.0	0.0	0.0	0.0	0.0	0.09090909090909091	0.0	0.0	0.0	0.0	0.0	0.0	0.0	0.07142857142857142	0.21428571428571427	0.125	0.15384615384615385	0.2	0.2	0.6666666666666666	0.5	0.16666666666666666	0.0	0.14285714285714285	0.16666666666666666	0.14285714285714285	0.23076923076923078	0.15789473684210525	0.0625	0.25	0.0	0.0	0.06666666666666667	0.1111111111111111	0.06060606060606061	0.0	0.07692307692307693	0.0	0.037037037037037035	0.0	0.0	0.0	0.0	0.0	0.0	0.0	0.0	
Horned Grebe	0.14285714285714285	0.2222222222222222	0.25	0.3333333333333333	0.2	0.1111111111111111	0.09090909090909091	0.2	0.0	0.25	0.16666666666666666	0.1111111111111111	0.375	0.08823529411764706	0.07142857142857142	0.07142857142857142	0.125	0.0	0.0	0.0	0.0	0.0	0.0	0.0	0.0015	0.0	0.0	0.0	0.0	0.0	0.0	0.0	0.0	0.06666666666666667	0.0	0.0	0.09090909090909091	0.07692307692307693	0.0	0.2962962962962963	0.42857142857142855	0.2222222222222222	0.5	0.3333333333333333	0.8	0.375	0.0	0.0015	
Red-necked Grebe	0.0	0.1111111111111111	0.375	0.0	0.0	0.0	0.09090909090909091	0.0	0.0	0.125	0.0	0.1111111111111111	0.125	0.0	0.0	0.0	0.125	0.07692307692307693	0.0	0.0	0.0	0.0	0.0	0.0	0.0	0.0	0.0	0.0	0.0	0.0	0.0	0.0	0.0	0.06666666666666667	0.07407407407407407	0.030303030303030304	0.18181818181818182	0.15384615384615385	0.0	0.2222222222222222	0.14285714285714285	0.2222222222222222	0.25	0.0	0.2	0.125	0.0	0.0015	
Western Grebe	0.0	0.1111111111111111	0.125	0.0	0.2	0.0	0.09090909090909091	0.0	0.0	0.0	0.0	0.1111111111111111	0.125	0.029411764705882353	0.0	0.0	0.0	0.0	0.0	0.0	0.0	0.0	0.0	0.0	0.0	0.0	0.0	0.0	0.0	0.0	0.0	0.0	0.0	0.0	0.0	0.0	0.18181818181818182	0.0	0.0	0.18518518518518517	0.14285714285714285	0.0	0.25	0.0	0.4	0.0	0.0	0.0	
Western/Clark's Grebe	0.0	0.0	0.0	0.0	0.0	0.0	0.0	0.0	0.0	0.0	0.0	0.0	0.0	0.0	0.0	0.0	0.0	0.0	0.0	0.0	0.0	0.0	0.0	0.0	0.0	0.0	0.0	0.0	0.0	0.0	0.0	0.0	0.0	0.0	0.0	0.0	0.09090909090909091	0.0	0.0	0.0	0.14285714285714285	0.0	0.0	0.0	0.0	0.0	0.0	0.0	
grebe sp.	0.0	0.0	0.0	0.0	0.0	0.0	0.0	0.0	0.0	0.0	0.0	0.0	0.0	0.029411764705882353	0.0	0.0	0.0	0.0	0.0	0.0	0.0	0.0	0.0	0.0	0.0	0.0	0.0	0.0	0.0	0.0	0.0	0.0	0.0	0.0	0.0	0.0	0.0	0.0	0.0	0.0	0.0	0.0	0.0	0.0	0.0	0.0	0.0	0.0	
Rock Pigeon	0.14285714285714285	0.2222222222222222	0.0015	0.3333333333333333	0.2	0.3333333333333333	0.36363636363636365	0.6	0.3333333333333333	0.125	0.16666666666666666	0.3333333333333333	0.5	0.4117647058823529	0.5	0.2857142857142857	0.375	0.15384615384615385	0.3	0.2	0.3333333333333333	0.0	0.16666666666666666	0.0	0.7142857142857143	0.16666666666666666	0.14285714285714285	0.23076923076923078	0.2631578947368421	0.375	0.25	0.06666666666666667	0.23076923076923078	0.2	0.18518518518518517	0.18181818181818182	0.2727272727272727	0.3076923076923077	0.2857142857142857	0.1111111111111111	0.0	0.3333333333333333	0.25	0.3333333333333333	0.2	0.25	0.16666666666666666	0.0	
Band-tailed Pigeon	0.0	0.0015	0.0	0.0	0.0	0.0	0.0	0.0	0.0	0.0	0.0	0.0	0.0	0.0	0.0	0.0	0.0	0.0	0.0	0.0	0.0	0.0	0.16666666666666666	0.0	0.0	0.0	0.0	0.0	0.05263157894736842	0.0	0.0	0.0	0.0	0.06666666666666667	0.0	0.0	0.0	0.0	0.0015	0.0	0.0	0.0	0.0	0.0	0.0	0.0	0.0	0.0	
Eurasian Collared-Dove	0.2857142857142857	0.2222222222222222	0.125	0.3333333333333333	0.2	0.4444444444444444	0.45454545454545453	0.6	0.0	0.5	0.0	0.5555555555555556	0.75	0.5294117647058824	0.6428571428571429	0.6428571428571429	0.75	0.5384615384615384	0.6	0.4	0.6666666666666666	0.5	0.5	0.8	0.7142857142857143	0.6666666666666666	0.5714285714285714	0.6923076923076923	0.42105263157894735	0.4375	0.5	0.4666666666666667	0.6923076923076923	0.13333333333333333	0.2962962962962963	0.30303030303030304	0.45454545454545453	0.07692307692307693	0.07142857142857142	0.2962962962962963	0.2857142857142857	0.3333333333333333	0.25	0.3333333333333333	0.4	0.125	0.16666666666666666	0.0	
Mourning Dove	0.14285714285714285	0.1111111111111111	0.0	0.3333333333333333	0.0	0.0	0.18181818181818182	0.2	0.3333333333333333	0.0	0.0	0.2222222222222222	0.125	0.17647058823529413	0.21428571428571427	0.21428571428571427	0.375	0.15384615384615385	0.3	0.0	0.3333333333333333	0.25	0.16666666666666666	0.2	0.14285714285714285	0.16666666666666666	0.2857142857142857	0.07692307692307693	0.3157894736842105	0.1875	0.16666666666666666	0.06666666666666667	0.23076923076923078	0.26666666666666666	0.037037037037037035	0.12121212121212122	0.18181818181818182	0.15384615384615385	0.07142857142857142	0.07407407407407407	0.0	0.0	0.0	0.3333333333333333	0.2	0.0	0.0	0.0	
Black Swift	0.0	0.0	0.0	0.0	0.0	0.0	0.0	0.0	0.0	0.0	0.0	0.0	0.0	0.0	0.0	0.0	0.0	0.0	0.0	0.0	0.0	0.0	0.0	0.0	0.0	0.0	0.0	0.0	0.0	0.0	0.0	0.0	0.0	0.0	0.0015	0.0	0.0	0.0	0.0	0.0	0.0	0.0	0.0	0.0	0.0	0.0	0.0	0.0	
Vaux's Swift	0.0	0.0	0.0	0.0	0.0	0.0	0.0	0.0	0.0	0.0	0.0	0.0	0.0	0.0	0.0	0.0	0.0	0.0	0.0	0.0	0.0	0.0	0.0	0.0	0.0	0.0	0.0	0.0	0.0	0.0	0.0	0.0	0.0	0.0	0.0	0.06060606060606061	0.0	0.0	0.0	0.0	0.0	0.0	0.0	0.0	0.0	0.0	0.0	0.0	
Anna's Hummingbird	0.0	0.0	0.125	0.0	0.2	0.3333333333333333	0.36363636363636365	0.4	0.0	0.0	0.0	0.1111111111111111	0.125	0.14705882352941177	0.07142857142857142	0.07142857142857142	0.0	0.0	0.0	0.0	0.3333333333333333	0.0	0.0	0.0	0.14285714285714285	0.3333333333333333	0.0	0.0	0.10526315789473684	0.1875	0.08333333333333333	0.06666666666666667	0.15384615384615385	0.2	0.2962962962962963	0.21212121212121213	0.18181818181818182	0.07692307692307693	0.14285714285714285	0.037037037037037035	0.0	0.2222222222222222	0.0	0.0	0.6	0.0	0.0	0.0	
Rufous Hummingbird	0.0	0.0	0.0	0.0	0.0	0.0	0.0	0.0	0.0	0.0	0.0	0.0	0.0	0.029411764705882353	0.0	0.07142857142857142	0.0	0.0	0.0	0.0	0.0	0.75	0.0	0.0	0.0	0.0	0.0	0.0	0.0	0.0	0.08333333333333333	0.0	0.0	0.0	0.0	0.0	0.0	0.0	0.0	0.0	0.0	0.0	0.0	0.0	0.0	0.0	0.0	0.0	
hummingbird sp.	0.0	0.0	0.0	0.0	0.0	0.0	0.0	0.0	0.0	0.0	0.0	0.0	0.0	0.029411764705882353	0.0	0.0	0.0	0.07692307692307693	0.0	0.0	0.0	0.0	0.0	0.0	0.0	0.0	0.0	0.0	0.0	0.0625	0.08333333333333333	0.0	0.0	0.0	0.037037037037037035	0.0	0.0	0.0	0.0	0.0	0.0	0.0	0.0	0.0	0.0	0.0	0.0	0.0	
American Coot	0.0	0.0	0.125	0.3333333333333333	0.0	0.0	0.09090909090909091	0.0	0.0	0.0	0.0	0.0	0.0	0.0015	0.07142857142857142	0.0	0.0	0.0	0.0	0.2	0.0	0.0	0.0	0.0	0.14285714285714285	0.0	0.0	0.0	0.0	0.0	0.0	0.0	0.0	0.0	0.0	0.0	0.0	0.0	0.0	0.0	0.0	0.0	0.0	0.0	0.0	0.125	0.0	0.0	
Sandhill Crane	0.0	0.0	0.0	0.0	0.0	0.0	0.0	0.0	0.0	0.0	0.0	0.0	0.0	0.0	0.0	0.0	0.0	0.0	0.0	0.0	0.0	0.0	0.0	0.0	0.0	0.0	0.0	0.0	0.0	0.0	0.0	0.0	0.0	0.0	0.0	0.06060606060606061	0.0	0.0	0.0	0.0	0.0	0.0	0.0	0.0	0.0	0.0	0.0	0.0	
Black Oystercatcher	0.0	0.0	0.0	0.3333333333333333	0.0	0.2222222222222222	0.2727272727272727	0.2	0.0	0.125	0.16666666666666666	0.3333333333333333	0.5	0.20588235294117646	0.14285714285714285	0.07142857142857142	0.25	0.07692307692307693	0.0	0.0	0.0	0.0	0.0	0.2	0.42857142857142855	0.16666666666666666	0.0	0.3076923076923077	0.05263157894736842	0.0	0.08333333333333333	0.0	0.0	0.06666666666666667	0.0	0.0	0.0	0.0	0.0	0.037037037037037035	0.0	0.1111111111111111	0.0	0.0	0.0	0.0	0.0	0.0	
Black-bellied Plover	0.8571428571428571	0.4444444444444444	0.25	0.3333333333333333	0.8	0.7777777777777778	0.8181818181818182	0.8	0.3333333333333333	0.75	0.0015	0.6666666666666666	0.625	0.7352941176470589	0.7142857142857143	0.5714285714285714	0.875	0.38461538461538464	0.2	0.6	0.3333333333333333	0.0	0.0	0.2	0.14285714285714285	0.6666666666666666	0.2857142857142857	1.0	0.7368421052631579	0.6875	0.75	0.4666666666666667	0.7692307692307693	0.4	0.7037037037037037	0.7272727272727273	0.7272727272727273	0.6923076923076923	0.5	0.5555555555555556	0.5714285714285714	0.6666666666666666	0.25	1.0	0.8	0.5	0.3333333333333333	0.25	
American Golden-Plover	0.0	0.0	0.0	0.0	0.0	0.0	0.0	0.0	0.0	0.0	0.0	0.0	0.0	0.0	0.0	0.0	0.0	0.0	0.0	0.0	0.0	0.0	0.0	0.0	0.0	0.0	0.0	0.0	0.0	0.0	0.0	0.0	0.15384615384615385	0.0	0.2222222222222222	0.21212121212121213	0.0	0.0	0.0	0.0	0.0	0.0	0.0	0.0	0.0	0.0	0.0	0.0	
Pacific Golden-Plover	0.0	0.0	0.0	0.0	0.0	0.0	0.0	0.0	0.0	0.0	0.0	0.0	0.0	0.0	0.0	0.0	0.0	0.0	0.0	0.0	0.0	0.0	0.0	0.0	0.0	0.0	0.0	0.0	0.0	0.0	0.08333333333333333	0.0	0.0	0.2	0.2962962962962963	0.24242424242424243	0.2727272727272727	0.0015	0.0015	0.0015	0.0	0.0	0.0	0.0	0.0	0.0	0.0	0.0	
American/Pacific Golden-Plover (Lesser Golden-Plover)	0.0	0.0	0.0	0.0	0.0	0.0	0.0	0.0	0.0	0.0	0.0	0.0	0.0	0.0	0.0	0.0	0.0	0.0	0.0	0.0	0.0	0.0	0.0	0.0	0.0	0.0	0.0	0.0	0.0	0.0	0.0	0.0	0.0	0.13333333333333333	0.07407407407407407	0.15151515151515152	0.2727272727272727	0.0	0.0015	0.037037037037037035	0.0	0.0	0.0	0.0	0.0	0.0	0.0	0.0	
golden-plover sp.	0.0	0.0	0.0	0.0	0.0	0.0	0.0	0.0	0.0	0.0	0.0	0.0	0.0	0.0	0.0	0.0	0.0	0.0	0.0	0.0	0.0	0.0	0.0	0.0	0.0	0.0	0.0	0.0	0.0	0.0	0.0	0.0	0.0	0.06666666666666667	0.0	0.0	0.0	0.0	0.0	0.0	0.0	0.0	0.0	0.0	0.0	0.0	0.0	0.0	
Black-bellied Plover/golden-plover sp.	0.0	0.0	0.0	0.0	0.0	0.0	0.0	0.0	0.0	0.0	0.0	0.0	0.0	0.0	0.0	0.07142857142857142	0.0	0.0	0.0	0.0	0.0	0.0	0.0	0.0	0.0	0.0	0.0	0.0	0.0	0.0	0.0	0.0	0.0	0.06666666666666667	0.0	0.0	0.0	0.0	0.0	0.0	0.0	0.0	0.0	0.0	0.0	0.0	0.0	0.0	
Semipalmated Plover	0.0	0.0	0.0	0.0	0.0	0.0	0.0	0.0	0.0	0.0	0.0	0.0	0.0	0.029411764705882353	0.0	0.21428571428571427	0.375	0.07692307692307693	0.0	0.0	0.0	0.0	0.0	0.0	0.0	0.3333333333333333	0.5714285714285714	0.5384615384615384	0.47368421052631576	0.25	0.4166666666666667	0.3333333333333333	0.38461538461538464	0.06666666666666667	0.037037037037037035	0.030303030303030304	0.0	0.0	0.0	0.0015	0.0	0.0	0.0	0.0	0.0	0.0	0.0	0.0	
Killdeer	0.0	0.1111111111111111	0.0	0.0	0.0	0.2222222222222222	0.18181818181818182	0.6	0.3333333333333333	0.25	0.16666666666666666	0.1111111111111111	0.625	0.5588235294117647	0.5	0.6428571428571429	0.625	0.5384615384615384	0.2	0.4	0.6666666666666666	0.0	0.5	0.8	0.7142857142857143	0.5	0.42857142857142855	0.38461538461538464	0.5263157894736842	0.5625	0.75	0.26666666666666666	0.5384615384615384	0.4666666666666667	0.5925925925925926	0.5151515151515151	0.5454545454545454	0.46153846153846156	0.21428571428571427	0.14814814814814814	0.14285714285714285	0.1111111111111111	0.25	0.0	0.0	0.0	0.16666666666666666	0.25	
Whimbrel	0.0	0.0	0.0	0.0	0.0	0.0	0.0	0.0	0.0	0.0	0.0	0.0	0.0	0.029411764705882353	0.0015	0.07142857142857142	0.125	0.23076923076923078	0.3	0.0	0.6666666666666666	0.0	0.3333333333333333	0.4	0.2857142857142857	0.3333333333333333	0.0	0.3076923076923077	0.0	0.0	0.0	0.0	0.07692307692307693	0.0	0.0	0.0	0.0	0.07692307692307693	0.0	0.0	0.0	0.0	0.0	0.0	0.0	0.0	0.0	0.0	
Long-billed Curlew	0.0	0.0	0.0	0.0	0.0	0.0	0.0	0.0	0.0	0.0	0.0	0.0	0.0	0.0	0.0	0.0	0.0	0.0	0.0	0.0	0.0	0.0	0.0	0.0	0.0015	0.0	0.0	0.0	0.0	0.0	0.0	0.0	0.0	0.0	0.0	0.0	0.0	0.0	0.0	0.0	0.0	0.0	0.0	0.0	0.0	0.0	0.0	0.0	
Bar-tailed Godwit	0.0	0.0	0.0	0.0	0.0	0.0	0.0	0.0	0.0	0.0	0.0	0.0	0.0	0.0	0.0	0.0	0.0	0.0	0.0	0.0	0.0	0.0	0.0	0.0	0.0	0.0	0.0	0.0	0.15789473684210525	0.0625	0.0	0.0	0.0	0.0	0.0	0.0	0.0	0.0	0.0	0.0	0.0	0.0	0.0	0.0	0.0	0.0	0.0	0.0	
Marbled Godwit	0.14285714285714285	0.5555555555555556	0.375	0.3333333333333333	0.0	0.6666666666666666	0.36363636363636365	0.6	0.3333333333333333	0.25	0.0015	0.2222222222222222	0.125	0.38235294117647056	0.35714285714285715	0.21428571428571427	0.25	0.07692307692307693	0.1	0.0	0.6666666666666666	0.0	0.0	0.0	0.0015	0.0	0.14285714285714285	0.15384615384615385	0.21052631578947367	0.0625	0.0	0.06666666666666667	0.23076923076923078	0.6	0.4074074074074074	0.42424242424242425	0.5454545454545454	0.46153846153846156	0.2857142857142857	0.2962962962962963	0.14285714285714285	0.1111111111111111	0.25	0.3333333333333333	0.4	0.125	0.16666666666666666	0.25	
Ruddy Turnstone	0.0015	0.0	0.0	0.0	0.0	0.0	0.0	0.0	0.0	0.125	0.0	0.0	0.0	0.0	0.0	0.0	0.25	0.0	0.0015	0.0	0.0	0.0	0.0	0.0	0.0	0.16666666666666666	0.0	0.3076923076923077	0.42105263157894735	0.25	0.16666666666666666	0.0	0.07692307692307693	0.0	0.0	0.0	0.0	0.0	0.0	0.0	0.0	0.0	0.0	0.0	0.0	0.0	0.0	0.0	
Black Turnstone	0.14285714285714285	0.1111111111111111	0.0	0.0	0.4	0.2222222222222222	0.18181818181818182	0.2	0.0	0.125	0.0015	0.0	0.25	0.08823529411764706	0.0	0.07142857142857142	0.0	0.0	0.0	0.0	0.0	0.0	0.0	0.0	0.0	0.0	0.14285714285714285	0.0	0.0	0.0	0.08333333333333333	0.0	0.23076923076923078	0.0	0.037037037037037035	0.030303030303030304	0.2727272727272727	0.23076923076923078	0.2857142857142857	0.25925925925925924	0.14285714285714285	0.3333333333333333	0.25	0.3333333333333333	0.0	0.125	0.0	0.0	
Red Knot	0.0	0.0	0.0	0.0	0.0	0.0	0.0	0.0	0.0	0.0	0.0	0.0	0.0	0.0	0.0	0.0	0.25	0.07692307692307693	0.3	0.2	0.0	0.0	0.0	0.0	0.0	0.0	0.0	0.0	0.05263157894736842	0.0625	0.0015	0.0	0.07692307692307693	0.06666666666666667	0.2962962962962963	0.2727272727272727	0.36363636363636365	0.07692307692307693	0.07142857142857142	0.07407407407407407	0.14285714285714285	0.0	0.0	0.0	0.0	0.0	0.0	0.0	
Ruff	0.0	0.0	0.0	0.0	0.0	0.0	0.0	0.0	0.0	0.0	0.0	0.0	0.0	0.0	0.0	0.0	0.0	0.0	0.0	0.0	0.0	0.0	0.0	0.0	0.0	0.0	0.0	0.0	0.0	0.0	0.0	0.0	0.0	0.06666666666666667	0.0	0.030303030303030304	0.0	0.0	0.0	0.0	0.0	0.0	0.0	0.0	0.0	0.0	0.0	0.0	
Sanderling	0.2857142857142857	0.3333333333333333	0.375	0.6666666666666666	0.4	0.6666666666666666	0.45454545454545453	0.4	0.16666666666666666	0.375	0.0	0.3333333333333333	0.5	0.4117647058823529	0.35714285714285715	0.14285714285714285	0.0	0.0	0.0	0.0	0.0	0.0	0.0	0.0	0.0	0.0	0.0	0.3076923076923077	0.3684210526315789	0.3125	0.3333333333333333	0.26666666666666666	0.5384615384615384	0.13333333333333333	0.18518518518518517	0.06060606060606061	0.6363636363636364	0.5384615384615384	0.35714285714285715	0.37037037037037035	0.42857142857142855	0.2222222222222222	0.5	0.3333333333333333	0.8	0.5	0.3333333333333333	0.0	
Dunlin	1.0	0.6666666666666666	0.5	0.6666666666666666	1.0	0.7777777777777778	0.7272727272727273	0.8	0.3333333333333333	0.625	0.3333333333333333	0.6666666666666666	0.75	0.6764705882352942	0.8571428571428571	0.7142857142857143	0.5	0.3076923076923077	0.2	0.2	0.0	0.0	0.0	0.0	0.0	0.0	0.0	0.07692307692307693	0.15789473684210525	0.0625	0.16666666666666666	0.0	0.0	0.0	0.18518518518518517	0.3939393939393939	0.36363636363636365	0.3076923076923077	0.2857142857142857	0.4444444444444444	0.42857142857142855	0.7777777777777778	0.5	1.0	1.0	0.625	0.16666666666666666	0.5	
Least Sandpiper	0.0	0.0	0.0	0.0	0.0	0.1111111111111111	0.0015	0.0	0.0	0.125	0.0	0.0	0.0	0.029411764705882353	0.07142857142857142	0.0	0.25	0.07692307692307693	0.0	0.0	0.0	0.0	0.0	0.0	0.42857142857142855	0.6666666666666666	0.2857142857142857	0.46153846153846156	0.5789473684210527	0.4375	0.5	0.26666666666666666	0.38461538461538464	0.0	0.07407407407407407	0.18181818181818182	0.09090909090909091	0.0	0.07142857142857142	0.0	0.0	0.0	0.0	0.0	0.0	0.0	0.0	0.0	
Pectoral Sandpiper	0.0	0.0	0.0	0.0	0.0	0.0	0.0	0.0	0.0	0.0	0.0	0.0	0.0	0.0	0.0	0.0	0.0	0.0	0.0	0.0	0.0	0.0	0.0	0.0	0.0	0.0	0.0	0.0	0.0	0.0	0.0	0.0	0.0015	0.0015	0.14814814814814814	0.030303030303030304	0.0	0.0	0.0	0.0	0.0	0.0	0.0	0.0	0.0	0.0	0.0	0.0	
Semipalmated Sandpiper	0.0	0.0	0.0	0.0	0.0	0.0	0.0	0.0	0.0	0.0	0.0	0.0	0.0	0.0	0.0	0.0	0.0	0.0	0.0	0.0	0.0	0.0	0.0	0.0	0.14285714285714285	0.16666666666666666	0.0	0.07692307692307693	0.0	0.0	0.08333333333333333	0.0	0.0	0.0	0.0	0.0	0.0	0.0	0.0	0.0	0.0	0.0	0.0	0.0	0.0	0.0	0.0	0.0	
Western Sandpiper	0.0	0.0	0.0	0.0	0.0	0.0	0.0	0.0015	0.16666666666666666	0.0	0.0	0.0	0.0	0.20588235294117646	0.6428571428571429	0.35714285714285715	0.375	0.3076923076923077	0.0	0.2	0.0	0.0	0.0	0.0	0.2857142857142857	0.8333333333333334	0.42857142857142855	0.5384615384615384	0.47368421052631576	0.5625	0.75	0.26666666666666666	0.5384615384615384	0.26666666666666666	0.2962962962962963	0.3939393939393939	0.45454545454545453	0.23076923076923078	0.07142857142857142	0.037037037037037035	0.0	0.0	0.0	0.0	0.0	0.0	0.0	0.0	
Semipalmated/Western Sandpiper	0.0	0.0	0.0	0.0	0.0	0.0	0.0	0.0	0.0	0.0	0.0	0.0	0.0	0.0	0.0	0.0	0.0	0.0	0.0	0.0	0.0	0.0	0.0	0.0	0.0	0.0	0.14285714285714285	0.0	0.0	0.0625	0.0	0.0	0.0	0.0	0.0	0.0	0.0	0.0	0.0	0.0	0.0	0.0	0.0	0.0	0.0	0.0	0.0	0.0	
peep sp.	0.0	0.0	0.0	0.0	0.0	0.1111111111111111	0.0	0.0	0.0	0.0	0.0	0.0	0.0	0.14705882352941177	0.0	0.21428571428571427	0.125	0.07692307692307693	0.0015	0.0	0.0	0.0	0.0	0.2	0.42857142857142855	0.3333333333333333	0.42857142857142855	0.38461538461538464	0.3157894736842105	0.4375	0.16666666666666666	0.4	0.38461538461538464	0.2	0.07407407407407407	0.15151515151515152	0.18181818181818182	0.07692307692307693	0.0	0.037037037037037035	0.14285714285714285	0.0	0.0	0.0	0.0	0.0	0.0	0.0	
Calidris sp.	0.0	0.0	0.0	0.0	0.0	0.0	0.0	0.0	0.0	0.0	0.0	0.0	0.0	0.0	0.0	0.0	0.0	0.0	0.0	0.0	0.0	0.0	0.0	0.0	0.0	0.0	0.0	0.0	0.0	0.0	0.0	0.0	0.0	0.0	0.0	0.030303030303030304	0.0	0.0	0.0	0.037037037037037035	0.14285714285714285	0.0	0.0	0.0	0.0	0.0	0.0	0.0	
Short-billed Dowitcher	0.0	0.0	0.0	0.0	0.0	0.0	0.0	0.0	0.0	0.0	0.0	0.0	0.0	0.11764705882352941	0.21428571428571427	0.14285714285714285	0.125	0.0	0.0015	0.2	0.3333333333333333	0.0	0.0	0.0	0.0	0.16666666666666666	0.14285714285714285	0.5384615384615384	0.47368421052631576	0.5625	0.6666666666666666	0.26666666666666666	0.5384615384615384	0.26666666666666666	0.4074074074074074	0.3333333333333333	0.2727272727272727	0.15384615384615385	0.07142857142857142	0.0	0.0	0.0	0.0	0.0	0.0	0.0	0.0	0.0	
Long-billed Dowitcher	0.0	0.0	0.125	0.0	0.0	0.0	0.0	0.0	0.0	0.0	0.0	0.1111111111111111	0.0	0.058823529411764705	0.07142857142857142	0.14285714285714285	0.125	0.0	0.1	0.0	0.0	0.0	0.0	0.0	0.14285714285714285	0.16666666666666666	0.0	0.23076923076923078	0.10526315789473684	0.125	0.0015	0.06666666666666667	0.0	0.06666666666666667	0.07407407407407407	0.09090909090909091	0.0015	0.15384615384615385	0.14285714285714285	0.037037037037037035	0.0	0.0	0.0	0.0	0.0	0.0	0.0	0.0	
Short-billed/Long-billed Dowitcher	0.0	0.0	0.0	0.0	0.0	0.0	0.0	0.0	0.0	0.0	0.0	0.1111111111111111	0.0	0.20588235294117646	0.0015	0.07142857142857142	0.125	0.0	0.0	0.0	0.0	0.0	0.0	0.0	0.0	0.0	0.14285714285714285	0.23076923076923078	0.15789473684210525	0.25	0.4166666666666667	0.13333333333333333	0.07692307692307693	0.13333333333333333	0.14814814814814814	0.18181818181818182	0.18181818181818182	0.15384615384615385	0.07142857142857142	0.037037037037037035	0.0	0.0	0.0	0.0	0.0	0.0	0.0	0.0	
Wilson's Snipe	0.0	0.0	0.0	0.3333333333333333	0.0	0.0	0.0	0.0	0.0	0.0	0.0	0.0	0.0	0.029411764705882353	0.0	0.0	0.0	0.0	0.0	0.0	0.0	0.0	0.0	0.0	0.0	0.0	0.0	0.0	0.0	0.0	0.0	0.0	0.0	0.0	0.0	0.0	0.0	0.0	0.0	0.0	0.0	0.0	0.0	0.0	0.0	0.0	0.0	0.25	
Spotted Sandpiper	0.0	0.0	0.0	0.0	0.0	0.0	0.0	0.0	0.0	0.0	0.0	0.0	0.0	0.0	0.0	0.0	0.0	0.0	0.0	0.0	0.3333333333333333	0.0	0.0	0.0	0.0	0.0	0.0	0.0	0.0	0.0	0.0	0.0	0.15384615384615385	0.06666666666666667	0.0	0.0	0.0	0.0	0.0	0.0	0.0	0.0	0.0	0.0	0.0	0.0	0.0	0.0	
Greater Yellowlegs	0.0	0.0	0.0	0.0	0.0	0.0	0.0	0.0	0.0	0.0	0.0015	0.2222222222222222	0.375	0.5	0.7142857142857143	0.5714285714285714	0.5	0.0	0.0	0.0	0.0	0.0	0.0	0.0	0.0	0.3333333333333333	0.14285714285714285	0.46153846153846156	0.3684210526315789	0.4375	0.25	0.13333333333333333	0.15384615384615385	0.13333333333333333	0.1111111111111111	0.09090909090909091	0.0	0.15384615384615385	0.21428571428571427	0.1111111111111111	0.0	0.0	0.0	0.0	0.0	0.0	0.0	0.0	
Willet	0.14285714285714285	0.4444444444444444	0.125	0.0015	0.2	0.4444444444444444	0.09090909090909091	0.6	0.3333333333333333	0.375	0.0	0.1111111111111111	0.25	0.29411764705882354	0.14285714285714285	0.0	0.0	0.0	0.0	0.0	0.0	0.0	0.0	0.0	0.0	0.0	0.0	0.0	0.05263157894736842	0.0625	0.08333333333333333	0.13333333333333333	0.3076923076923077	0.3333333333333333	0.1111111111111111	0.15151515151515152	0.18181818181818182	0.15384615384615385	0.35714285714285715	0.14814814814814814	0.2857142857142857	0.2222222222222222	0.25	0.0	0.4	0.5	0.16666666666666666	0.0015	
Lesser Yellowlegs	0.0	0.0	0.0	0.0	0.0	0.0	0.0	0.0	0.0	0.0	0.0	0.0	0.0	0.0015	0.21428571428571427	0.0	0.0	0.0	0.0	0.0	0.0	0.0	0.0	0.0	0.0	0.0	0.0	0.15384615384615385	0.10526315789473684	0.1875	0.08333333333333333	0.0	0.0	0.0	0.037037037037037035	0.09090909090909091	0.0	0.0	0.0	0.0	0.0	0.0	0.0	0.0	0.0	0.0	0.0	0.0	
shorebird sp.	0.0	0.0015	0.0	0.0	0.0	0.0	0.0	0.0	0.0	0.0	0.0	0.0	0.0	0.029411764705882353	0.0	0.0	0.0	0.0	0.0	0.0	0.0	0.0	0.0	0.0	0.0	0.0	0.0	0.0	0.0	0.0	0.0	0.0	0.0	0.0	0.0	0.0	0.0	0.0	0.0	0.0	0.0	0.0	0.0	0.0	0.0	0.125	0.0	0.0	
Parasitic Jaeger	0.0	0.0	0.0	0.0	0.0	0.0	0.0	0.0	0.0	0.0	0.0	0.0	0.0	0.0	0.0	0.0	0.0	0.0	0.0	0.0	0.0	0.0	0.0	0.0	0.0	0.0	0.0	0.0	0.0	0.0	0.0	0.0	0.07692307692307693	0.0	0.0	0.0	0.0	0.0	0.0	0.0	0.0	0.0	0.0	0.0	0.0	0.0	0.0	0.0	
Common Murre	0.0	0.0	0.0	0.0	0.0	0.0	0.0	0.0	0.16666666666666666	0.0	0.0	0.0	0.0	0.029411764705882353	0.0	0.0	0.0	0.0	0.0	0.0	0.0	0.0	0.0015	0.0	0.0	0.0	0.0	0.0	0.0	0.0	0.0	0.0	0.0	0.0	0.1111111111111111	0.0	0.0	0.07692307692307693	0.0	0.037037037037037035	0.14285714285714285	0.0	0.25	0.0	0.0	0.0	0.0	0.0	
Pigeon Guillemot	0.0	0.1111111111111111	0.125	0.0	0.4	0.2222222222222222	0.36363636363636365	0.4	0.16666666666666666	0.0	0.16666666666666666	0.2222222222222222	0.25	0.35294117647058826	0.14285714285714285	0.35714285714285715	0.25	0.07692307692307693	0.1	0.0	0.0	0.0	0.16666666666666666	0.0	0.2857142857142857	0.16666666666666666	0.14285714285714285	0.07692307692307693	0.21052631578947367	0.3125	0.08333333333333333	0.06666666666666667	0.23076923076923078	0.06666666666666667	0.037037037037037035	0.030303030303030304	0.0	0.0	0.0	0.2222222222222222	0.14285714285714285	0.2222222222222222	0.25	0.0	0.6	0.125	0.16666666666666666	0.0	
Marbled Murrelet	0.0	0.0	0.125	0.0	0.0	0.0	0.0	0.0	0.0	0.0	0.0	0.0	0.0	0.0	0.0	0.0	0.0	0.0	0.0	0.0	0.0	0.0	0.0	0.0	0.0	0.0	0.0	0.0	0.0	0.0015	0.0	0.0	0.0	0.0	0.0	0.0	0.0	0.07692307692307693	0.0	0.0	0.0	0.0	0.0	0.0	0.0	0.0	0.0	0.0	
Rhinoceros Auklet	0.0	0.0	0.0	0.0	0.2	0.0	0.0	0.0	0.0	0.0	0.0	0.0	0.125	0.029411764705882353	0.0	0.0	0.0	0.15384615384615385	0.0	0.0	0.0	0.0	0.0015	0.0	0.2857142857142857	0.3333333333333333	0.14285714285714285	0.0	0.2631578947368421	0.0625	0.25	0.0	0.0	0.0	0.07407407407407407	0.0	0.0	0.07692307692307693	0.0	0.037037037037037035	0.0	0.0	0.0	0.0	0.0015	0.0	0.0	0.0	
Tufted Puffin	0.0	0.0	0.0	0.0	0.0	0.0	0.0	0.0	0.0	0.0	0.0	0.0	0.0	0.0	0.0	0.0	0.0	0.0	0.0	0.0	0.0	0.0	0.0	0.0	0.0	0.0	0.0	0.0	0.0	0.0015	0.0	0.0	0.0	0.0	0.0	0.0	0.0	0.0	0.0	0.0	0.0	0.0	0.0	0.0	0.0	0.0	0.0	0.0	
Black-legged Kittiwake	0.0	0.0	0.0	0.0	0.0	0.0	0.0	0.0	0.0	0.0	0.0	0.0	0.0	0.0	0.0	0.0	0.0	0.0	0.0	0.0	0.0	0.0	0.0	0.0	0.0	0.0	0.0	0.0	0.0	0.0	0.0	0.0	0.0	0.0	0.0	0.0	0.0	0.07692307692307693	0.0	0.0	0.0	0.0	0.0	0.0	0.0	0.0	0.0	0.0	
Bonaparte's Gull	0.0	0.0	0.0	0.0	0.0	0.0	0.0	0.0	0.0	0.0	0.0	0.0	0.0015	0.0	0.0	0.0	0.0	0.0	0.0	0.0	0.3333333333333333	0.0	0.0	0.0	0.14285714285714285	0.0	0.0	0.0	0.05263157894736842	0.125	0.08333333333333333	0.0	0.23076923076923078	0.06666666666666667	0.0	0.030303030303030304	0.0	0.0	0.0	0.1111111111111111	0.0	0.0	0.0	0.0	0.0	0.0	0.0	0.0	
Heermann's Gull	0.0	0.0	0.0	0.0	0.0	0.0	0.0	0.0	0.0	0.0	0.0	0.0	0.0	0.0	0.0	0.0	0.0	0.0	0.0	0.0	0.0	0.0	0.0	0.0	0.0	0.0	0.0	0.0	0.10526315789473684	0.125	0.25	0.13333333333333333	0.38461538461538464	0.2	0.037037037037037035	0.12121212121212122	0.09090909090909091	0.07692307692307693	0.2857142857142857	0.2222222222222222	0.0	0.0	0.0	0.0	0.0	0.0	0.0	0.0	
Mew Gull	0.8571428571428571	0.5555555555555556	0.375	0.3333333333333333	0.4	0.7777777777777778	0.5454545454545454	0.8	0.5	0.375	0.0	0.5555555555555556	0.75	0.5588235294117647	0.5714285714285714	0.2857142857142857	0.375	0.07692307692307693	0.0	0.0	0.0	0.0	0.0	0.0	0.0	0.0	0.0	0.0	0.0	0.0625	0.0015	0.06666666666666667	0.23076923076923078	0.0	0.2222222222222222	0.24242424242424243	0.18181818181818182	0.38461538461538464	0.5	0.5555555555555556	0.2857142857142857	0.5555555555555556	0.5	0.6666666666666666	0.8	0.625	0.3333333333333333	0.25	
Ring-billed Gull	0.0	0.1111111111111111	0.125	0.3333333333333333	0.2	0.0	0.09090909090909091	0.0	0.0	0.0	0.0	0.0	0.125	0.0	0.0	0.07142857142857142	0.0	0.0	0.0	0.0	0.3333333333333333	0.0	0.16666666666666666	0.0	0.2857142857142857	0.16666666666666666	0.14285714285714285	0.46153846153846156	0.5789473684210527	0.5625	0.6666666666666666	0.7333333333333333	0.7692307692307693	0.6666666666666666	0.5185185185185185	0.5757575757575758	0.7272727272727273	0.6153846153846154	0.35714285714285715	0.3333333333333333	0.2857142857142857	0.0	0.0	0.0	0.0	0.125	0.0	0.0	
Western Gull	0.5714285714285714	0.8888888888888888	0.625	0.6666666666666666	0.8	0.8888888888888888	0.6363636363636364	0.8	0.6666666666666666	0.375	0.5	0.3333333333333333	0.375	0.4411764705882353	0.2857142857142857	0.5	0.625	0.7692307692307693	0.8	0.2	0.3333333333333333	0.25	0.0	0.0	0.14285714285714285	0.0	0.0	0.3076923076923077	0.3157894736842105	0.0	0.08333333333333333	0.2	0.46153846153846156	0.13333333333333333	0.3333333333333333	0.18181818181818182	0.18181818181818182	0.38461538461538464	0.35714285714285715	0.2962962962962963	0.42857142857142855	0.3333333333333333	0.25	0.6666666666666666	0.8	0.625	0.5	0.5	
California Gull	0.0	0.1111111111111111	0.125	0.0	0.2	0.2222222222222222	0.2727272727272727	0.0	0.0	0.125	0.0	0.1111111111111111	0.125	0.058823529411764705	0.0	0.2857142857142857	0.25	0.0	0.2	0.0	0.3333333333333333	0.0	0.16666666666666666	0.4	0.2857142857142857	0.6666666666666666	0.5714285714285714	0.7692307692307693	0.6842105263157895	0.75	0.6666666666666666	0.7333333333333333	1.0	0.9333333333333333	0.8148148148148148	0.696969696969697	0.7272727272727273	0.6153846153846154	0.5714285714285714	0.5185185185185185	0.42857142857142855	0.0	0.0	1.0	0.4	0.0	0.0	0.0	
Herring Gull	0.42857142857142855	0.2222222222222222	0.0	0.3333333333333333	0.0	0.4444444444444444	0.09090909090909091	0.2	0.0	0.0	0.16666666666666666	0.0	0.0	0.058823529411764705	0.07142857142857142	0.0	0.125	0.07692307692307693	0.0	0.0	0.0	0.0	0.0	0.0	0.0	0.0	0.0	0.0	0.05263157894736842	0.0	0.0	0.06666666666666667	0.15384615384615385	0.0	0.07407407407407407	0.0	0.0	0.07692307692307693	0.2857142857142857	0.1111111111111111	0.14285714285714285	0.1111111111111111	0.0	0.0	0.0	0.125	0.16666666666666666	0.0	
Iceland Gull	0.42857142857142855	0.0	0.0	0.0	0.0	0.1111111111111111	0.0	0.0	0.0	0.0	0.0	0.0	0.0	0.0	0.0	0.0	0.0	0.0	0.0	0.0	0.0	0.0	0.0	0.0	0.0	0.0	0.0	0.0	0.0	0.0	0.0	0.0	0.0	0.0	0.037037037037037035	0.0	0.0	0.0	0.0	0.1111111111111111	0.0	0.1111111111111111	0.0	0.0	0.0	0.125	0.3333333333333333	0.0	
Herring/Iceland Gull	0.14285714285714285	0.0	0.0	0.0	0.0	0.0	0.09090909090909091	0.0	0.0	0.0	0.0	0.0	0.0	0.0	0.0	0.0	0.0	0.0	0.0	0.0	0.0	0.0	0.0	0.0	0.0	0.0	0.0	0.0	0.0	0.0	0.0	0.0	0.0	0.0	0.0	0.0	0.0	0.0	0.0	0.0	0.0	0.0	0.0	0.0	0.0	0.0	0.0	0.0	
Glaucous-winged Gull	0.7142857142857143	0.7777777777777778	0.625	0.0	0.6	0.6666666666666666	0.6363636363636364	0.6	0.8333333333333334	0.5	0.6666666666666666	0.4444444444444444	0.375	0.6470588235294118	0.7857142857142857	0.42857142857142855	0.75	0.6923076923076923	0.6	0.8	0.3333333333333333	0.0	0.5	0.8	0.8571428571428571	0.6666666666666666	0.5714285714285714	0.7692307692307693	0.5263157894736842	0.5625	0.5	0.4666666666666667	0.38461538461538464	0.8	0.5185185185185185	0.5757575757575758	0.7272727272727273	0.5384615384615384	0.5	0.5185185185185185	0.5714285714285714	0.2222222222222222	0.5	1.0	0.6	0.75	0.5	0.75	
Western x Glaucous-winged Gull (hybrid)	0.8571428571428571	0.5555555555555556	0.5	0.0	0.0	0.3333333333333333	0.36363636363636365	0.0	0.5	0.375	0.3333333333333333	0.2222222222222222	0.25	0.3235294117647059	0.5714285714285714	0.21428571428571427	0.5	0.3076923076923077	0.3	0.6	0.6666666666666666	0.0	0.3333333333333333	0.2	0.2857142857142857	0.16666666666666666	0.2857142857142857	0.07692307692307693	0.3157894736842105	0.1875	0.25	0.06666666666666667	0.23076923076923078	0.4	0.4074074074074074	0.3939393939393939	0.2727272727272727	0.46153846153846156	0.2857142857142857	0.48148148148148145	0.42857142857142855	0.3333333333333333	0.25	0.6666666666666666	0.6	0.75	0.6666666666666666	0.25	
Herring x Glaucous-winged Gull (hybrid)	0.42857142857142855	0.0	0.0	0.0	0.0	0.0	0.0	0.0	0.0	0.0	0.0	0.0	0.0	0.0	0.0	0.0	0.0	0.0	0.0	0.0	0.0	0.0	0.0	0.0	0.0	0.0	0.0	0.0	0.0	0.0	0.0	0.0	0.0	0.0	0.0	0.0	0.0	0.07692307692307693	0.0	0.037037037037037035	0.0	0.0	0.0	0.0	0.0	0.0	0.0	0.0	
Western/Glaucous-winged Gull	0.14285714285714285	0.0	0.25	0.0	0.4	0.1111111111111111	0.36363636363636365	0.2	0.0	0.0	0.0	0.2222222222222222	0.125	0.08823529411764706	0.0	0.21428571428571427	0.25	0.15384615384615385	0.3	0.0	0.3333333333333333	0.0	0.0	0.0	0.14285714285714285	0.16666666666666666	0.0	0.3076923076923077	0.2631578947368421	0.25	0.16666666666666666	0.06666666666666667	0.38461538461538464	0.06666666666666667	0.14814814814814814	0.18181818181818182	0.09090909090909091	0.15384615384615385	0.07142857142857142	0.1111111111111111	0.0	0.4444444444444444	0.0	0.0	0.2	0.0	0.0	0.0	
Larus sp.	0.14285714285714285	0.1111111111111111	0.25	0.0	0.2	0.1111111111111111	0.09090909090909091	0.2	0.16666666666666666	0.0	0.0	0.2222222222222222	0.125	0.23529411764705882	0.07142857142857142	0.21428571428571427	0.375	0.07692307692307693	0.1	0.2	0.3333333333333333	0.0	0.0	0.0	0.14285714285714285	0.5	0.14285714285714285	0.15384615384615385	0.21052631578947367	0.3125	0.16666666666666666	0.0	0.3076923076923077	0.13333333333333333	0.18518518518518517	0.24242424242424243	0.36363636363636365	0.07692307692307693	0.07142857142857142	0.2222222222222222	0.42857142857142855	0.1111111111111111	0.25	0.3333333333333333	0.4	0.0	0.0	0.0	
gull sp.	0.2857142857142857	0.4444444444444444	0.25	0.6666666666666666	0.2	0.5555555555555556	0.18181818181818182	0.0	0.0	0.125	0.5	0.3333333333333333	0.125	0.20588235294117646	0.14285714285714285	0.2857142857142857	0.5	0.23076923076923078	0.2	0.4	0.0	0.0	0.16666666666666666	0.0	0.42857142857142855	0.0	0.14285714285714285	0.15384615384615385	0.05263157894736842	0.25	0.3333333333333333	0.5333333333333333	0.46153846153846156	0.2	0.18518518518518517	0.42424242424242425	0.36363636363636365	0.46153846153846156	0.2857142857142857	0.2222222222222222	0.5714285714285714	0.4444444444444444	0.25	0.6666666666666666	0.4	0.25	0.0	0.0	
Caspian Tern	0.0	0.0	0.0	0.0	0.0	0.0	0.0	0.0	0.0	0.0	0.0	0.0	0.625	0.5882352941176471	0.5	0.6428571428571429	0.75	0.6923076923076923	0.7	1.0	1.0	0.75	0.6666666666666666	0.8	0.8571428571428571	0.5	0.5714285714285714	0.46153846153846156	0.7894736842105263	0.625	0.4166666666666667	0.4	0.9230769230769231	0.5333333333333333	0.4444444444444444	0.24242424242424243	0.0	0.0	0.0	0.0	0.14285714285714285	0.0	0.0	0.0	0.0	0.0	0.0	0.0	
Elegant Tern	0.0	0.0	0.0	0.0	0.0	0.0	0.0	0.0	0.0	0.0	0.0	0.0	0.0	0.0	0.0	0.0	0.0	0.0	0.0	0.0	0.0	0.0	0.0	0.0	0.0	0.0	0.0	0.0	0.0	0.0	0.0	0.06666666666666667	0.0	0.0	0.0	0.0	0.0	0.0	0.0	0.0	0.0	0.0	0.0	0.0	0.0	0.0	0.0	0.0	
tern sp.	0.0	0.0	0.0	0.0	0.0	0.0	0.0	0.0	0.0	0.0	0.0	0.0	0.0	0.0	0.0	0.0	0.0	0.0	0.0	0.0	0.0	0.0	0.0	0.0	0.0	0.0015	0.0	0.0	0.0	0.0	0.0	0.0	0.0	0.0	0.0	0.0	0.0	0.0	0.0	0.0	0.0	0.0	0.0	0.0	0.0	0.0	0.0	0.0	
Red-throated Loon	0.0	0.2222222222222222	0.125	0.0	0.0	0.0	0.09090909090909091	0.0	0.0	0.0	0.0	0.1111111111111111	0.125	0.2647058823529412	0.0	0.14285714285714285	0.0	0.0	0.1	0.0	0.0	0.0	0.0	0.0	0.0	0.16666666666666666	0.0	0.0	0.0	0.0	0.0	0.0	0.0	0.0	0.0	0.0	0.0	0.0	0.0	0.0	0.0	0.0	0.0	0.0	0.0	0.25	0.0	0.0	
Pacific Loon	0.0	0.0	0.25	0.0	0.0	0.0	0.0	0.0	0.0	0.0	0.16666666666666666	0.0	0.0	0.058823529411764705	0.0	0.0	0.0	0.0	0.1	0.0	0.0	0.0	0.0	0.0	0.0	0.0	0.0	0.0	0.0	0.0	0.0	0.0	0.0	0.0	0.0	0.0	0.0	0.0	0.0	0.037037037037037035	0.0	0.0	0.0015	0.0	0.0	0.125	0.0	0.0	
Common Loon	0.2857142857142857	0.0	0.25	0.0	0.0	0.0	0.18181818181818182	0.0	0.16666666666666666	0.25	0.16666666666666666	0.2222222222222222	0.125	0.08823529411764706	0.0	0.0	0.0	0.0	0.0	0.0	0.0	0.0	0.0	0.2	0.0	0.0	0.0	0.0	0.10526315789473684	0.0	0.0	0.0	0.0	0.0	0.2222222222222222	0.030303030303030304	0.18181818181818182	0.07692307692307693	0.0	0.25925925925925924	0.2857142857142857	0.2222222222222222	0.25	0.0	0.2	0.5	0.0	0.0	
loon sp.	0.0	0.0	0.125	0.0	0.0	0.0	0.0	0.0	0.0	0.0	0.0	0.0	0.0	0.0	0.0	0.0	0.0	0.0	0.0	0.0	0.0	0.0	0.0	0.0	0.0	0.0	0.0	0.0	0.0	0.0	0.0	0.0	0.0	0.0	0.07407407407407407	0.0	0.0	0.0	0.0	0.0	0.0	0.0	0.0	0.0	0.0	0.0	0.0	0.0	
Brandt's Cormorant	0.0	0.0	0.125	0.0	0.2	0.0	0.09090909090909091	0.0	0.0	0.125	0.0	0.0	0.0	0.029411764705882353	0.0	0.07142857142857142	0.125	0.07692307692307693	0.0	0.0	0.0	0.0	0.0	0.0	0.0	0.0	0.0	0.0	0.0	0.0	0.0	0.0	0.0	0.06666666666666667	0.0	0.030303030303030304	0.0	0.07692307692307693	0.07142857142857142	0.18518518518518517	0.2857142857142857	0.0	0.0	0.3333333333333333	0.2	0.125	0.0	0.0	
Pelagic Cormorant	0.2857142857142857	0.1111111111111111	0.125	0.6666666666666666	0.4	0.2222222222222222	0.36363636363636365	0.4	0.16666666666666666	0.25	0.16666666666666666	0.4444444444444444	0.25	0.3235294117647059	0.21428571428571427	0.35714285714285715	0.25	0.15384615384615385	0.3	0.0	0.0	0.0	0.16666666666666666	0.0	0.14285714285714285	0.0	0.14285714285714285	0.23076923076923078	0.15789473684210525	0.3125	0.4166666666666667	0.0	0.6153846153846154	0.6666666666666666	0.37037037037037035	0.36363636363636365	0.5454545454545454	0.46153846153846156	0.2857142857142857	0.5555555555555556	0.42857142857142855	0.4444444444444444	0.5	1.0	0.8	0.5	0.0	0.0	
Double-crested Cormorant	0.8571428571428571	0.6666666666666666	0.5	0.6666666666666666	1.0	0.6666666666666666	0.8181818181818182	0.6	0.5	0.5	0.3333333333333333	0.6666666666666666	1.0	0.7058823529411765	0.7142857142857143	0.6428571428571429	0.75	0.46153846153846156	0.6	0.4	1.0	0.75	0.0	0.2	0.42857142857142855	0.6666666666666666	0.2857142857142857	0.3076923076923077	0.2631578947368421	0.3125	0.25	0.3333333333333333	0.8461538461538461	1.0	0.5925925925925926	0.696969696969697	0.7272727272727273	0.6153846153846154	0.5714285714285714	0.8518518518518519	0.7142857142857143	0.6666666666666666	0.75	1.0	1.0	0.875	0.5	0.75	
cormorant sp.	0.0	0.4444444444444444	0.25	0.3333333333333333	0.2	0.3333333333333333	0.0	0.0	0.0	0.0	0.16666666666666666	0.0	0.0	0.08823529411764706	0.14285714285714285	0.14285714285714285	0.25	0.0	0.1	0.0	0.0	0.0	0.0	0.0	0.14285714285714285	0.0	0.0	0.07692307692307693	0.10526315789473684	0.0625	0.25	0.3333333333333333	0.38461538461538464	0.13333333333333333	0.1111111111111111	0.15151515151515152	0.2727272727272727	0.23076923076923078	0.21428571428571427	0.14814814814814814	0.5714285714285714	0.1111111111111111	0.0	0.3333333333333333	0.0	0.0	0.0	0.25	
American White Pelican	0.0	0.0	0.0	0.0	0.0	0.0	0.0	0.0	0.0	0.0	0.0	0.0	0.0	0.0	0.0	0.0	0.0	0.0	0.0	0.0	0.0	0.0015	0.0	0.0	0.0015	0.0	0.0	0.0	0.0	0.0	0.0	0.0	0.0	0.0	0.0	0.0	0.0	0.0	0.0	0.0	0.0	0.0	0.0	0.0	0.0	0.0	0.0	0.0	
Brown Pelican	0.0	0.0	0.0	0.0	0.0	0.0	0.0	0.0	0.0	0.0	0.0	0.0	0.0	0.0	0.0	0.0	0.0	0.0	0.0	0.0	0.0	0.0	0.0	0.0	0.0	0.0	0.0	0.0	0.0	0.0	0.0	0.0	0.0	0.0	0.0	0.09090909090909091	0.0	0.0015	0.0	0.0	0.0	0.0	0.0	0.0	0.0	0.0	0.0	0.0	
Great Blue Heron	0.7142857142857143	0.5555555555555556	0.5	1.0	0.8	0.7777777777777778	0.6363636363636364	0.4	0.3333333333333333	0.5	0.16666666666666666	0.4444444444444444	0.625	0.5294117647058824	0.5	0.5714285714285714	0.875	0.6923076923076923	0.8	0.8	1.0	0.5	0.5	0.4	0.5714285714285714	0.6666666666666666	0.7142857142857143	0.7692307692307693	0.7894736842105263	0.8125	0.75	0.7333333333333333	0.9230769230769231	0.9333333333333333	0.7777777777777778	0.8484848484848485	0.9090909090909091	0.6923076923076923	0.6428571428571429	0.5925925925925926	0.2857142857142857	0.5555555555555556	0.75	0.6666666666666666	0.8	0.625	0.6666666666666666	0.0	
Turkey Vulture	0.0	0.0	0.0	0.0	0.0	0.0	0.0	0.0	0.0	0.0	0.0	0.0	0.0	0.0015	0.07142857142857142	0.0	0.25	0.0	0.0	0.0	0.0	0.0	0.16666666666666666	0.0	0.0	0.0	0.0	0.0	0.10526315789473684	0.0	0.08333333333333333	0.0	0.07692307692307693	0.0	0.037037037037037035	0.0	0.0	0.0	0.0	0.0	0.0	0.0	0.0	0.0	0.0	0.0	0.0	0.0	
Osprey	0.0	0.0	0.0	0.0	0.0	0.0	0.0	0.0	0.0	0.0	0.0	0.0	0.0	0.0	0.0	0.0015	0.0	0.0	0.0	0.0	0.0	0.0	0.0	0.0	0.14285714285714285	0.0	0.14285714285714285	0.0	0.0	0.0625	0.0	0.0	0.0	0.06666666666666667	0.0	0.0015	0.0	0.0	0.0	0.0	0.0	0.0	0.0	0.0	0.0	0.0	0.0	0.0	
Northern Harrier	0.2857142857142857	0.5555555555555556	0.125	0.0	0.2	0.2222222222222222	0.6363636363636364	0.4	0.3333333333333333	0.5	0.0	0.3333333333333333	0.25	0.3235294117647059	0.14285714285714285	0.35714285714285715	0.0015	0.07692307692307693	0.0	0.2	0.3333333333333333	0.0	0.3333333333333333	0.2	0.0	0.3333333333333333	0.2857142857142857	0.3076923076923077	0.5789473684210527	0.0625	0.08333333333333333	0.0	0.0	0.13333333333333333	0.25925925925925924	0.15151515151515152	0.18181818181818182	0.15384615384615385	0.21428571428571427	0.14814814814814814	0.14285714285714285	0.7777777777777778	0.75	0.3333333333333333	0.6	0.5	0.5	0.25	
Sharp-shinned Hawk	0.0	0.0	0.0	0.0	0.0	0.0	0.0	0.0	0.0	0.0	0.0	0.0	0.0	0.029411764705882353	0.07142857142857142	0.07142857142857142	0.0	0.0	0.0	0.0	0.0	0.0	0.0	0.0	0.0	0.0	0.0	0.0	0.0	0.0	0.0	0.0	0.0	0.06666666666666667	0.037037037037037035	0.0	0.09090909090909091	0.0	0.0	0.0	0.0	0.0	0.0	0.0	0.2	0.0	0.0	0.0	
Cooper's Hawk	0.0	0.0	0.0	0.0	0.0	0.0	0.0	0.0	0.0	0.0	0.0	0.0	0.125	0.17647058823529413	0.0	0.0	0.0	0.07692307692307693	0.0	0.0	0.3333333333333333	0.0	0.0	0.0	0.0	0.0	0.0	0.0	0.10526315789473684	0.0	0.0	0.0015	0.07692307692307693	0.0	0.0	0.06060606060606061	0.0	0.0	0.0	0.037037037037037035	0.0	0.1111111111111111	0.0	0.0	0.0	0.0	0.0	0.0	
Accipiter sp.	0.0	0.0	0.0	0.0	0.0	0.0	0.0	0.4	0.0	0.0	0.0	0.0	0.0	0.0	0.0	0.0	0.0	0.0	0.0	0.0	0.0	0.0	0.0	0.0	0.0	0.0	0.0	0.0	0.0	0.0	0.0	0.0	0.0	0.0	0.0	0.0	0.0	0.0	0.0	0.0	0.0	0.0	0.0	0.0	0.0	0.0	0.0	0.0	
Bald Eagle	1.0	1.0	1.0	1.0	1.0	0.7777777777777778	0.7272727272727273	0.8	0.8333333333333334	0.75	0.5	0.8888888888888888	0.875	0.9117647058823529	1.0	1.0	1.0	0.8461538461538461	1.0	0.8	1.0	1.0	0.6666666666666666	0.4	0.7142857142857143	0.6666666666666666	1.0	0.9230769230769231	0.7368421052631579	0.6875	0.8333333333333334	0.8	0.6923076923076923	0.5333333333333333	0.5555555555555556	0.5757575757575758	0.9090909090909091	0.9230769230769231	0.6428571428571429	0.7407407407407407	0.7142857142857143	0.6666666666666666	0.75	1.0	1.0	0.75	0.6666666666666666	0.5	
Red-tailed Hawk	0.0	0.4444444444444444	0.125	0.3333333333333333	0.0	0.1111111111111111	0.18181818181818182	0.4	0.16666666666666666	0.125	0.0	0.0	0.25	0.08823529411764706	0.14285714285714285	0.0	0.0	0.0	0.0015	0.0	0.0	0.0	0.0	0.2	0.0	0.16666666666666666	0.0	0.07692307692307693	0.0	0.0625	0.0	0.06666666666666667	0.07692307692307693	0.06666666666666667	0.1111111111111111	0.09090909090909091	0.09090909090909091	0.07692307692307693	0.0	0.14814814814814814	0.14285714285714285	0.3333333333333333	0.25	0.6666666666666666	0.4	0.125	0.3333333333333333	0.0	
Rough-legged Hawk	0.0	0.0	0.0	0.0	0.0	0.0	0.0	0.0	0.0	0.0	0.0	0.0	0.0	0.0	0.0	0.0	0.0	0.0	0.0	0.0	0.0	0.0	0.0	0.0	0.0	0.0	0.0	0.0	0.0	0.0	0.0	0.0	0.0	0.0	0.0	0.0	0.0	0.0	0.0	0.0	0.0	0.0	0.0	0.3333333333333333	0.0	0.125	0.0	0.0	
Barn Owl	0.0	0.0	0.0	0.0	0.0	0.0	0.09090909090909091	0.0	0.0	0.0	0.0	0.0	0.0	0.0	0.0	0.0	0.0	0.0	0.0	0.0	0.0	0.0	0.0	0.0	0.0	0.0	0.0	0.0	0.0	0.0	0.0	0.0	0.0	0.0	0.0	0.0	0.0	0.0	0.0	0.0	0.0	0.0	0.0	0.0	0.0	0.0	0.0	0.0	
Short-eared Owl	0.0	0.0	0.0	0.0	0.0	0.0	0.0	0.0	0.0	0.0	0.0	0.0	0.125	0.0	0.0	0.0	0.0	0.0	0.0	0.0	0.0	0.0	0.0	0.0	0.0	0.0	0.0	0.0	0.0	0.0	0.0	0.0	0.0	0.0	0.0	0.0	0.0	0.0	0.0	0.0	0.0	0.2222222222222222	0.0	0.0	0.0	0.0	0.0	0.0	
Belted Kingfisher	0.2857142857142857	0.5555555555555556	0.25	0.6666666666666666	0.6	0.7777777777777778	0.5454545454545454	0.4	0.3333333333333333	0.375	0.16666666666666666	0.5555555555555556	0.5	0.7647058823529411	0.6428571428571429	0.5	0.5	0.38461538461538464	0.4	0.4	0.3333333333333333	0.0	0.3333333333333333	0.6	0.2857142857142857	0.5	0.7142857142857143	0.5384615384615384	0.631578947368421	0.5625	0.5	0.3333333333333333	0.8461538461538461	0.6	0.48148148148148145	0.30303030303030304	0.6363636363636364	0.46153846153846156	0.5	0.37037037037037035	0.42857142857142855	0.6666666666666666	0.5	1.0	1.0	0.5	0.5	0.25	
Lewis's Woodpecker	0.0	0.0	0.0	0.0	0.0	0.0	0.0	0.0	0.0	0.0	0.0	0.0	0.0	0.0	0.0	0.0	0.0	0.0	0.0	0.0	0.0	0.0	0.0	0.0	0.0	0.0	0.0	0.0	0.0	0.0	0.0	0.0	0.0	0.0	0.0	0.0	0.0	0.0	0.0	0.037037037037037035	0.0	0.0	0.0	0.0	0.0	0.0	0.0	0.0	
Downy Woodpecker	0.0	0.0	0.125	0.0	0.2	0.0	0.0	0.0	0.0	0.0	0.0	0.0	0.0	0.0	0.0	0.07142857142857142	0.0	0.0	0.0	0.0	0.0	0.0	0.0	0.0	0.0	0.0	0.0	0.07692307692307693	0.05263157894736842	0.0	0.08333333333333333	0.0	0.0	0.0	0.07407407407407407	0.030303030303030304	0.0	0.07692307692307693	0.14285714285714285	0.07407407407407407	0.0	0.1111111111111111	0.0	0.0	0.2	0.0	0.0	0.0	
Hairy Woodpecker	0.0	0.0	0.0	0.0	0.0	0.0	0.0	0.0	0.0	0.0	0.0	0.0	0.0	0.0	0.0	0.0	0.0	0.0	0.0	0.0	0.0	0.0	0.0	0.0	0.0	0.0	0.0	0.0	0.05263157894736842	0.0	0.0	0.0	0.0	0.0	0.0	0.030303030303030304	0.0	0.0	0.0	0.0	0.0	0.0	0.0	0.0	0.0	0.0	0.0	0.0	
Pileated Woodpecker	0.0	0.0	0.0	0.0	0.0	0.0	0.09090909090909091	0.0	0.0	0.0	0.0	0.0	0.0	0.0	0.0	0.0	0.0	0.0	0.0	0.0	0.0	0.0	0.0	0.0	0.0	0.0	0.0	0.0	0.0	0.0	0.0	0.0	0.0	0.0	0.0	0.0	0.0	0.0	0.0	0.0	0.0	0.0	0.0	0.0	0.0	0.0	0.0	0.0	
Northern Flicker	0.0	0.0	0.25	0.0	0.4	0.4444444444444444	0.18181818181818182	0.0	0.16666666666666666	0.0	0.3333333333333333	0.1111111111111111	0.0	0.08823529411764706	0.0	0.0	0.0	0.0	0.0	0.2	0.0	0.0	0.16666666666666666	0.0	0.0	0.16666666666666666	0.14285714285714285	0.07692307692307693	0.10526315789473684	0.0	0.08333333333333333	0.0	0.0	0.0	0.18518518518518517	0.3333333333333333	0.45454545454545453	0.38461538461538464	0.0	0.2962962962962963	0.14285714285714285	0.3333333333333333	0.5	1.0	0.2	0.125	0.16666666666666666	0.0	
American Kestrel	0.0	0.0	0.0	0.3333333333333333	0.0	0.0	0.09090909090909091	0.0	0.0	0.0	0.0	0.0	0.0	0.058823529411764705	0.0	0.0	0.0	0.0	0.0	0.0	0.0	0.0	0.0	0.0	0.0	0.0	0.0	0.0	0.10526315789473684	0.0	0.0	0.0	0.0	0.0015	0.037037037037037035	0.0	0.18181818181818182	0.15384615384615385	0.0	0.0	0.0	0.0	0.0	0.0	0.0	0.0	0.16666666666666666	0.0	
Merlin	0.0	0.0	0.0	0.0	0.0	0.0	0.09090909090909091	0.0	0.0	0.0	0.0	0.1111111111111111	0.0	0.029411764705882353	0.14285714285714285	0.21428571428571427	0.0	0.07692307692307693	0.0	0.0	0.0	0.0	0.0	0.0	0.0	0.0	0.0	0.0	0.0	0.0	0.0	0.0	0.0	0.06666666666666667	0.1111111111111111	0.0	0.0	0.07692307692307693	0.14285714285714285	0.0	0.0	0.0	0.0	0.0	0.0	0.0	0.0	0.0	
Peregrine Falcon	0.0	0.0	0.125	0.0	0.2	0.1111111111111111	0.0	0.0	0.0	0.125	0.0	0.0	0.25	0.029411764705882353	0.07142857142857142	0.0	0.25	0.0	0.1	0.2	0.0	0.0	0.0	0.0	0.0	0.16666666666666666	0.0	0.0	0.10526315789473684	0.0	0.25	0.0	0.07692307692307693	0.06666666666666667	0.1111111111111111	0.09090909090909091	0.0	0.07692307692307693	0.07142857142857142	0.07407407407407407	0.0	0.2222222222222222	0.0	0.0	0.2	0.125	0.16666666666666666	0.0	
Western Wood-Pewee	0.0	0.0	0.0	0.0	0.0	0.0	0.0	0.0	0.0	0.0	0.0	0.0	0.0	0.0	0.0	0.0	0.0	0.0	0.0	0.0	0.0	0.0	0.0	0.0	0.0	0.0	0.0	0.0	0.0015	0.0	0.0	0.0	0.0	0.0	0.0	0.0	0.0	0.0	0.0	0.0	0.0	0.0	0.0	0.0	0.0	0.0	0.0	0.0	
Willow Flycatcher	0.0	0.0	0.0	0.0	0.0	0.0	0.0	0.0	0.0	0.0	0.0	0.0	0.0	0.0	0.0	0.0	0.0	0.0	0.0	0.0	0.0	0.0	0.0	0.0	0.0	0.0	0.0	0.0	0.0015	0.0	0.0	0.0	0.0	0.0	0.0	0.0	0.0	0.0	0.0	0.0	0.0	0.0	0.0	0.0	0.0	0.0	0.0	0.0	
Tropical Kingbird	0.0	0.0	0.0	0.0	0.0	0.0	0.0	0.0	0.0	0.0	0.0	0.0	0.0	0.0	0.0	0.0	0.0	0.0	0.0	0.0	0.0	0.0	0.0	0.0	0.0	0.0	0.0	0.0	0.0	0.0	0.0	0.0	0.0	0.0	0.0	0.0	0.0	0.0	0.0	0.037037037037037035	0.2857142857142857	0.1111111111111111	0.0	0.0	0.0	0.0	0.0	0.0	
Northern Shrike	0.0	0.0	0.0	0.0	0.0	0.0	0.0	0.0	0.0	0.0	0.0	0.0	0.0	0.0	0.0	0.0	0.0	0.0	0.0	0.0	0.0	0.0	0.0	0.0	0.0	0.0	0.0	0.0	0.0	0.0	0.0	0.0	0.0	0.0	0.0	0.0	0.0	0.0	0.0	0.037037037037037035	0.0	0.0	0.0	0.0	0.0	0.0	0.0	0.0	
Hutton's Vireo	0.0	0.0	0.0	0.0	0.0	0.0	0.0	0.0	0.0	0.0	0.0	0.0	0.0	0.058823529411764705	0.0	0.0	0.0	0.0	0.0	0.0	0.0	0.0	0.0	0.0	0.0	0.0	0.0	0.0	0.0	0.0	0.0	0.0	0.0	0.06666666666666667	0.0	0.030303030303030304	0.0	0.0	0.0	0.037037037037037035	0.0	0.0	0.0	0.0	0.0	0.0	0.0	0.0	
Warbling Vireo	0.0	0.0	0.0	0.0	0.0	0.0	0.0	0.0	0.0	0.0	0.0	0.0	0.0	0.0	0.0	0.0	0.0	0.0	0.0	0.0	0.0	0.0	0.0	0.2	0.0	0.0	0.0	0.0	0.0	0.0	0.0	0.0	0.0	0.0	0.0	0.0	0.0	0.0	0.0	0.0	0.0	0.0	0.0	0.0	0.0	0.0	0.0	0.0	
Steller's Jay	0.0	0.0	0.0	0.3333333333333333	0.2	0.1111111111111111	0.18181818181818182	0.0	0.16666666666666666	0.0015	0.0	0.0	0.0	0.058823529411764705	0.0	0.0	0.125	0.0	0.0	0.0	0.0	0.0	0.0	0.0	0.14285714285714285	0.0	0.0	0.0	0.10526315789473684	0.0	0.0	0.0	0.07692307692307693	0.06666666666666667	0.1111111111111111	0.21212121212121213	0.09090909090909091	0.0	0.14285714285714285	0.07407407407407407	0.0	0.1111111111111111	0.0	0.0	0.2	0.0	0.16666666666666666	0.0	
American Crow	0.14285714285714285	0.1111111111111111	0.0	0.3333333333333333	0.0	0.0	0.09090909090909091	0.4	0.3333333333333333	0.125	0.16666666666666666	0.0	0.125	0.29411764705882354	0.07142857142857142	0.21428571428571427	0.25	0.07692307692307693	0.2	0.2	0.3333333333333333	0.25	0.16666666666666666	0.2	0.42857142857142855	0.16666666666666666	0.0	0.07692307692307693	0.10526315789473684	0.0	0.08333333333333333	0.06666666666666667	0.15384615384615385	0.2	0.07407407407407407	0.15151515151515152	0.18181818181818182	0.15384615384615385	0.14285714285714285	0.2222222222222222	0.0	0.2222222222222222	0.25	0.3333333333333333	0.0	0.375	0.16666666666666666	0.25	
Northwestern Crow	0.0	0.0	0.0	0.0	0.2	0.0	0.0	0.4	0.0	0.125	0.16666666666666666	0.0	0.0	0.0015	0.0	0.0	0.125	0.0	0.3	0.0	0.0	0.0	0.3333333333333333	0.0	0.14285714285714285	0.16666666666666666	0.14285714285714285	0.15384615384615385	0.0	0.0	0.0	0.13333333333333333	0.0	0.0	0.0	0.0	0.09090909090909091	0.07692307692307693	0.0	0.0	0.0	0.0	0.0	0.0	0.0	0.0	0.0	0.0	
American/Northwestern Crow	0.14285714285714285	0.0	0.0	0.0	0.0	0.3333333333333333	0.2727272727272727	0.2	0.16666666666666666	0.0	0.16666666666666666	0.5555555555555556	0.25	0.38235294117647056	0.2857142857142857	0.35714285714285715	0.375	0.38461538461538464	0.2	0.2	0.6666666666666666	0.25	0.0	0.2	0.2857142857142857	0.3333333333333333	0.42857142857142855	0.23076923076923078	0.21052631578947367	0.25	0.5	0.26666666666666666	0.38461538461538464	0.3333333333333333	0.14814814814814814	0.3333333333333333	0.36363636363636365	0.23076923076923078	0.2857142857142857	0.1111111111111111	0.2857142857142857	0.1111111111111111	0.25	0.0	0.6	0.125	0.0	0.0	
Common Raven	0.14285714285714285	0.4444444444444444	0.125	0.3333333333333333	0.2	0.3333333333333333	0.36363636363636365	0.4	0.16666666666666666	0.125	0.0	0.5555555555555556	0.25	0.38235294117647056	0.21428571428571427	0.21428571428571427	0.25	0.07692307692307693	0.1	0.4	0.6666666666666666	0.5	0.0	0.0	0.42857142857142855	0.3333333333333333	0.0	0.5384615384615384	0.2631578947368421	0.5625	0.4166666666666667	0.26666666666666666	0.6923076923076923	0.6	0.4074074074074074	0.42424242424242425	0.6363636363636364	0.5384615384615384	0.2857142857142857	0.37037037037037035	0.14285714285714285	0.2222222222222222	0.5	0.3333333333333333	0.6	0.5	0.5	0.0	
Horned Lark	0.0	0.0	0.0	0.0	0.0	0.0	0.0	0.0	0.0	0.0	0.0	0.0	0.0	0.0	0.0	0.0	0.0	0.0	0.0	0.0	0.0	0.0	0.0	0.0	0.0	0.0	0.0	0.0	0.0	0.0	0.0	0.0	0.0	0.0	0.0	0.0	0.09090909090909091	0.0	0.0	0.0	0.0	0.0	0.0	0.0	0.0	0.0	0.0	0.0	
Northern Rough-winged Swallow	0.0	0.0	0.0	0.0	0.0	0.0	0.0	0.0	0.0	0.0	0.0	0.0	0.0	0.058823529411764705	0.07142857142857142	0.14285714285714285	0.375	0.23076923076923078	0.2	0.0	0.0	0.0	0.16666666666666666	0.0	0.42857142857142855	0.16666666666666666	0.0	0.07692307692307693	0.15789473684210525	0.0	0.0	0.13333333333333333	0.0	0.0	0.0	0.0	0.0	0.0	0.0	0.0	0.0	0.0	0.0	0.0	0.0	0.0	0.0	0.0	
Purple Martin	0.0	0.0	0.0	0.0	0.0	0.0	0.0	0.0	0.0	0.0	0.0	0.0	0.0	0.0	0.07142857142857142	0.0	0.0	0.07692307692307693	0.1	0.0	0.0	0.75	0.0	0.2	0.42857142857142855	0.3333333333333333	0.14285714285714285	0.15384615384615385	0.10526315789473684	0.0015	0.0	0.0	0.0	0.0	0.0	0.0	0.0	0.0	0.0	0.0	0.0	0.0	0.0	0.0	0.0	0.0	0.0	0.0	
Tree Swallow	0.0	0.0	0.0	0.0	0.0	0.0	0.0	0.0	0.0	0.0	0.0	0.1111111111111111	0.125	0.14705882352941177	0.21428571428571427	0.35714285714285715	0.25	0.23076923076923078	0.2	0.2	0.3333333333333333	0.0	0.3333333333333333	0.2	0.2857142857142857	0.3333333333333333	0.0	0.15384615384615385	0.05263157894736842	0.0625	0.0	0.0	0.0	0.0	0.0	0.0	0.0	0.0	0.0	0.0	0.0	0.0	0.0	0.0	0.0	0.0	0.0	0.0	
Violet-green Swallow	0.0	0.0	0.0	0.0	0.0	0.0	0.0	0.0	0.0	0.0	0.0	0.2222222222222222	0.125	0.38235294117647056	0.42857142857142855	0.35714285714285715	0.75	0.5384615384615384	0.6	0.6	0.6666666666666666	0.0	0.5	0.2	0.7142857142857143	0.3333333333333333	0.14285714285714285	0.07692307692307693	0.10526315789473684	0.25	0.08333333333333333	0.13333333333333333	0.23076923076923078	0.06666666666666667	0.2962962962962963	0.21212121212121213	0.0	0.0	0.0	0.0	0.0	0.0	0.0	0.0	0.0	0.0	0.0	0.0	
Tree/Violet-green Swallow	0.0	0.0	0.0	0.0	0.0	0.0	0.0	0.0	0.0	0.0	0.0	0.0	0.0	0.029411764705882353	0.0	0.0	0.0	0.0	0.0	0.0	0.0	0.0	0.0	0.0	0.14285714285714285	0.16666666666666666	0.0	0.0	0.0	0.0	0.0	0.0	0.0	0.0	0.0	0.0	0.0	0.0	0.0	0.0	0.0	0.0	0.0	0.0	0.0	0.0	0.0	0.0	
Barn Swallow	0.0	0.0	0.0	0.0	0.0	0.0	0.0	0.0	0.0	0.0	0.0	0.0	0.0	0.058823529411764705	0.14285714285714285	0.35714285714285715	0.625	0.46153846153846156	0.8	0.8	1.0	0.25	0.8333333333333334	0.6	0.8571428571428571	0.6666666666666666	0.5714285714285714	0.6153846153846154	0.631578947368421	0.6875	0.4166666666666667	0.6666666666666666	0.6923076923076923	0.06666666666666667	0.18518518518518517	0.09090909090909091	0.0	0.0	0.0	0.0	0.0	0.0	0.0	0.0	0.0	0.0	0.0	0.0	
Cliff Swallow	0.0	0.0	0.0	0.0	0.0	0.0	0.0	0.0	0.0	0.0	0.0	0.0	0.0	0.0015	0.07142857142857142	0.14285714285714285	0.25	0.07692307692307693	0.2	0.2	0.0	0.0	0.3333333333333333	0.0	0.5714285714285714	0.3333333333333333	0.0	0.0	0.10526315789473684	0.0625	0.0	0.0	0.07692307692307693	0.0	0.0	0.0	0.0	0.0	0.0	0.0	0.0	0.0	0.0	0.0	0.0	0.0	0.0	0.0	
swallow sp.	0.0	0.0	0.0	0.0	0.0	0.0	0.0	0.0	0.0	0.0	0.0	0.0	0.0	0.029411764705882353	0.07142857142857142	0.0	0.0	0.0	0.0	0.0	0.0	0.0	0.0	0.0	0.0	0.0	0.0	0.0	0.05263157894736842	0.0	0.08333333333333333	0.0	0.0	0.13333333333333333	0.0	0.0	0.0	0.0	0.0	0.0	0.0	0.0	0.0	0.0	0.0	0.0	0.0	0.0	
Black-capped Chickadee	0.0	0.0	0.125	0.0	0.0	0.0	0.09090909090909091	0.4	0.16666666666666666	0.0	0.0	0.0	0.125	0.08823529411764706	0.0	0.0	0.0	0.0	0.0	0.2	0.3333333333333333	0.0	0.0	0.2	0.2857142857142857	0.16666666666666666	0.14285714285714285	0.07692307692307693	0.05263157894736842	0.0625	0.16666666666666666	0.0	0.15384615384615385	0.2	0.1111111111111111	0.30303030303030304	0.18181818181818182	0.07692307692307693	0.07142857142857142	0.1111111111111111	0.14285714285714285	0.1111111111111111	0.25	0.0	0.2	0.0	0.0	0.0	
Chestnut-backed Chickadee	0.0	0.0	0.125	0.0	0.0	0.1111111111111111	0.0	0.2	0.16666666666666666	0.125	0.0	0.0	0.25	0.058823529411764705	0.0	0.14285714285714285	0.125	0.0	0.3	0.0	0.3333333333333333	0.0	0.0	0.0	0.14285714285714285	0.16666666666666666	0.14285714285714285	0.23076923076923078	0.15789473684210525	0.1875	0.16666666666666666	0.06666666666666667	0.38461538461538464	0.3333333333333333	0.2222222222222222	0.18181818181818182	0.0	0.38461538461538464	0.07142857142857142	0.2962962962962963	0.2857142857142857	0.3333333333333333	0.25	0.3333333333333333	0.2	0.125	0.0	0.0	
chickadee sp.	0.0	0.0	0.0	0.0	0.0	0.0	0.0	0.0	0.0	0.0	0.0	0.0	0.0	0.0	0.0	0.0	0.0	0.0	0.0	0.0	0.0	0.0	0.0	0.0	0.0	0.0	0.0	0.0	0.0	0.0	0.0	0.0	0.0	0.0	0.0	0.06060606060606061	0.0	0.0	0.0	0.0	0.0	0.0	0.0	0.0	0.0	0.125	0.0	0.0	
Bushtit	0.0	0.0015	0.0	0.0	0.0	0.0	0.0	0.0	0.0	0.0	0.0	0.0	0.0	0.17647058823529413	0.0	0.14285714285714285	0.125	0.0	0.0015	0.0	0.6666666666666666	0.0	0.0	0.0015	0.0	0.16666666666666666	0.0	0.0	0.10526315789473684	0.0625	0.0	0.0	0.07692307692307693	0.06666666666666667	0.25925925925925924	0.09090909090909091	0.18181818181818182	0.07692307692307693	0.0	0.037037037037037035	0.14285714285714285	0.0	0.0	0.0	0.4	0.125	0.16666666666666666	0.0	
Red-breasted Nuthatch	0.0	0.0	0.125	0.0	0.0	0.2222222222222222	0.0	0.0	0.0	0.125	0.0	0.0	0.0	0.14705882352941177	0.07142857142857142	0.0	0.125	0.0	0.0	0.0	0.3333333333333333	0.0	0.0	0.0	0.0	0.0	0.14285714285714285	0.15384615384615385	0.2631578947368421	0.125	0.3333333333333333	0.06666666666666667	0.3076923076923077	0.4	0.2962962962962963	0.24242424242424243	0.0	0.3076923076923077	0.07142857142857142	0.037037037037037035	0.0	0.0	0.0	0.3333333333333333	0.0	0.0	0.0	0.0	
Brown Creeper	0.0	0.0	0.0	0.0	0.0	0.1111111111111111	0.0	0.0	0.0	0.0	0.0	0.0	0.0	0.0	0.0	0.0	0.0	0.0	0.0	0.0	0.0	0.0	0.0	0.0	0.0	0.0	0.0	0.0	0.0	0.0	0.0	0.0	0.0	0.0	0.037037037037037035	0.030303030303030304	0.0	0.0	0.0	0.0	0.0	0.0	0.0	0.0	0.0	0.0	0.0	0.0	
House Wren	0.0	0.0	0.0	0.0	0.0	0.0	0.0	0.0	0.0	0.0	0.0	0.0	0.0	0.0	0.0	0.14285714285714285	0.5	0.38461538461538464	0.4	0.6	0.6666666666666666	0.25	0.16666666666666666	0.0	0.14285714285714285	0.3333333333333333	0.0	0.0	0.0	0.0	0.0	0.0	0.0	0.0	0.0	0.030303030303030304	0.0	0.0	0.0	0.0	0.0	0.0	0.0	0.0	0.0	0.0	0.0	0.0	
Pacific Wren	0.0	0.2222222222222222	0.0	0.0015	0.0	0.1111111111111111	0.09090909090909091	0.0	0.0	0.0	0.0	0.0	0.125	0.0	0.0	0.0	0.0015	0.0	0.0	0.0	0.0	0.0	0.0	0.0	0.0	0.0	0.0	0.0	0.0	0.0	0.0	0.0	0.0	0.0	0.0	0.0	0.18181818181818182	0.15384615384615385	0.0	0.25925925925925924	0.14285714285714285	0.3333333333333333	0.25	0.3333333333333333	0.4	0.25	0.0	0.25	
Marsh Wren	0.0	0.0	0.0	0.0	0.0	0.2222222222222222	0.0	0.2	0.0	0.125	0.0	0.0	0.0	0.029411764705882353	0.14285714285714285	0.07142857142857142	0.0	0.0	0.0	0.0	0.0	0.0	0.0	0.2	0.0	0.16666666666666666	0.0	0.0	0.0	0.0	0.0	0.0	0.0	0.0	0.0	0.030303030303030304	0.0	0.07692307692307693	0.0	0.0	0.0	0.0	0.0	0.0	0.0	0.125	0.0	0.0	
Bewick's Wren	0.0	0.0	0.125	0.0	0.4	0.2222222222222222	0.09090909090909091	0.2	0.3333333333333333	0.25	0.0	0.0	0.125	0.14705882352941177	0.07142857142857142	0.0	0.25	0.0	0.1	0.0	0.6666666666666666	0.0	0.0	0.0	0.42857142857142855	0.3333333333333333	0.0	0.3076923076923077	0.10526315789473684	0.125	0.0	0.0	0.3076923076923077	0.3333333333333333	0.2962962962962963	0.18181818181818182	0.2727272727272727	0.15384615384615385	0.14285714285714285	0.14814814814814814	0.14285714285714285	0.0	0.25	0.0	0.2	0.0	0.0	0.0	
Golden-crowned Kinglet	0.14285714285714285	0.0	0.125	0.0	0.0	0.1111111111111111	0.09090909090909091	0.2	0.0	0.0	0.0	0.0	0.0	0.029411764705882353	0.0	0.0	0.0	0.0	0.0	0.0	0.0	0.0	0.0	0.0	0.0	0.0	0.0	0.0	0.0	0.0	0.0	0.0	0.0	0.0	0.18518518518518517	0.06060606060606061	0.18181818181818182	0.23076923076923078	0.07142857142857142	0.25925925925925924	0.42857142857142855	0.3333333333333333	0.25	0.3333333333333333	0.2	0.0	0.16666666666666666	0.0	
Ruby-crowned Kinglet	0.0	0.0	0.125	0.0	0.4	0.0	0.0	0.0	0.0	0.0	0.0	0.0	0.0	0.0	0.0	0.0	0.0	0.0	0.0	0.0	0.0	0.0	0.0	0.0	0.0	0.0	0.0	0.0	0.0	0.0	0.0	0.0	0.0	0.0	0.0	0.0	0.0	0.0	0.0	0.07407407407407407	0.14285714285714285	0.0	0.0	0.3333333333333333	0.0	0.0	0.0	0.0	
Townsend's Solitaire	0.0	0.0	0.0	0.0	0.0	0.0	0.0	0.0	0.0	0.0	0.0	0.0	0.0	0.0	0.0	0.0	0.125	0.0	0.0	0.0	0.0	0.0	0.0	0.0	0.0	0.0	0.0	0.0	0.0	0.0	0.0	0.0	0.0	0.0	0.0	0.0	0.0	0.0	0.0	0.0	0.0	0.0	0.0	0.0	0.0	0.0	0.0	0.0	
Varied Thrush	0.14285714285714285	0.0	0.125	0.0	0.0	0.0	0.0	0.0	0.0	0.0	0.0	0.0	0.0	0.0	0.0	0.0	0.0	0.0	0.0	0.0	0.0	0.0	0.0	0.0	0.0	0.0	0.0	0.0	0.0	0.0	0.0	0.0	0.0	0.0	0.0	0.0	0.0	0.0	0.0	0.0	0.0	0.0	0.0	0.0	0.0	0.0	0.0	0.0	
Swainson's Thrush	0.0	0.0	0.0	0.0	0.0	0.0	0.0	0.0	0.0	0.0	0.0	0.0	0.0	0.0	0.0	0.0	0.0	0.0	0.0	0.2	0.0	0.0	0.0	0.0	0.0	0.0	0.14285714285714285	0.0	0.0	0.0	0.0	0.0	0.0	0.0	0.0	0.0	0.0	0.0	0.0	0.0	0.0	0.0	0.0	0.0	0.0	0.0	0.0	0.0	
American Robin	0.2857142857142857	0.2222222222222222	0.125	0.3333333333333333	0.4	0.2222222222222222	0.6363636363636364	0.4	0.5	0.25	0.16666666666666666	0.3333333333333333	0.5	0.6176470588235294	0.42857142857142855	0.5714285714285714	0.5	0.46153846153846156	0.9	0.6	1.0	0.5	0.5	0.4	0.5714285714285714	0.5	0.2857142857142857	0.15384615384615385	0.3684210526315789	0.1875	0.08333333333333333	0.06666666666666667	0.07692307692307693	0.13333333333333333	0.2962962962962963	0.21212121212121213	0.09090909090909091	0.07692307692307693	0.21428571428571427	0.2962962962962963	0.2857142857142857	0.3333333333333333	0.0	0.3333333333333333	0.2	0.125	0.0	0.25	
European Starling	0.0	0.2222222222222222	0.0	0.3333333333333333	0.4	0.2222222222222222	0.6363636363636364	0.6	0.3333333333333333	0.25	0.0	0.3333333333333333	0.5	0.6176470588235294	0.5714285714285714	0.5	0.875	0.5384615384615384	0.5	0.8	0.3333333333333333	0.75	0.3333333333333333	0.4	0.5714285714285714	0.3333333333333333	0.42857142857142855	0.23076923076923078	0.21052631578947367	0.1875	0.16666666666666666	0.06666666666666667	0.38461538461538464	0.4666666666666667	0.25925925925925924	0.12121212121212122	0.18181818181818182	0.0	0.21428571428571427	0.2962962962962963	0.14285714285714285	0.1111111111111111	0.0	0.3333333333333333	0.6	0.25	0.16666666666666666	0.0	
American Pipit	0.0	0.0	0.0	0.0	0.0	0.0	0.0	0.0	0.0	0.0	0.0	0.0	0.0	0.0	0.07142857142857142	0.0	0.0	0.0	0.1	0.0	0.0	0.0	0.0	0.0	0.0	0.0	0.0	0.0	0.0	0.0	0.0	0.0	0.07692307692307693	0.0	0.1111111111111111	0.09090909090909091	0.0	0.07692307692307693	0.07142857142857142	0.0	0.0	0.0	0.0	0.0	0.2	0.0	0.0	0.0	
Cedar Waxwing	0.0	0.0	0.0	0.0	0.0	0.0	0.0	0.0	0.0	0.0	0.0	0.0	0.0	0.0	0.0	0.0	0.0	0.0	0.0	0.2	0.3333333333333333	0.75	0.0	0.4	0.2857142857142857	0.16666666666666666	0.14285714285714285	0.07692307692307693	0.3157894736842105	0.0625	0.0	0.0	0.0	0.0	0.037037037037037035	0.06060606060606061	0.0	0.0	0.0	0.037037037037037035	0.0	0.0	0.0	0.0	0.0	0.0	0.0	0.0	
House Finch	0.14285714285714285	0.0	0.125	0.3333333333333333	0.2	0.0	0.0	0.4	0.5	0.25	0.0	0.1111111111111111	0.25	0.20588235294117646	0.35714285714285715	0.2857142857142857	0.25	0.23076923076923078	0.2	0.4	0.6666666666666666	0.0	0.3333333333333333	0.2	0.5714285714285714	0.5	0.2857142857142857	0.23076923076923078	0.2631578947368421	0.25	0.3333333333333333	0.2	0.3076923076923077	0.2	0.2222222222222222	0.2727272727272727	0.18181818181818182	0.07692307692307693	0.21428571428571427	0.2962962962962963	0.14285714285714285	0.2222222222222222	0.0	0.0	0.2	0.125	0.0	0.0	
Purple Finch	0.0	0.0	0.0	0.0	0.0	0.0	0.0	0.0	0.0	0.0	0.0	0.0	0.0	0.0	0.0	0.0	0.0	0.07692307692307693	0.0	0.2	0.0	0.0	0.0	0.0	0.14285714285714285	0.16666666666666666	0.0	0.0	0.0	0.0	0.0	0.0	0.0	0.0	0.0	0.0015	0.0	0.0	0.0	0.0	0.0	0.0	0.0	0.0	0.0	0.0	0.16666666666666666	0.0	
Pine Siskin	0.0	0.0	0.0	0.0	0.0	0.1111111111111111	0.0	0.0	0.0	0.125	0.0	0.0	0.0	0.11764705882352941	0.0	0.07142857142857142	0.0	0.0	0.0	0.0	0.0	0.0	0.0	0.0	0.14285714285714285	0.0	0.0	0.0	0.10526315789473684	0.0015	0.16666666666666666	0.0	0.15384615384615385	0.06666666666666667	0.0	0.030303030303030304	0.09090909090909091	0.0	0.0	0.07407407407407407	0.0	0.1111111111111111	0.0	0.3333333333333333	0.0	0.0	0.16666666666666666	0.0	
American Goldfinch	0.0	0.0	0.0	0.0	0.0	0.0	0.0	0.0	0.0	0.0	0.0	0.1111111111111111	0.0	0.058823529411764705	0.07142857142857142	0.2857142857142857	0.75	0.38461538461538464	0.5	0.6	0.6666666666666666	0.0	0.6666666666666666	0.4	0.7142857142857143	0.5	0.42857142857142855	0.46153846153846156	0.42105263157894735	0.25	0.25	0.06666666666666667	0.3076923076923077	0.26666666666666666	0.1111111111111111	0.15151515151515152	0.0	0.0	0.0	0.037037037037037035	0.0	0.0	0.0	0.0	0.0	0.0	0.0	0.0	
Snow Bunting	0.0	0.0	0.0	0.0	0.0	0.0	0.0	0.0	0.0	0.0	0.0	0.0	0.0	0.0	0.0	0.0	0.0	0.0	0.0	0.0	0.0	0.0	0.0	0.0	0.0	0.0	0.0	0.0	0.0	0.0	0.0	0.0	0.0	0.0	0.0	0.0	0.0	0.0	0.0	0.0	0.0	0.0	0.0	0.0	0.0	0.125	0.0	0.0	
Fox Sparrow	0.14285714285714285	0.1111111111111111	0.125	0.0	0.0	0.0	0.09090909090909091	0.0	0.0	0.0	0.0	0.0	0.125	0.0	0.0	0.0	0.0	0.0	0.0	0.0	0.0	0.0	0.0	0.0	0.0	0.0	0.0	0.0	0.0	0.0	0.0	0.0	0.0	0.0	0.1111111111111111	0.09090909090909091	0.09090909090909091	0.0	0.07142857142857142	0.07407407407407407	0.14285714285714285	0.1111111111111111	0.0	0.0	0.4	0.0	0.0	0.0	
Dark-eyed Junco	0.14285714285714285	0.1111111111111111	0.125	0.3333333333333333	0.2	0.1111111111111111	0.09090909090909091	0.4	0.16666666666666666	0.0015	0.0	0.1111111111111111	0.0	0.0	0.14285714285714285	0.0	0.25	0.0	0.0	0.0	0.0	0.0	0.0	0.0	0.14285714285714285	0.0	0.42857142857142855	0.0	0.05263157894736842	0.0	0.0	0.0	0.07692307692307693	0.0	0.14814814814814814	0.12121212121212122	0.18181818181818182	0.0	0.07142857142857142	0.2222222222222222	0.14285714285714285	0.3333333333333333	0.25	0.3333333333333333	0.6	0.0	0.16666666666666666	0.0	
White-crowned Sparrow	0.14285714285714285	0.0	0.0	0.0	0.2	0.0	0.09090909090909091	0.4	0.0	0.0	0.0	0.1111111111111111	0.25	0.3235294117647059	0.5	0.35714285714285715	0.625	0.38461538461538464	0.4	0.4	0.6666666666666666	0.25	0.3333333333333333	0.2	0.14285714285714285	0.3333333333333333	0.2857142857142857	0.15384615384615385	0.15789473684210525	0.0625	0.0	0.0	0.07692307692307693	0.06666666666666667	0.1111111111111111	0.18181818181818182	0.0	0.0	0.07142857142857142	0.07407407407407407	0.0	0.0	0.0	0.0	0.2	0.125	0.0	0.0	
Golden-crowned Sparrow	0.14285714285714285	0.3333333333333333	0.375	0.0	0.2	0.0	0.09090909090909091	0.4	0.3333333333333333	0.0	0.0	0.1111111111111111	0.125	0.029411764705882353	0.21428571428571427	0.07142857142857142	0.0	0.0	0.0	0.0	0.0	0.0	0.0	0.0	0.0	0.0	0.0	0.0	0.0	0.0	0.0	0.0	0.0	0.0	0.18518518518518517	0.12121212121212122	0.18181818181818182	0.3076923076923077	0.21428571428571427	0.1111111111111111	0.14285714285714285	0.1111111111111111	0.0	0.6666666666666666	0.2	0.25	0.0	0.0	
White-throated Sparrow	0.0	0.0	0.0	0.0	0.0	0.0	0.0	0.0	0.0	0.0	0.0	0.0	0.0	0.029411764705882353	0.0	0.0	0.0	0.0	0.0	0.0	0.0	0.0	0.0	0.0	0.0	0.0	0.0	0.0	0.0	0.0	0.0	0.0	0.0	0.0	0.0	0.0	0.0	0.0	0.0	0.0	0.0	0.0	0.0	0.0	0.0	0.0	0.0	0.0	
Savannah Sparrow	0.0015	0.0	0.0	0.0	0.0	0.0	0.0	0.0	0.0	0.0	0.0	0.1111111111111111	0.125	0.5	0.35714285714285715	0.35714285714285715	0.5	0.38461538461538464	0.5	0.4	1.0	0.25	0.3333333333333333	0.4	0.5714285714285714	0.5	0.0	0.07692307692307693	0.05263157894736842	0.0625	0.08333333333333333	0.06666666666666667	0.46153846153846156	0.13333333333333333	0.4074074074074074	0.30303030303030304	0.5454545454545454	0.0	0.14285714285714285	0.0	0.0	0.0	0.0	0.0	0.0	0.0	0.0	0.0	
Song Sparrow	0.14285714285714285	0.3333333333333333	0.125	0.3333333333333333	0.0	0.3333333333333333	0.36363636363636365	0.6	0.3333333333333333	0.375	0.16666666666666666	0.2222222222222222	0.5	0.23529411764705882	0.42857142857142855	0.5714285714285714	0.625	0.38461538461538464	0.5	0.4	0.6666666666666666	0.0	0.16666666666666666	0.6	0.5714285714285714	0.5	0.14285714285714285	0.15384615384615385	0.05263157894736842	0.125	0.0	0.0	0.23076923076923078	0.5333333333333333	0.4444444444444444	0.45454545454545453	0.5454545454545454	0.3076923076923077	0.2857142857142857	0.48148148148148145	0.2857142857142857	0.3333333333333333	0.25	1.0	0.8	0.375	0.6666666666666666	0.0	
Lincoln's Sparrow	0.0	0.0	0.0	0.0	0.0	0.0	0.0	0.0	0.16666666666666666	0.0	0.0	0.0	0.0	0.0	0.0	0.0	0.0	0.0	0.0	0.0	0.0	0.0	0.0	0.0	0.0	0.0	0.0	0.0	0.0	0.0	0.0	0.0	0.0	0.13333333333333333	0.25925925925925924	0.0	0.0	0.0	0.0	0.0	0.0	0.0	0.0	0.0	0.0	0.0	0.0	0.0	
Spotted Towhee	0.0	0.1111111111111111	0.25	0.3333333333333333	0.2	0.3333333333333333	0.18181818181818182	0.4	0.5	0.125	0.0	0.1111111111111111	0.375	0.11764705882352941	0.2857142857142857	0.21428571428571427	0.125	0.46153846153846156	0.6	0.2	0.6666666666666666	0.25	0.5	0.4	0.7142857142857143	0.3333333333333333	0.5714285714285714	0.23076923076923078	0.05263157894736842	0.0625	0.08333333333333333	0.0	0.3076923076923077	0.3333333333333333	0.25925925925925924	0.24242424242424243	0.2727272727272727	0.15384615384615385	0.21428571428571427	0.14814814814814814	0.14285714285714285	0.3333333333333333	0.25	0.3333333333333333	0.8	0.25	0.16666666666666666	0.0	
sparrow sp.	0.0	0.0	0.0	0.0	0.0	0.0	0.0	0.0	0.0	0.0	0.0	0.0	0.0	0.0	0.0	0.0	0.0	0.0	0.0	0.0	0.0	0.0	0.0	0.0	0.0	0.0	0.0	0.0	0.0	0.0	0.0	0.0	0.0	0.0	0.0	0.0	0.18181818181818182	0.0	0.0	0.0	0.0	0.0	0.0	0.0	0.0	0.0	0.0	0.0	
Western Meadowlark	0.0	0.0	0.0	0.0	0.0	0.0	0.0	0.0	0.0	0.0	0.0	0.0	0.0	0.0	0.0	0.0	0.0	0.0	0.0	0.0	0.0	0.0	0.0	0.0	0.0	0.0	0.0	0.0	0.0	0.0	0.0	0.0	0.0	0.0	0.0	0.0	0.0	0.07692307692307693	0.0	0.07407407407407407	0.0	0.0	0.0	0.0	0.0	0.0	0.0	0.0	
Red-winged Blackbird	0.14285714285714285	0.0	0.0	0.6666666666666666	0.0	0.1111111111111111	0.2727272727272727	0.2	0.16666666666666666	0.25	0.16666666666666666	0.2222222222222222	0.125	0.3235294117647059	0.21428571428571427	0.21428571428571427	0.375	0.07692307692307693	0.2	0.2	0.0	0.0	0.0	0.0	0.2857142857142857	0.0	0.0	0.0	0.0	0.0	0.0	0.0	0.0	0.06666666666666667	0.07407407407407407	0.06060606060606061	0.09090909090909091	0.0	0.07142857142857142	0.14814814814814814	0.0	0.0	0.0	0.0	0.0	0.0	0.0	0.0	
Brown-headed Cowbird	0.0	0.0	0.0	0.0	0.0	0.0	0.0	0.0	0.0	0.0	0.0	0.0	0.0	0.029411764705882353	0.0	0.07142857142857142	0.25	0.07692307692307693	0.4	0.0	0.3333333333333333	0.0	0.0	0.2	0.5714285714285714	0.16666666666666666	0.14285714285714285	0.0	0.10526315789473684	0.0625	0.08333333333333333	0.0	0.0	0.0	0.0	0.0	0.0	0.0	0.0	0.0	0.0	0.0	0.0	0.0	0.0	0.0	0.0	0.0	
Brewer's Blackbird	0.14285714285714285	0.0	0.0	0.0	0.0	0.1111111111111111	0.09090909090909091	0.0	0.0	0.25	0.0	0.2222222222222222	0.125	0.17647058823529413	0.2857142857142857	0.35714285714285715	0.5	0.38461538461538464	0.4	0.8	1.0	0.75	0.5	0.8	0.2857142857142857	0.0	0.14285714285714285	0.07692307692307693	0.0	0.0	0.0	0.06666666666666667	0.07692307692307693	0.2	0.18518518518518517	0.09090909090909091	0.09090909090909091	0.0	0.0	0.14814814814814814	0.0	0.0	0.0	0.0	0.4	0.0	0.0	0.0	
Common Grackle	0.0	0.0	0.0	0.0	0.0	0.0	0.0	0.0	0.0	0.0	0.0	0.0	0.0	0.0	0.0	0.0015	0.0	0.0	0.0	0.0	0.0	0.0	0.0	0.0	0.0	0.0	0.0	0.0	0.0	0.0	0.0	0.0	0.0	0.0	0.0	0.0	0.0	0.0	0.0	0.0	0.0	0.0	0.0	0.0	0.0	0.0	0.0	0.0	
blackbird sp.	0.0	0.0	0.0	0.0	0.0	0.0	0.0	0.0	0.0	0.0	0.0	0.0	0.0	0.0	0.0	0.0	0.0	0.0	0.0	0.0	0.0	0.0	0.0	0.0	0.0	0.0	0.0	0.0	0.0	0.0	0.08333333333333333	0.0	0.0	0.0	0.0	0.0	0.0	0.0	0.0	0.0	0.0	0.0	0.0	0.0	0.0	0.0	0.0	0.0	
Orange-crowned Warbler	0.0	0.0	0.0	0.0	0.0	0.0	0.0	0.0	0.0	0.0	0.0	0.0	0.0	0.08823529411764706	0.21428571428571427	0.2857142857142857	0.125	0.0	0.0	0.0	0.3333333333333333	0.0	0.0	0.2	0.0	0.0	0.0	0.0	0.05263157894736842	0.0625	0.0	0.0	0.0	0.0	0.37037037037037035	0.09090909090909091	0.0	0.0	0.0	0.0	0.0	0.0	0.0	0.0	0.0	0.0	0.0	0.0	
Common Yellowthroat	0.0	0.0	0.0	0.0	0.0	0.0	0.0	0.0	0.0	0.0	0.0	0.0	0.0	0.0	0.0	0.0	0.0	0.0	0.1	0.0	0.0	0.0	0.0	0.2	0.0	0.0	0.0	0.0	0.0	0.0	0.0	0.0	0.0	0.0	0.0	0.030303030303030304	0.0	0.0	0.0	0.0	0.0	0.0	0.0	0.0	0.0	0.0	0.0	0.0	
Yellow Warbler	0.0	0.0	0.0	0.0	0.0	0.0	0.0	0.0	0.0	0.0	0.0	0.0	0.0	0.0	0.0	0.0	0.0	0.0	0.1	0.0	0.3333333333333333	0.0	0.0	0.2	0.0	0.0	0.0	0.0	0.0	0.0	0.0	0.0	0.0	0.0	0.2222222222222222	0.0	0.0	0.0	0.0	0.0	0.0	0.0	0.0	0.0	0.0	0.0	0.0	0.0	
Yellow-rumped Warbler	0.0	0.0	0.0	0.0	0.0	0.0	0.0	0.0	0.0	0.0	0.0	0.0	0.0	0.0	0.07142857142857142	0.14285714285714285	0.0015	0.0	0.0	0.0	0.0	0.0	0.0	0.0	0.0	0.0	0.0	0.0	0.05263157894736842	0.0	0.0	0.0	0.07692307692307693	0.0	0.0015	0.06060606060606061	0.0	0.0	0.0	0.037037037037037035	0.0	0.0	0.0	0.0	0.0	0.0	0.0	0.0	
Wilson's Warbler	0.0	0.0	0.0	0.0	0.0	0.0	0.0	0.0	0.0	0.0	0.0	0.0	0.0	0.0	0.0	0.0	0.0	0.0	0.0	0.0	0.3333333333333333	0.0	0.0	0.0	0.0	0.0	0.0	0.0	0.0	0.0	0.0	0.0	0.0	0.0	0.037037037037037035	0.0	0.0	0.0	0.0	0.0	0.0	0.0	0.0	0.0	0.0	0.0	0.0	0.0	
House Sparrow	0.0	0.0	0.0	0.3333333333333333	0.0	0.0	0.18181818181818182	0.0	0.0	0.0	0.0	0.0	0.0	0.029411764705882353	0.14285714285714285	0.07142857142857142	0.0	0.07692307692307693	0.2	0.0	0.3333333333333333	0.0	0.3333333333333333	0.2	0.2857142857142857	0.3333333333333333	0.2857142857142857	0.07692307692307693	0.05263157894736842	0.0625	0.08333333333333333	0.0	0.0	0.0	0.037037037037037035	0.0	0.09090909090909091	0.0	0.07142857142857142	0.037037037037037035	0.0	0.0	0.0	0.0	0.2	0.0	0.0	0.0	

