









Frequency of observations in the selected location(s).:
Number of taxa: 	246

	Jan				Feb				Mar				Apr				May				Jun				Jul				Aug				Sep				Oct				Nov				Dec				
Sample Size:	10.0	8.0	6.0	13.0	10.0	13.0	20.0	6.0	10.0	6.0	13.0	15.0	16.0	18.0	19.0	13.0	10.0	6.0	8.0	9.0	9.0	8.0	8.0	5.0	5.0	12.0	7.0	12.0	8.0	11.0	9.0	15.0	6.0	15.0	16.0	11.0	9.0	3.0	11.0	14.0	11.0	5.0	10.0	8.0	5.0	2.0	6.0	9.0	

Emperor Goose	0.0	0.0	0.0	0.0015	0.0	0.0	0.0	0.0	0.0	0.0	0.0	0.0	0.0	0.0	0.0	0.0	0.0	0.0	0.0	0.0	0.0	0.0	0.0	0.0	0.0	0.0	0.0	0.0	0.0	0.0	0.0	0.0	0.0	0.0	0.0	0.0	0.0	0.0	0.0	0.0	0.0	0.0	0.0	0.0	0.0	0.0	0.0	0.0	
Greater White-fronted Goose	0.0	0.0	0.0	0.0	0.0	0.0	0.0	0.0	0.0	0.0	0.07692307692307693	0.0	0.0	0.05555555555555555	0.0	0.0	0.0	0.0	0.0	0.0	0.0	0.0	0.0	0.0	0.0	0.0	0.0	0.0	0.0	0.0	0.0	0.0	0.0	0.06666666666666667	0.0	0.0	0.1111111111111111	0.0	0.0	0.0	0.0	0.0	0.1	0.0	0.0	0.0	0.0	0.0	
Brant	0.1	0.0	0.0	0.0	0.1	0.15384615384615385	0.05	0.0	0.1	0.16666666666666666	0.0	0.0	0.125	0.0	0.10526315789473684	0.0	0.0	0.0	0.0	0.1111111111111111	0.0	0.0	0.0	0.0	0.2	0.0	0.0	0.08333333333333333	0.0	0.0	0.0	0.0	0.0	0.0015	0.0	0.0	0.0	0.0	0.0	0.0	0.0	0.2	0.2	0.0	0.4	0.0	0.3333333333333333	0.2222222222222222	
Cackling Goose	0.0	0.0	0.0	0.0	0.0	0.0	0.0	0.0	0.0	0.0	0.0	0.0	0.0	0.0	0.0	0.0	0.0	0.0	0.0	0.0	0.0	0.0	0.0	0.0	0.0	0.0	0.0	0.0	0.0	0.0	0.0	0.0	0.0	0.0	0.0	0.0	0.1111111111111111	0.0	0.0	0.2857142857142857	0.09090909090909091	0.0	0.0	0.25	0.0	0.0	0.0	0.0	
Canada Goose	0.0	0.0	0.0	0.0	0.1	0.07692307692307693	0.15	0.16666666666666666	0.1	0.5	0.3076923076923077	0.3333333333333333	0.375	0.5555555555555556	0.3157894736842105	0.3076923076923077	0.2	0.0	0.0	0.2222222222222222	0.2222222222222222	0.0	0.0	0.2	0.0	0.0015	0.0	0.16666666666666666	0.25	0.09090909090909091	0.0	0.06666666666666667	0.0	0.06666666666666667	0.125	0.0015	0.3333333333333333	0.3333333333333333	0.0	0.14285714285714285	0.5454545454545454	0.0	0.0	0.0	0.2	0.0	0.0	0.1111111111111111	
Cackling/Canada Goose	0.0	0.0	0.0	0.0	0.0	0.0	0.0	0.0	0.0	0.0	0.0	0.0	0.0	0.0	0.0	0.0	0.0	0.0	0.0	0.0	0.0	0.0	0.0	0.0	0.0	0.0	0.0	0.0	0.0	0.0	0.0	0.0	0.0	0.0	0.0	0.0	0.0	0.3333333333333333	0.0	0.0	0.0	0.0	0.0	0.0	0.0	0.0	0.0	0.0	
Trumpeter Swan	0.0	0.0	0.0	0.0	0.1	0.0	0.0	0.0	0.0	0.0	0.07692307692307693	0.06666666666666667	0.0	0.0	0.0	0.0	0.0	0.0	0.0	0.0	0.0	0.0	0.0	0.0	0.0	0.0	0.0	0.0	0.0	0.0	0.0	0.0	0.0	0.0	0.0	0.0	0.0	0.0	0.0	0.0	0.0	0.0	0.1	0.125	0.0	0.0	0.0	0.1111111111111111	
Tundra Swan	0.0	0.0	0.0	0.0	0.0	0.0	0.0	0.0	0.1	0.0	0.0	0.0	0.0	0.0	0.0	0.0	0.0	0.0	0.0	0.0	0.0	0.0	0.0	0.0	0.0	0.0	0.0	0.0	0.0	0.0	0.0	0.0	0.0	0.0	0.0	0.0	0.0	0.0	0.0	0.0	0.0	0.0	0.0	0.0	0.0	0.0	0.0	0.0	
Trumpeter/Tundra Swan	0.0	0.0	0.0	0.0	0.0	0.0	0.0	0.0	0.0	0.0	0.0	0.0	0.0	0.0	0.0	0.0	0.0	0.0	0.0	0.0	0.0	0.0	0.0	0.0	0.0	0.0	0.0	0.0	0.0	0.0	0.0	0.0	0.0	0.0	0.0	0.0	0.0	0.0	0.0	0.0	0.0	0.0	0.0	0.0	0.0	0.0	0.0	0.1111111111111111	
Wood Duck	0.0	0.0	0.0	0.0	0.0	0.0	0.0	0.0	0.0	0.0	0.0	0.0	0.0625	0.0	0.05263157894736842	0.0	0.0	0.0	0.125	0.0	0.1111111111111111	0.0	0.0	0.0	0.0	0.0	0.0015	0.0	0.0	0.0	0.0	0.0	0.0	0.0	0.0	0.0	0.0	0.0	0.0	0.0	0.0	0.0	0.0	0.0	0.0	0.0	0.0	0.0	
Blue-winged Teal	0.0	0.0	0.0	0.0	0.0	0.0	0.0	0.0	0.0	0.0	0.0	0.0	0.0	0.0	0.0	0.0	0.0	0.0	0.0	0.0	0.0	0.0	0.0	0.0	0.0	0.0	0.0	0.0	0.0	0.0	0.0	0.06666666666666667	0.0	0.0	0.0	0.0	0.0	0.0	0.0	0.0	0.0	0.0	0.0	0.0	0.0	0.0	0.0	0.0	
Cinnamon Teal	0.0	0.0	0.0	0.0	0.0	0.0	0.0	0.0	0.0	0.0	0.0	0.0	0.0	0.0	0.05263157894736842	0.0	0.0015	0.0	0.125	0.0	0.0	0.0	0.0	0.0	0.0	0.0	0.0	0.0	0.0	0.0	0.0	0.0	0.0	0.0	0.0	0.0	0.0	0.0	0.0	0.0	0.0	0.0	0.0	0.0	0.0	0.0	0.0	0.0	
Northern Shoveler	0.1	0.0	0.0	0.07692307692307693	0.1	0.0	0.05	0.16666666666666666	0.3	0.0	0.3076923076923077	0.13333333333333333	0.125	0.2222222222222222	0.10526315789473684	0.23076923076923078	0.0	0.0	0.125	0.0	0.0	0.0	0.0	0.0	0.0	0.0	0.0	0.08333333333333333	0.0	0.0	0.0	0.0	0.0	0.06666666666666667	0.0625	0.0	0.2222222222222222	0.0	0.0	0.07142857142857142	0.0	0.0	0.0	0.0	0.0	0.0	0.16666666666666666	0.0	
Gadwall	0.0	0.0	0.0	0.07692307692307693	0.1	0.0	0.05	0.0	0.0	0.0	0.07692307692307693	0.0	0.0625	0.05555555555555555	0.21052631578947367	0.15384615384615385	0.0	0.0	0.125	0.0	0.0	0.0	0.0	0.0	0.0	0.0	0.0	0.0	0.0	0.0	0.0	0.06666666666666667	0.0	0.0	0.1875	0.0	0.3333333333333333	0.0	0.0	0.07142857142857142	0.0	0.0	0.0	0.125	0.0	0.0	0.0	0.0	
Eurasian Wigeon	0.0	0.0	0.0	0.0	0.0	0.0	0.0	0.0	0.0	0.0	0.07692307692307693	0.0	0.0	0.0	0.0	0.0	0.0	0.0	0.0	0.0	0.0	0.0	0.0	0.0	0.0	0.0	0.0	0.0	0.0	0.0	0.0	0.0	0.0	0.0	0.0	0.0	0.0	0.0	0.0	0.14285714285714285	0.0	0.0	0.0	0.0	0.2	0.0	0.16666666666666666	0.0	
American Wigeon	0.1	0.0	0.16666666666666666	0.23076923076923078	0.3	0.23076923076923078	0.2	0.16666666666666666	0.4	0.3333333333333333	0.46153846153846156	0.13333333333333333	0.3125	0.2777777777777778	0.21052631578947367	0.15384615384615385	0.0	0.0	0.125	0.0	0.0	0.0	0.0	0.0	0.0	0.0	0.0	0.0	0.0	0.0	0.0	0.0	0.0	0.06666666666666667	0.125	0.09090909090909091	0.1111111111111111	0.0	0.09090909090909091	0.2857142857142857	0.0	0.6	0.2	0.375	0.2	0.0	0.3333333333333333	0.3333333333333333	
Eurasian x American Wigeon (hybrid)	0.0	0.0	0.0	0.0	0.0	0.0	0.0	0.0	0.0	0.0	0.0	0.0	0.0	0.0	0.0	0.0	0.0	0.0	0.0	0.0	0.0	0.0	0.0	0.0	0.0	0.0	0.0	0.0	0.0	0.0	0.0	0.0	0.0	0.0	0.0	0.0	0.0	0.0	0.0	0.0	0.0	0.0015	0.0	0.0	0.0	0.0	0.0	0.0	
Mallard	0.3	0.25	0.0015	0.23076923076923078	0.3	0.23076923076923078	0.35	0.5	0.5	0.8333333333333334	0.6153846153846154	0.6	0.5625	0.7777777777777778	0.631578947368421	0.6923076923076923	0.4	0.3333333333333333	0.5	0.1111111111111111	0.1111111111111111	0.0	0.0	0.0	0.0	0.08333333333333333	0.0	0.08333333333333333	0.125	0.2727272727272727	0.1111111111111111	0.13333333333333333	0.0	0.2	0.1875	0.09090909090909091	0.4444444444444444	0.0	0.18181818181818182	0.21428571428571427	0.36363636363636365	0.4	0.2	0.5	0.2	0.0	0.6666666666666666	0.2222222222222222	
Northern Pintail	0.0	0.125	0.0	0.07692307692307693	0.2	0.07692307692307693	0.0	0.0	0.4	0.0	0.07692307692307693	0.0	0.125	0.0	0.10526315789473684	0.0	0.0	0.0	0.125	0.0	0.0	0.0	0.0	0.0	0.0	0.0	0.0	0.0	0.125	0.0	0.0	0.0	0.0	0.06666666666666667	0.0625	0.0	0.3333333333333333	0.0	0.0	0.07142857142857142	0.0	0.0	0.1	0.0	0.0	0.0	0.16666666666666666	0.0	
Green-winged Teal	0.0	0.0	0.16666666666666666	0.0	0.0	0.0	0.0	0.16666666666666666	0.3	0.16666666666666666	0.23076923076923078	0.2	0.3125	0.2777777777777778	0.3684210526315789	0.15384615384615385	0.0	0.0	0.125	0.0	0.0	0.0	0.0	0.0	0.0	0.0	0.0	0.0	0.0	0.0	0.0	0.06666666666666667	0.0	0.0	0.0	0.0	0.1111111111111111	0.0	0.09090909090909091	0.21428571428571427	0.0	0.0	0.1	0.125	0.0	0.0	0.16666666666666666	0.2222222222222222	
Canvasback	0.0	0.0	0.0	0.0	0.0	0.0	0.0	0.0	0.0	0.0	0.0	0.0	0.0625	0.05555555555555555	0.0	0.0	0.0	0.0	0.0	0.0	0.0	0.0	0.0	0.0	0.0	0.0	0.0	0.0	0.0	0.0	0.0	0.0	0.0	0.0	0.0	0.0	0.0	0.0	0.0	0.0	0.0	0.0	0.0	0.0	0.0	0.0	0.0	0.0	
Ring-necked Duck	0.0	0.125	0.0	0.0	0.0	0.0	0.0	0.0	0.0	0.0	0.0	0.0	0.0625	0.05555555555555555	0.0	0.0	0.0	0.0	0.0	0.0	0.0	0.0	0.0	0.0	0.0	0.0	0.0	0.0	0.0	0.0	0.0	0.0	0.0	0.0	0.0	0.0	0.1111111111111111	0.0	0.0	0.07142857142857142	0.0	0.0	0.0	0.0	0.0	0.0	0.0	0.0	
Greater Scaup	0.0	0.0	0.0	0.07692307692307693	0.1	0.0	0.05	0.0	0.0	0.0	0.07692307692307693	0.0	0.0625	0.05555555555555555	0.0	0.0	0.0	0.0	0.0	0.0	0.0	0.0	0.0	0.0	0.0	0.0	0.0	0.0	0.0	0.0	0.0	0.0	0.0	0.0	0.0	0.0	0.0	0.0	0.0	0.0	0.0	0.0	0.0	0.0	0.2	0.0	0.16666666666666666	0.1111111111111111	
Lesser Scaup	0.0	0.0	0.0	0.0	0.0	0.07692307692307693	0.0	0.0	0.0	0.0	0.0	0.0	0.0625	0.0	0.05263157894736842	0.0	0.0	0.0	0.0	0.0	0.0	0.0	0.125	0.0	0.0	0.0	0.0	0.0	0.0	0.0	0.0	0.0	0.0015	0.0	0.0	0.0	0.0	0.0	0.0	0.07142857142857142	0.0	0.0	0.0	0.0	0.0	0.0	0.0	0.0	
Greater/Lesser Scaup	0.0	0.0	0.0	0.0	0.0	0.07692307692307693	0.0	0.0	0.1	0.0	0.0	0.0	0.0	0.0	0.10526315789473684	0.0	0.0	0.0	0.0	0.0	0.0	0.0	0.0	0.0	0.0	0.0	0.0	0.0	0.0	0.0	0.0	0.0	0.0	0.06666666666666667	0.0	0.0	0.0	0.0	0.0	0.0	0.0	0.0	0.0	0.0	0.0	0.0	0.0	0.0	
Harlequin Duck	0.0	0.0	0.16666666666666666	0.07692307692307693	0.2	0.15384615384615385	0.1	0.0	0.0	0.16666666666666666	0.07692307692307693	0.0	0.0625	0.1111111111111111	0.05263157894736842	0.07692307692307693	0.0	0.0	0.0	0.1111111111111111	0.0	0.0	0.125	0.0	0.0	0.0	0.0	0.0	0.0	0.0	0.0	0.13333333333333333	0.0	0.06666666666666667	0.0	0.0	0.0	0.0015	0.0	0.07142857142857142	0.09090909090909091	0.0	0.2	0.125	0.0	0.0	0.16666666666666666	0.1111111111111111	
Surf Scoter	0.7	0.625	0.6666666666666666	0.6923076923076923	0.7	0.6923076923076923	0.45	0.6666666666666666	0.4	0.8333333333333334	0.46153846153846156	0.5333333333333333	0.5	0.5	0.631578947368421	0.5384615384615384	0.2	0.16666666666666666	0.125	0.3333333333333333	0.2222222222222222	0.0	0.0	0.0015	0.0	0.0	0.0	0.3333333333333333	0.0	0.09090909090909091	0.1111111111111111	0.26666666666666666	0.0015	0.4666666666666667	0.4375	0.18181818181818182	0.5555555555555556	0.6666666666666666	0.7272727272727273	0.9285714285714286	0.45454545454545453	0.8	0.6	0.625	1.0	0.0	0.5	0.5555555555555556	
White-winged Scoter	0.1	0.125	0.0015	0.15384615384615385	0.1	0.0	0.3	0.0	0.1	0.16666666666666666	0.07692307692307693	0.0	0.125	0.05555555555555555	0.05263157894736842	0.07692307692307693	0.1	0.0	0.0	0.0	0.1111111111111111	0.0	0.375	0.2	0.0	0.0	0.0	0.16666666666666666	0.125	0.09090909090909091	0.0	0.0	0.0	0.06666666666666667	0.0625	0.09090909090909091	0.0	0.3333333333333333	0.45454545454545453	0.42857142857142855	0.18181818181818182	0.4	0.3	0.0	0.0	0.0	0.3333333333333333	0.0	
Black Scoter	0.2	0.5	0.6666666666666666	0.5384615384615384	0.5	0.46153846153846156	0.5	0.3333333333333333	0.2	0.5	0.3076923076923077	0.3333333333333333	0.125	0.05555555555555555	0.2631578947368421	0.23076923076923078	0.1	0.16666666666666666	0.125	0.0	0.0	0.0	0.0	0.0	0.0	0.0	0.0	0.0	0.0	0.0	0.0	0.06666666666666667	0.0	0.0	0.0	0.0	0.0	0.3333333333333333	0.36363636363636365	0.2857142857142857	0.18181818181818182	0.2	0.5	0.25	0.6	0.0	0.6666666666666666	0.2222222222222222	
Surf/Black Scoter	0.0	0.0	0.0	0.0	0.0	0.0	0.0	0.0	0.0	0.0	0.0	0.0	0.0	0.0	0.0	0.0	0.0	0.0	0.0	0.0	0.0	0.0	0.0	0.0	0.0015	0.0	0.0	0.0	0.0	0.09090909090909091	0.0	0.0	0.0	0.0	0.0	0.0	0.0	0.0	0.0	0.0	0.0	0.0	0.0	0.0	0.0	0.0	0.0	0.0	
scoter sp.	0.0	0.0	0.16666666666666666	0.0	0.0	0.0	0.0	0.0	0.0	0.0	0.0	0.0	0.0	0.0	0.05263157894736842	0.0	0.0	0.0	0.125	0.0	0.0	0.0	0.0	0.0	0.0	0.0	0.0	0.0	0.0	0.0	0.0	0.0	0.0	0.06666666666666667	0.0	0.0	0.0	0.0	0.09090909090909091	0.0	0.0	0.0	0.0	0.0	0.0	0.0	0.0	0.0	
Long-tailed Duck	0.4	0.375	0.6666666666666666	0.5384615384615384	0.3	0.3076923076923077	0.35	0.16666666666666666	0.2	0.6666666666666666	0.15384615384615385	0.3333333333333333	0.5	0.3333333333333333	0.3684210526315789	0.3076923076923077	0.1	0.16666666666666666	0.0	0.0	0.0	0.0	0.0	0.0	0.0	0.0	0.0	0.0	0.0	0.0	0.0	0.0	0.0	0.0	0.0	0.0	0.0	0.0	0.18181818181818182	0.7142857142857143	0.2727272727272727	0.8	0.5	0.375	0.8	1.0	0.6666666666666666	0.1111111111111111	
Bufflehead	0.3	0.25	0.6666666666666666	0.23076923076923078	0.3	0.23076923076923078	0.4	0.16666666666666666	0.1	0.16666666666666666	0.23076923076923078	0.0	0.25	0.2777777777777778	0.2631578947368421	0.0	0.1	0.0	0.0	0.0	0.0	0.0	0.0	0.0	0.0	0.0	0.0	0.0	0.0	0.0	0.0	0.0	0.0	0.0	0.0	0.0	0.0	0.0	0.09090909090909091	0.07142857142857142	0.0	0.8	0.3	0.375	0.4	0.5	0.3333333333333333	0.2222222222222222	
Common Goldeneye	0.3	0.75	0.3333333333333333	0.38461538461538464	0.4	0.5384615384615384	0.4	0.3333333333333333	0.2	0.5	0.23076923076923078	0.2	0.1875	0.16666666666666666	0.10526315789473684	0.0	0.0	0.0	0.0	0.0	0.0	0.0	0.0	0.0	0.0	0.0	0.0	0.0	0.0	0.0	0.0	0.0	0.0	0.0	0.0	0.0	0.0	0.0	0.0	0.0	0.0	0.4	0.2	0.25	0.0	0.5	0.5	0.1111111111111111	
Barrow's Goldeneye	0.0	0.0	0.0	0.07692307692307693	0.0	0.07692307692307693	0.0	0.0	0.0	0.0	0.07692307692307693	0.0	0.0	0.0	0.0	0.0	0.0	0.0	0.0	0.0	0.0	0.0	0.0	0.0	0.0	0.0	0.0	0.0	0.0	0.0	0.0	0.0	0.0	0.0	0.0	0.0	0.0	0.0	0.0	0.0	0.0	0.0	0.0	0.0	0.0	0.0	0.0	0.0	
Common/Barrow's Goldeneye	0.0	0.0	0.0	0.0	0.0	0.0	0.0	0.0	0.0	0.0	0.07692307692307693	0.0	0.0	0.0	0.0	0.0	0.0	0.0	0.0	0.0	0.0	0.0	0.0	0.0	0.0	0.0	0.0	0.0	0.0	0.0	0.0	0.0	0.0	0.0	0.0	0.0	0.0	0.0	0.0	0.0	0.0	0.0	0.0	0.0	0.0	0.0	0.0	0.0	
Hooded Merganser	0.0	0.0	0.0	0.0	0.0	0.0	0.05	0.0	0.0	0.0	0.0	0.0	0.0	0.0	0.0	0.0	0.0	0.0	0.0	0.0	0.1111111111111111	0.0	0.0	0.0	0.0	0.0	0.0	0.0	0.0	0.0	0.0	0.0	0.0	0.0	0.0	0.0	0.1111111111111111	0.0	0.0	0.0	0.0	0.0015	0.1	0.0	0.0	0.0	0.0	0.0	
Common Merganser	0.0	0.125	0.0	0.0	0.0	0.07692307692307693	0.1	0.0	0.0	0.0	0.0	0.0	0.0	0.05555555555555555	0.05263157894736842	0.0	0.0	0.16666666666666666	0.0	0.0	0.0	0.0	0.0	0.0	0.0	0.0	0.0	0.0	0.0	0.0	0.0	0.0	0.0	0.0	0.125	0.0	0.0	0.0	0.18181818181818182	0.0	0.0	0.0	0.0	0.0	0.0	0.5	0.0	0.0	
Red-breasted Merganser	0.4	0.75	0.3333333333333333	0.6923076923076923	0.7	0.6923076923076923	0.35	0.3333333333333333	0.3	1.0	0.46153846153846156	0.4666666666666667	0.25	0.3888888888888889	0.5263157894736842	0.23076923076923078	0.2	0.16666666666666666	0.125	0.0	0.0	0.0	0.0	0.0	0.0	0.0	0.0	0.0	0.0	0.0	0.0	0.0	0.0	0.0	0.0	0.0	0.0	0.0015	0.0	0.35714285714285715	0.36363636363636365	0.4	0.6	0.5	1.0	1.0	0.5	0.4444444444444444	
Common/Red-breasted Merganser	0.0	0.0	0.0	0.0015	0.0	0.0	0.0	0.0	0.0	0.0	0.0	0.0	0.0	0.0	0.0	0.0	0.0	0.0	0.0	0.0	0.0	0.0	0.0	0.0	0.0	0.0	0.0	0.0	0.0	0.0	0.0	0.0	0.0	0.0	0.0	0.0015	0.0	0.0	0.0	0.0	0.0	0.0	0.0	0.0	0.0	0.0	0.0	0.0	
Ruddy Duck	0.0	0.0	0.0	0.0	0.0	0.0	0.0	0.0	0.0	0.0	0.0	0.0	0.0625	0.05555555555555555	0.0	0.0	0.0	0.0	0.0	0.0	0.0	0.0	0.0	0.0	0.0	0.0	0.0	0.08333333333333333	0.0	0.0	0.0	0.06666666666666667	0.0	0.0	0.0625	0.0	0.0	0.0	0.0	0.07142857142857142	0.0	0.0	0.0	0.0	0.0	0.0	0.0	0.0	
duck sp.	0.0	0.0	0.0	0.0	0.0	0.0	0.0	0.0	0.0	0.0	0.07692307692307693	0.0	0.0	0.0	0.0	0.0	0.0	0.0	0.0	0.0	0.0	0.0	0.0	0.0	0.0	0.0	0.0	0.0	0.0	0.0	0.1111111111111111	0.0	0.0	0.0	0.0	0.0	0.0	0.0	0.0	0.0	0.0	0.0	0.1	0.0	0.0	0.0	0.0	0.0	
waterfowl sp.	0.0	0.0	0.0	0.0	0.0	0.0	0.0	0.0	0.0	0.0	0.0	0.0	0.0	0.0	0.0	0.0	0.0	0.0	0.0	0.0	0.0	0.0	0.0	0.0	0.0	0.0	0.0	0.0	0.0	0.0	0.1111111111111111	0.0	0.0	0.0	0.0	0.0	0.0	0.0	0.0	0.0	0.0	0.0	0.0	0.0	0.0	0.0	0.0	0.0	
California Quail	0.1	0.125	0.0	0.0015	0.1	0.0015	0.05	0.0	0.3	0.16666666666666666	0.0	0.13333333333333333	0.1875	0.3333333333333333	0.21052631578947367	0.15384615384615385	0.0	0.5	0.375	0.3333333333333333	0.0	0.125	0.25	0.0015	0.0	0.16666666666666666	0.14285714285714285	0.25	0.0	0.09090909090909091	0.1111111111111111	0.0015	0.0015	0.13333333333333333	0.1875	0.09090909090909091	0.3333333333333333	0.0	0.0	0.14285714285714285	0.09090909090909091	0.0	0.0	0.125	0.0	0.0	0.0	0.1111111111111111	
Ring-necked Pheasant	0.0	0.0	0.0	0.0	0.0	0.0	0.0	0.16666666666666666	0.1	0.0	0.0	0.0	0.0	0.05555555555555555	0.05263157894736842	0.07692307692307693	0.0	0.16666666666666666	0.125	0.1111111111111111	0.0015	0.0	0.0	0.0	0.0	0.0	0.14285714285714285	0.0	0.0	0.0	0.0	0.0	0.0	0.0	0.0	0.0	0.1111111111111111	0.0	0.0	0.0	0.0	0.0015	0.2	0.0	0.0	0.0	0.0015	0.1111111111111111	
Pied-billed Grebe	0.0	0.0	0.0	0.0	0.0	0.0	0.05	0.0	0.0	0.0	0.0	0.0	0.0	0.0	0.0	0.0	0.0	0.0	0.0	0.1111111111111111	0.0	0.0	0.0	0.0015	0.0	0.0	0.0	0.0	0.0	0.0	0.0	0.0	0.0	0.0	0.0	0.0	0.2222222222222222	0.0	0.0	0.07142857142857142	0.0	0.0	0.0	0.0	0.2	0.0	0.0	0.1111111111111111	
Horned Grebe	0.4	0.625	0.8333333333333334	0.6923076923076923	0.6	0.3076923076923077	0.4	0.3333333333333333	0.2	0.8333333333333334	0.3076923076923077	0.5333333333333333	0.3125	0.4444444444444444	0.5789473684210527	0.46153846153846156	0.3	0.0	0.0	0.0	0.0	0.0	0.0	0.0	0.0	0.0	0.0	0.0	0.0	0.0	0.1111111111111111	0.2	0.0	0.2	0.5	0.18181818181818182	0.4444444444444444	1.0	0.7272727272727273	0.9285714285714286	0.45454545454545453	0.6	0.6	0.375	1.0	0.5	0.6666666666666666	0.3333333333333333	
Red-necked Grebe	0.1	0.625	0.5	0.6153846153846154	0.3	0.23076923076923078	0.4	0.3333333333333333	0.1	0.5	0.38461538461538464	0.2	0.125	0.3888888888888889	0.15789473684210525	0.07692307692307693	0.1	0.16666666666666666	0.0	0.0	0.1111111111111111	0.0	0.0	0.0	0.0	0.0	0.0	0.08333333333333333	0.125	0.09090909090909091	0.2222222222222222	0.6	0.6666666666666666	0.8	0.4375	0.2727272727272727	0.1111111111111111	1.0	0.8181818181818182	0.7857142857142857	0.2727272727272727	0.4	0.7	0.125	1.0	0.0	0.3333333333333333	0.1111111111111111	
Eared Grebe	0.0	0.0	0.0	0.07692307692307693	0.0	0.0	0.0	0.0	0.0	0.0	0.0	0.0	0.0	0.0	0.05263157894736842	0.0	0.1	0.0	0.0	0.0	0.0	0.0	0.0	0.0	0.0	0.0	0.0	0.0	0.0	0.0	0.0	0.0	0.0	0.0	0.0	0.0	0.0	0.0015	0.0	0.0	0.0015	0.0	0.0	0.0	0.0	0.0	0.0	0.0	
Horned/Eared Grebe	0.0	0.0	0.0	0.0	0.0	0.0	0.0	0.0	0.0	0.0	0.0	0.0	0.0625	0.0	0.05263157894736842	0.0	0.0	0.0	0.0	0.0	0.0	0.0	0.0	0.0	0.0	0.0	0.0	0.0	0.0	0.0	0.0	0.0	0.16666666666666666	0.0	0.0	0.0	0.0	0.0	0.0	0.0	0.0	0.0	0.0	0.0	0.0	0.0	0.0	0.0	
Western Grebe	0.0	0.0	0.0015	0.15384615384615385	0.1	0.07692307692307693	0.05	0.16666666666666666	0.0	0.0	0.07692307692307693	0.13333333333333333	0.3125	0.1111111111111111	0.21052631578947367	0.0	0.1	0.0	0.0	0.1111111111111111	0.2222222222222222	0.0	0.0	0.0	0.0	0.0	0.0	0.0	0.0	0.09090909090909091	0.0	0.0	0.0	0.06666666666666667	0.0625	0.09090909090909091	0.2222222222222222	0.0	0.18181818181818182	0.5	0.2727272727272727	0.4	0.4	0.125	0.2	0.0	0.0	0.1111111111111111	
Clark's Grebe	0.0	0.0	0.0	0.0	0.0	0.0	0.0	0.0	0.0	0.0	0.0	0.0	0.0	0.0	0.0	0.0	0.0	0.0	0.0	0.0	0.0	0.0	0.0	0.0	0.0	0.0	0.0	0.0	0.0	0.0	0.0	0.0	0.0	0.0	0.0	0.0	0.0	0.0	0.09090909090909091	0.0	0.0	0.0	0.0	0.0	0.0	0.0	0.0	0.0	
Western/Clark's Grebe	0.0	0.0	0.0	0.0	0.0	0.0	0.0	0.0	0.0	0.0	0.0	0.0	0.0	0.0	0.0	0.0	0.0	0.0	0.0	0.0	0.0	0.0	0.0	0.0	0.0	0.0	0.0	0.0	0.0	0.0	0.0	0.0	0.0	0.0	0.0	0.0	0.0	0.0015	0.0	0.0	0.0	0.0	0.0	0.0	0.0	0.0	0.0	0.0	
grebe sp.	0.0	0.0	0.0	0.0	0.0	0.0	0.0	0.0	0.0	0.0	0.0	0.0	0.0	0.0	0.0	0.0	0.0	0.0	0.0	0.0	0.0	0.0	0.0	0.0	0.0	0.0	0.0	0.0	0.0	0.0	0.0	0.0	0.16666666666666666	0.0	0.0	0.0	0.0	0.0	0.0	0.0	0.09090909090909091	0.0	0.0	0.0	0.0	0.0	0.0	0.0	
Rock Pigeon	0.0	0.375	0.0	0.0015	0.3	0.07692307692307693	0.1	0.0	0.3	0.5	0.23076923076923078	0.2	0.0625	0.16666666666666666	0.10526315789473684	0.23076923076923078	0.0	0.0	0.0	0.0	0.0	0.0	0.25	0.0015	0.0	0.0	0.14285714285714285	0.08333333333333333	0.125	0.18181818181818182	0.1111111111111111	0.2	0.0	0.0	0.125	0.0	0.4444444444444444	0.6666666666666666	0.09090909090909091	0.14285714285714285	0.2727272727272727	0.2	0.2	0.125	0.2	0.5	0.3333333333333333	0.1111111111111111	
Band-tailed Pigeon	0.0	0.0	0.0	0.0	0.0	0.0	0.0	0.0	0.0	0.16666666666666666	0.07692307692307693	0.0	0.1875	0.0	0.05263157894736842	0.0	0.1	0.0	0.0	0.1111111111111111	0.1111111111111111	0.125	0.0015	0.0	0.0	0.08333333333333333	0.14285714285714285	0.16666666666666666	0.0015	0.09090909090909091	0.3333333333333333	0.0	0.3333333333333333	0.0	0.0	0.0	0.0	0.0	0.0	0.0	0.0	0.2	0.0	0.0	0.0	0.0	0.0	0.0	
Eurasian Collared-Dove	0.2	0.125	0.0	0.0	0.3	0.07692307692307693	0.1	0.3333333333333333	0.2	0.8333333333333334	0.46153846153846156	0.3333333333333333	0.25	0.4444444444444444	0.2631578947368421	0.3076923076923077	0.2	0.16666666666666666	0.25	0.1111111111111111	0.3333333333333333	0.125	0.375	0.0	0.0	0.25	0.2857142857142857	0.08333333333333333	0.375	0.36363636363636365	0.4444444444444444	0.2	0.3333333333333333	0.06666666666666667	0.0625	0.18181818181818182	0.4444444444444444	0.6666666666666666	0.18181818181818182	0.07142857142857142	0.2727272727272727	0.4	0.2	0.0	0.4	0.0	0.16666666666666666	0.0	
Mourning Dove	0.0	0.0	0.0	0.0	0.5	0.07692307692307693	0.05	0.16666666666666666	0.4	0.5	0.46153846153846156	0.4666666666666667	0.1875	0.2777777777777778	0.2631578947368421	0.38461538461538464	0.4	0.3333333333333333	0.125	0.0	0.0015	0.25	0.375	0.0	0.4	0.25	0.14285714285714285	0.25	0.375	0.45454545454545453	0.0	0.13333333333333333	0.16666666666666666	0.26666666666666666	0.25	0.09090909090909091	0.5555555555555556	0.0	0.0	0.07142857142857142	0.2727272727272727	0.2	0.0	0.125	0.0	0.0	0.16666666666666666	0.1111111111111111	
Black Swift	0.0	0.0	0.0	0.0	0.0	0.0	0.0	0.0	0.0	0.0	0.0	0.0	0.0	0.0	0.0	0.0	0.0	0.0	0.0	0.0	0.0	0.0	0.0	0.0	0.0	0.0	0.0	0.0015	0.0	0.0	0.0	0.0	0.0	0.0	0.0	0.0	0.0	0.0	0.0	0.0	0.0	0.0	0.0	0.0	0.0	0.0	0.0	0.0	
Vaux's Swift	0.0	0.0	0.0	0.0	0.0	0.0	0.0	0.0	0.0	0.0	0.0	0.0	0.0	0.0	0.0	0.0	0.0	0.16666666666666666	0.125	0.0	0.0	0.0	0.0	0.0	0.0	0.0	0.0	0.0	0.0	0.0	0.0	0.06666666666666667	0.0	0.0	0.0625	0.09090909090909091	0.0	0.0	0.0	0.0	0.0	0.0	0.0	0.0	0.0	0.0	0.0	0.0	
Anna's Hummingbird	0.1	0.25	0.3333333333333333	0.23076923076923078	0.3	0.46153846153846156	0.4	0.5	0.4	0.6666666666666666	0.5384615384615384	0.6	0.5	0.6666666666666666	0.47368421052631576	0.46153846153846156	0.3	0.5	0.125	0.3333333333333333	0.3333333333333333	0.25	0.25	0.2	0.0	0.25	0.0	0.08333333333333333	0.0	0.36363636363636365	0.3333333333333333	0.26666666666666666	0.3333333333333333	0.26666666666666666	0.25	0.36363636363636365	0.4444444444444444	0.6666666666666666	0.2727272727272727	0.42857142857142855	0.45454545454545453	0.8	0.3	0.125	0.0	0.5	0.6666666666666666	0.1111111111111111	
Rufous Hummingbird	0.0	0.0	0.0	0.0	0.0	0.0	0.0	0.0	0.0	0.0	0.07692307692307693	0.4666666666666667	0.4375	0.7777777777777778	0.5263157894736842	0.5384615384615384	0.4	0.6666666666666666	0.375	0.3333333333333333	0.4444444444444444	0.625	0.375	0.2	0.6	0.25	0.14285714285714285	0.08333333333333333	0.0	0.0	0.3333333333333333	0.0	0.3333333333333333	0.0	0.0	0.0	0.0	0.0	0.0	0.0	0.0	0.0	0.0	0.0	0.0	0.0	0.0	0.0	
hummingbird sp.	0.0	0.0	0.0	0.0	0.0	0.0	0.0	0.0	0.0	0.0	0.0	0.06666666666666667	0.0625	0.0	0.0	0.0	0.0	0.0	0.125	0.0	0.0	0.0	0.0	0.0	0.0	0.08333333333333333	0.0	0.08333333333333333	0.0	0.0	0.1111111111111111	0.06666666666666667	0.0	0.0	0.0	0.0	0.0	0.0	0.0	0.0	0.0	0.0	0.0	0.0	0.0	0.0	0.0	0.0	
Virginia Rail	0.0	0.0	0.0	0.0	0.0	0.0	0.0	0.0	0.1	0.0	0.0	0.0	0.0	0.05555555555555555	0.05263157894736842	0.0	0.0	0.16666666666666666	0.125	0.1111111111111111	0.0	0.0	0.0	0.0	0.0	0.0	0.0	0.0	0.0	0.0	0.0	0.0	0.0	0.0	0.0	0.0	0.0	0.0	0.0	0.0	0.0	0.0	0.0	0.0	0.0	0.0	0.0	0.0	
Sora	0.0	0.0	0.0	0.0	0.0	0.0	0.0	0.0	0.0	0.0	0.0	0.0	0.0	0.05555555555555555	0.0	0.15384615384615385	0.0	0.0	0.125	0.0	0.0	0.125	0.0	0.0	0.0	0.0	0.0	0.0	0.0	0.0	0.0	0.0	0.0	0.0	0.0	0.0	0.0	0.0	0.0	0.0	0.0	0.0	0.0	0.0	0.0	0.0	0.0	0.0	
American Coot	0.0	0.0	0.0	0.0	0.1	0.0	0.0	0.0	0.1	0.0	0.0	0.0	0.0625	0.0	0.05263157894736842	0.07692307692307693	0.0	0.0	0.0	0.0	0.0	0.0	0.0	0.0015	0.0	0.08333333333333333	0.0	0.0	0.0	0.0	0.0	0.06666666666666667	0.0	0.0	0.0625	0.0	0.1111111111111111	0.0	0.0	0.0	0.0	0.0	0.0	0.0	0.0	0.0	0.0	0.0	
Black Oystercatcher	0.0	0.0	0.16666666666666666	0.0	0.0	0.0	0.0	0.0	0.0	0.0	0.0	0.0	0.1875	0.0	0.0	0.0	0.0	0.0	0.0	0.0	0.1111111111111111	0.0	0.0	0.0	0.0015	0.08333333333333333	0.0	0.16666666666666666	0.0	0.0	0.0	0.13333333333333333	0.0	0.0	0.0	0.0	0.0	0.0015	0.0	0.0	0.0	0.0	0.0	0.0	0.0	0.0	0.0	0.0	
Black-bellied Plover	0.0	0.0	0.0	0.0	0.0	0.0	0.0	0.0	0.1	0.0	0.0	0.0	0.125	0.0	0.0	0.0	0.1	0.0	0.0	0.0	0.0	0.0	0.0	0.0	0.0	0.0	0.0	0.0	0.0	0.0	0.0	0.26666666666666666	0.0	0.0	0.0	0.0	0.0	0.0015	0.0	0.0	0.0015	0.0	0.1	0.125	0.2	0.0	0.3333333333333333	0.0	
Semipalmated Plover	0.0	0.0	0.0	0.0	0.0	0.0	0.0	0.0	0.0	0.0	0.0	0.0	0.0	0.0	0.0	0.0	0.0	0.0	0.0	0.0	0.0	0.0	0.0	0.0	0.0	0.0	0.0	0.08333333333333333	0.0	0.0015	0.0	0.13333333333333333	0.16666666666666666	0.06666666666666667	0.0	0.0	0.0	0.0	0.0	0.0	0.0	0.0	0.0	0.0	0.0	0.0	0.0	0.0	
Killdeer	0.1	0.0	0.0	0.0	0.0	0.07692307692307693	0.0	0.16666666666666666	0.2	0.16666666666666666	0.15384615384615385	0.0	0.1875	0.05555555555555555	0.05263157894736842	0.0	0.1	0.16666666666666666	0.25	0.0	0.0	0.0	0.0	0.0	0.0	0.08333333333333333	0.14285714285714285	0.16666666666666666	0.0	0.18181818181818182	0.0	0.13333333333333333	0.0	0.0	0.0625	0.0	0.0	0.0	0.0	0.07142857142857142	0.0	0.0	0.0	0.0	0.0	0.0	0.0	0.0	
plover sp.	0.1	0.0	0.0	0.0	0.0	0.0	0.0	0.0	0.0	0.0	0.0	0.0	0.0	0.0	0.0	0.0	0.0	0.0	0.0	0.0	0.0	0.0	0.0	0.0	0.0	0.0	0.0	0.0	0.0	0.0	0.0	0.0	0.0	0.0	0.0	0.0	0.0	0.0	0.0	0.0	0.0	0.0	0.0	0.0	0.0	0.0	0.0	0.0	
Whimbrel	0.0	0.0	0.0	0.0	0.0	0.0	0.0	0.0	0.0	0.0	0.0	0.0	0.0	0.0	0.0	0.0	0.0	0.16666666666666666	0.0	0.0	0.0	0.0	0.0	0.0	0.0	0.08333333333333333	0.0	0.08333333333333333	0.0	0.0	0.1111111111111111	0.0	0.0	0.0	0.0625	0.0	0.0	0.0015	0.0	0.0	0.0	0.0	0.0	0.0	0.0	0.0	0.0	0.0	
Marbled Godwit	0.0	0.0	0.0	0.0	0.0	0.0	0.0	0.0	0.0	0.0	0.0	0.0	0.0	0.0	0.0	0.0	0.0	0.0	0.0	0.0	0.0	0.0	0.0	0.0	0.0	0.0	0.0	0.0	0.0	0.0	0.0	0.0	0.0	0.0	0.0625	0.0	0.0	0.0	0.0	0.0	0.0	0.0	0.0	0.0	0.0	0.0	0.0	0.0	
Ruddy Turnstone	0.0	0.0	0.0	0.0	0.0	0.0	0.0	0.0	0.0	0.0	0.0	0.0	0.0	0.0	0.0	0.0	0.0	0.0	0.0	0.0	0.0	0.0	0.0	0.0	0.0	0.0	0.0	0.0	0.0	0.0	0.0	0.0	0.0	0.0	0.0	0.0	0.0	0.0015	0.0	0.0	0.0	0.0	0.0	0.0	0.0	0.0	0.0	0.0	
Black Turnstone	0.0	0.0	0.16666666666666666	0.0	0.0	0.0	0.0	0.0	0.0	0.0	0.0	0.0	0.0	0.0	0.0	0.0	0.0	0.0	0.0	0.0	0.0	0.0	0.0	0.0	0.0	0.0	0.0	0.0	0.0	0.0	0.0	0.2	0.0	0.0	0.0	0.0	0.0	0.0015	0.0	0.0	0.0	0.0	0.1	0.0	0.0	0.0	0.0	0.0	
Sanderling	0.0	0.0	0.16666666666666666	0.0	0.0	0.0	0.0	0.0	0.1	0.0	0.0	0.0	0.0	0.0	0.0	0.0	0.0	0.0	0.0	0.0	0.0	0.0	0.0	0.0	0.0	0.0	0.0015	0.0	0.0	0.0	0.0	0.13333333333333333	0.16666666666666666	0.06666666666666667	0.125	0.0	0.0	0.0015	0.0	0.0	0.0	0.2	0.1	0.0	0.0	0.0	0.16666666666666666	0.0	
Dunlin	0.0	0.0	0.0	0.0	0.0	0.0	0.0	0.16666666666666666	0.1	0.0	0.0	0.0	0.0	0.0	0.0	0.0	0.0	0.0	0.0	0.0	0.0	0.0	0.0	0.0	0.0	0.0	0.0	0.0	0.0	0.0	0.0	0.0	0.0	0.0	0.0	0.0	0.0	0.0	0.0	0.0	0.0015	0.2	0.1	0.125	0.0	0.0	0.16666666666666666	0.0	
Baird's Sandpiper	0.0	0.0	0.0	0.0	0.0	0.0	0.0	0.0	0.0	0.0	0.0	0.0	0.0	0.0	0.0	0.0	0.0	0.0	0.0	0.0	0.0	0.0	0.0	0.0	0.0	0.0	0.0	0.0	0.0	0.0	0.0	0.06666666666666667	0.0	0.0	0.0	0.0	0.0	0.0	0.0	0.0	0.0	0.0	0.0	0.0	0.0	0.0	0.0	0.0	
Least Sandpiper	0.0	0.0	0.0	0.0	0.0	0.0	0.0	0.0	0.0	0.0	0.0	0.0	0.0	0.0	0.0	0.07692307692307693	0.0	0.0	0.0	0.0	0.0	0.0	0.0	0.0	0.0	0.0	0.0015	0.0	0.0	0.09090909090909091	0.0	0.13333333333333333	0.0	0.0	0.0625	0.0	0.0	0.0	0.0	0.0	0.0	0.0	0.0	0.0	0.0	0.0	0.0	0.0	
Semipalmated Sandpiper	0.0	0.0	0.0	0.0	0.0	0.0	0.0	0.0	0.0	0.0	0.0	0.0	0.0	0.0	0.0	0.0	0.0	0.0	0.0	0.0	0.0	0.0	0.0	0.0	0.0015	0.0	0.0	0.0	0.0	0.0	0.0	0.13333333333333333	0.0	0.0	0.0	0.0	0.0	0.0	0.0	0.0	0.0	0.0	0.0	0.0	0.0	0.0	0.0	0.0	
Western Sandpiper	0.0	0.0	0.0	0.0	0.0	0.0	0.0	0.0	0.0	0.0	0.0	0.0	0.0	0.0	0.0	0.0	0.0	0.0	0.0	0.0	0.0	0.0	0.0	0.0	0.0015	0.08333333333333333	0.0	0.16666666666666666	0.0	0.09090909090909091	0.0	0.4	0.16666666666666666	0.06666666666666667	0.0625	0.0	0.0	0.0015	0.0	0.0	0.0	0.0	0.0	0.0	0.0	0.0	0.0	0.0	
Short-billed Dowitcher	0.0	0.0	0.0	0.0	0.0	0.0	0.0	0.0	0.0	0.0	0.0	0.0	0.0	0.0	0.0	0.07692307692307693	0.0	0.0	0.0	0.0	0.0	0.0	0.0	0.0	0.0	0.0	0.0	0.0	0.0	0.0	0.0	0.06666666666666667	0.0	0.0	0.0	0.0	0.0	0.0	0.0	0.0	0.0	0.0	0.0	0.0	0.0	0.0	0.0	0.0	
Long-billed Dowitcher	0.0	0.0	0.0	0.0	0.0	0.0	0.0	0.0	0.0	0.0	0.0	0.0	0.0	0.0	0.0	0.0	0.0	0.0	0.0	0.0	0.0	0.0	0.0	0.0	0.0	0.0	0.0	0.0	0.0	0.0	0.0	0.06666666666666667	0.0	0.0	0.0	0.0	0.0	0.0	0.0	0.0	0.0	0.0	0.0	0.0	0.0	0.0	0.0	0.0	
Wilson's Snipe	0.0	0.0	0.0	0.0	0.0	0.0	0.05	0.0	0.0	0.0	0.0	0.0	0.0625	0.0	0.05263157894736842	0.07692307692307693	0.0	0.0	0.0	0.0	0.0	0.0	0.0	0.0	0.0	0.0	0.0	0.0	0.0	0.0	0.0	0.0	0.0	0.0	0.0	0.0	0.0	0.0	0.0	0.0	0.0	0.0	0.0	0.0015	0.0	0.0	0.0	0.0	
Red-necked Phalarope	0.0	0.0	0.0	0.0	0.0	0.0	0.0	0.0	0.0	0.0	0.0	0.0	0.0	0.0	0.0	0.0	0.0	0.0	0.0	0.0	0.0	0.0	0.0	0.0	0.0	0.0	0.0	0.0	0.0	0.0	0.1111111111111111	0.06666666666666667	0.0	0.0	0.0	0.0	0.0	0.0	0.0	0.0	0.0	0.0	0.0	0.0	0.0	0.0	0.0	0.0	
Spotted Sandpiper	0.0	0.0	0.0	0.0	0.0	0.0	0.0	0.0	0.0	0.0	0.0	0.0	0.0	0.0	0.0	0.0	0.0	0.0	0.0	0.0	0.0	0.0	0.0	0.0	0.0	0.0	0.0	0.0	0.0	0.0	0.0	0.06666666666666667	0.0	0.0	0.0	0.0	0.0	0.0	0.0	0.0	0.0	0.0	0.0	0.0	0.0	0.0	0.0	0.0	
Greater Yellowlegs	0.0	0.0	0.0	0.0	0.0	0.0	0.0	0.0	0.0	0.0	0.0	0.0	0.125	0.0	0.10526315789473684	0.07692307692307693	0.0	0.0	0.0	0.0	0.0	0.0	0.0	0.0	0.0	0.0	0.0	0.0	0.0	0.0	0.0	0.06666666666666667	0.0	0.0	0.0	0.0	0.0	0.0	0.0	0.0	0.0	0.0	0.0	0.0	0.0	0.0	0.0	0.0	
Lesser Yellowlegs	0.0	0.0	0.0	0.0	0.0	0.0	0.0	0.0	0.0	0.0	0.0	0.0	0.0	0.0	0.05263157894736842	0.0	0.0	0.0	0.0	0.0	0.0	0.0	0.0	0.0	0.0	0.0	0.0	0.0	0.0	0.0	0.0	0.13333333333333333	0.0	0.0	0.0	0.0	0.0	0.0	0.0	0.0	0.0	0.0	0.0	0.0	0.0	0.0	0.0	0.0	
Parasitic Jaeger	0.0	0.0	0.0	0.0	0.0	0.0	0.0	0.0	0.0	0.0	0.0	0.0	0.0	0.0	0.0	0.0	0.0	0.0	0.0	0.0	0.0	0.0	0.0	0.0	0.0	0.0	0.0	0.08333333333333333	0.0	0.0	0.0	0.0	0.0	0.0	0.0	0.0	0.0	0.0	0.0	0.0	0.0	0.0	0.0	0.0	0.0	0.0	0.0	0.0	
Common Murre	0.0	0.0	0.16666666666666666	0.15384615384615385	0.1	0.0	0.1	0.0	0.0	0.16666666666666666	0.0	0.0	0.0	0.0	0.0	0.0	0.0	0.0	0.0	0.1111111111111111	0.0	0.0	0.0	0.0	0.2	0.0	0.0	0.16666666666666666	0.125	0.09090909090909091	0.3333333333333333	0.4666666666666667	0.16666666666666666	0.3333333333333333	0.25	0.18181818181818182	0.1111111111111111	0.6666666666666666	0.36363636363636365	0.21428571428571427	0.0015	0.0	0.1	0.125	0.0	0.0	0.3333333333333333	0.0	
Pigeon Guillemot	0.1	0.125	0.3333333333333333	0.6153846153846154	0.5	0.23076923076923078	0.3	0.16666666666666666	0.3	0.5	0.38461538461538464	0.3333333333333333	0.375	0.3333333333333333	0.3684210526315789	0.23076923076923078	0.2	0.5	0.25	0.4444444444444444	0.5555555555555556	0.25	0.5	0.2	0.6	0.16666666666666666	0.2857142857142857	0.3333333333333333	0.5	0.36363636363636365	0.6666666666666666	0.7333333333333333	0.5	0.5333333333333333	0.4375	0.18181818181818182	0.1111111111111111	0.6666666666666666	0.5454545454545454	0.6428571428571429	0.18181818181818182	0.8	0.2	0.25	0.6	0.5	0.3333333333333333	0.2222222222222222	
Marbled Murrelet	0.3	0.125	0.0	0.07692307692307693	0.0	0.07692307692307693	0.15	0.0	0.0	0.16666666666666666	0.15384615384615385	0.06666666666666667	0.25	0.1111111111111111	0.2631578947368421	0.15384615384615385	0.1	0.16666666666666666	0.375	0.1111111111111111	0.2222222222222222	0.0	0.25	0.0	0.0	0.08333333333333333	0.14285714285714285	0.3333333333333333	0.125	0.18181818181818182	0.1111111111111111	0.4	0.3333333333333333	0.26666666666666666	0.3125	0.18181818181818182	0.1111111111111111	0.0	0.36363636363636365	0.6428571428571429	0.18181818181818182	0.4	0.4	0.0	0.4	0.0	0.16666666666666666	0.1111111111111111	
Ancient Murrelet	0.0015	0.0	0.0	0.0	0.0	0.0	0.05	0.0	0.0	0.0	0.0	0.0	0.0	0.0	0.0	0.0	0.0	0.0	0.125	0.0	0.0	0.0	0.0	0.0	0.0	0.0	0.0	0.0	0.0	0.0	0.0	0.0	0.0	0.0	0.0	0.0	0.0	0.0	0.0	0.0	0.0	0.2	0.0	0.0	0.0	0.0	0.0	0.0	
murrelet sp.	0.1	0.0	0.0	0.0	0.0	0.0	0.0	0.0	0.0	0.0	0.0	0.0	0.0	0.05555555555555555	0.0	0.0	0.0	0.0	0.0	0.0	0.0	0.0	0.0	0.0	0.0	0.0	0.0	0.0	0.0	0.0	0.0	0.0	0.0	0.0	0.0	0.0	0.0	0.0	0.0	0.0	0.0	0.0	0.0	0.0	0.0	0.0	0.0	0.0	
Cassin's Auklet	0.0	0.0	0.0	0.0	0.0	0.0	0.0	0.0	0.0	0.0	0.0	0.0	0.0	0.0	0.0	0.0	0.0	0.0	0.0	0.0	0.0	0.0	0.0	0.0	0.0	0.0	0.0	0.08333333333333333	0.0	0.0	0.0	0.06666666666666667	0.0	0.0	0.0625	0.0	0.0	0.0	0.0	0.0	0.0	0.0	0.0	0.0	0.0	0.0	0.0	0.0	
Rhinoceros Auklet	0.0	0.0	0.0	0.0	0.0	0.0	0.15	0.0	0.1	0.0	0.07692307692307693	0.13333333333333333	0.25	0.2777777777777778	0.05263157894736842	0.07692307692307693	0.1	0.16666666666666666	0.25	0.2222222222222222	0.3333333333333333	0.25	0.375	0.0	0.4	0.08333333333333333	0.14285714285714285	0.4166666666666667	0.25	0.2727272727272727	0.1111111111111111	0.6	0.3333333333333333	0.4	0.375	0.18181818181818182	0.1111111111111111	0.3333333333333333	0.36363636363636365	0.2857142857142857	0.09090909090909091	0.0	0.1	0.0	0.0	0.0	0.0	0.0	
Tufted Puffin	0.0	0.0	0.0	0.0	0.0	0.0	0.0	0.0	0.0	0.0	0.0	0.0	0.0	0.0	0.0	0.0	0.0	0.0	0.0	0.0	0.0	0.0	0.0	0.0	0.0	0.0	0.0	0.08333333333333333	0.0	0.0	0.0	0.13333333333333333	0.0	0.0	0.0	0.0	0.0	0.0	0.0	0.0	0.0	0.0	0.0	0.0	0.0	0.0	0.0	0.0	
alcid sp.	0.0	0.0	0.0	0.0	0.0	0.0	0.0	0.0	0.0	0.0	0.0	0.0	0.0	0.0	0.0	0.0	0.0	0.0	0.0	0.0	0.0	0.125	0.0	0.0	0.2	0.0	0.0	0.0	0.0	0.0	0.1111111111111111	0.0	0.0	0.06666666666666667	0.0	0.0	0.0	0.0	0.09090909090909091	0.0	0.0	0.0	0.0	0.0	0.0	0.0	0.0	0.0	
Black-legged Kittiwake	0.0	0.0	0.0	0.0	0.0	0.0	0.0	0.0	0.0	0.0	0.0	0.0	0.0	0.0	0.0	0.0	0.0	0.0	0.0	0.0	0.0	0.0	0.0	0.0	0.2	0.0	0.0	0.0	0.0	0.0	0.0	0.0	0.0	0.0	0.0	0.0	0.0	0.0	0.0	0.0	0.0	0.0	0.0	0.0	0.0	0.0	0.0	0.0	
Bonaparte's Gull	0.0	0.0	0.0	0.0	0.0	0.0	0.0	0.0	0.0	0.0	0.0	0.0	0.0	0.0	0.0	0.0	0.0	0.0	0.0	0.0	0.0	0.0	0.0	0.0	0.0	0.0	0.0	0.25	0.0	0.0	0.0	0.2	0.0	0.0	0.0	0.0	0.0	0.0	0.0	0.0	0.0	0.0	0.0	0.0	0.0	0.0	0.0	0.0	
Heermann's Gull	0.0	0.0	0.0	0.0	0.0	0.0	0.0	0.0	0.0	0.0	0.0	0.0	0.0	0.0	0.0	0.0	0.0	0.0	0.0	0.0	0.1111111111111111	0.125	0.0	0.0	0.2	0.08333333333333333	0.0015	0.25	0.25	0.09090909090909091	0.2222222222222222	0.6	0.5	0.3333333333333333	0.375	0.09090909090909091	0.2222222222222222	0.3333333333333333	0.36363636363636365	0.21428571428571427	0.09090909090909091	0.0	0.0	0.0	0.0	0.0	0.0	0.0	
Mew Gull	0.1	0.125	0.3333333333333333	0.3076923076923077	0.3	0.07692307692307693	0.15	0.16666666666666666	0.1	0.0	0.15384615384615385	0.0	0.125	0.05555555555555555	0.10526315789473684	0.0	0.0	0.0	0.0	0.0	0.0	0.0	0.0	0.0	0.0	0.0	0.0	0.0	0.0	0.18181818181818182	0.0	0.06666666666666667	0.0	0.13333333333333333	0.1875	0.09090909090909091	0.0	0.0	0.45454545454545453	0.21428571428571427	0.09090909090909091	0.2	0.1	0.0	0.6	0.5	0.6666666666666666	0.2222222222222222	
Ring-billed Gull	0.0	0.0	0.0	0.0	0.0	0.0	0.0	0.0	0.0	0.0	0.0	0.0	0.0625	0.0015	0.0	0.0	0.0	0.0	0.0	0.0	0.0	0.0	0.125	0.0	0.0	0.08333333333333333	0.0	0.08333333333333333	0.0	0.09090909090909091	0.0	0.3333333333333333	0.0	0.0	0.0625	0.0	0.1111111111111111	0.0	0.0	0.0	0.0015	0.0	0.0	0.125	0.0	0.0	0.0	0.0015	
Western Gull	0.2	0.125	0.0	0.0	0.0	0.0	0.05	0.16666666666666666	0.2	0.16666666666666666	0.07692307692307693	0.06666666666666667	0.0625	0.0	0.15789473684210525	0.0	0.1	0.16666666666666666	0.0	0.0	0.1111111111111111	0.125	0.125	0.0	0.2	0.0	0.0015	0.0015	0.0	0.09090909090909091	0.0	0.06666666666666667	0.16666666666666666	0.13333333333333333	0.125	0.09090909090909091	0.0	0.0	0.18181818181818182	0.07142857142857142	0.09090909090909091	0.0	0.0	0.0	0.0	0.0	0.0	0.0	
California Gull	0.0	0.0	0.0	0.0	0.0	0.0015	0.0	0.0	0.0	0.0	0.0	0.0	0.0	0.0	0.0	0.07692307692307693	0.0	0.0	0.0	0.0	0.1111111111111111	0.0	0.125	0.2	0.0	0.0	0.0	0.3333333333333333	0.375	0.18181818181818182	0.1111111111111111	0.4	0.3333333333333333	0.4	0.1875	0.09090909090909091	0.2222222222222222	0.6666666666666666	0.2727272727272727	0.14285714285714285	0.0	0.0	0.0	0.0	0.0	0.0	0.0	0.0	
Herring Gull	0.0	0.0	0.0	0.0	0.0	0.0015	0.0	0.0	0.0	0.0	0.07692307692307693	0.0	0.0	0.0	0.0	0.0	0.0	0.0	0.0	0.0	0.0	0.0	0.0	0.0	0.0	0.0	0.0	0.0	0.0	0.0	0.0	0.0	0.0	0.0	0.0	0.0	0.0	0.0	0.0	0.0	0.0	0.0	0.0	0.125	0.0	0.0	0.0	0.0	
Iceland Gull	0.0	0.0	0.16666666666666666	0.0	0.0	0.0	0.0	0.0	0.0	0.0	0.0	0.0	0.0	0.0	0.0	0.0	0.0	0.0	0.0	0.0	0.0	0.0	0.0	0.0	0.0	0.0	0.0	0.0	0.0	0.0	0.0	0.0	0.0	0.06666666666666667	0.0625	0.0	0.0	0.0	0.0	0.0	0.0	0.0	0.0	0.0	0.0	0.0	0.0	0.0	
Glaucous-winged Gull	0.4	0.625	0.3333333333333333	0.46153846153846156	0.7	0.38461538461538464	0.3	0.3333333333333333	0.6	0.8333333333333334	0.38461538461538464	0.26666666666666666	0.25	0.5555555555555556	0.3684210526315789	0.46153846153846156	0.2	0.16666666666666666	0.375	0.3333333333333333	0.5555555555555556	0.125	0.375	0.2	0.2	0.3333333333333333	0.0015	0.3333333333333333	0.375	0.45454545454545453	0.4444444444444444	0.6666666666666666	0.3333333333333333	0.4	0.3125	0.09090909090909091	0.3333333333333333	0.3333333333333333	0.7272727272727273	0.7142857142857143	0.45454545454545453	0.8	0.4	0.125	0.6	0.0	0.3333333333333333	0.2222222222222222	
Western x Glaucous-winged Gull (hybrid)	0.2	0.0	0.16666666666666666	0.3076923076923077	0.3	0.07692307692307693	0.05	0.0	0.1	0.0	0.38461538461538464	0.06666666666666667	0.1875	0.16666666666666666	0.15789473684210525	0.07692307692307693	0.0	0.0	0.0	0.1111111111111111	0.3333333333333333	0.25	0.0	0.0	0.0	0.0	0.0	0.0	0.0	0.0015	0.1111111111111111	0.0	0.3333333333333333	0.13333333333333333	0.125	0.09090909090909091	0.0	0.0	0.09090909090909091	0.35714285714285715	0.18181818181818182	0.0	0.3	0.125	0.2	0.5	0.3333333333333333	0.1111111111111111	
Western/Glaucous-winged Gull	0.1	0.0	0.0	0.07692307692307693	0.0	0.07692307692307693	0.15	0.3333333333333333	0.1	0.0	0.0	0.06666666666666667	0.0625	0.05555555555555555	0.10526315789473684	0.0	0.1	0.16666666666666666	0.125	0.0	0.0	0.0	0.125	0.0	0.0	0.0	0.0	0.0	0.0	0.0	0.0	0.0	0.16666666666666666	0.06666666666666667	0.0	0.0	0.0	0.3333333333333333	0.18181818181818182	0.07142857142857142	0.09090909090909091	0.0	0.0	0.0	0.2	0.0	0.0	0.0	
Larus sp.	0.0	0.25	0.16666666666666666	0.23076923076923078	0.2	0.07692307692307693	0.05	0.16666666666666666	0.0	0.16666666666666666	0.23076923076923078	0.2	0.0	0.05555555555555555	0.10526315789473684	0.07692307692307693	0.1	0.0	0.0	0.0	0.1111111111111111	0.0	0.0	0.0	0.0	0.08333333333333333	0.0	0.0	0.0	0.0	0.0	0.06666666666666667	0.16666666666666666	0.13333333333333333	0.0	0.09090909090909091	0.1111111111111111	0.3333333333333333	0.36363636363636365	0.14285714285714285	0.18181818181818182	0.0	0.0	0.125	0.2	0.0	0.16666666666666666	0.1111111111111111	
gull sp.	0.3	0.5	0.16666666666666666	0.07692307692307693	0.2	0.15384615384615385	0.1	0.16666666666666666	0.0	0.6666666666666666	0.23076923076923078	0.26666666666666666	0.3125	0.16666666666666666	0.2631578947368421	0.3076923076923077	0.2	0.0	0.25	0.1111111111111111	0.0	0.125	0.125	0.0	0.2	0.08333333333333333	0.14285714285714285	0.25	0.5	0.18181818181818182	0.1111111111111111	0.2	0.3333333333333333	0.2	0.1875	0.2727272727272727	0.6666666666666666	0.3333333333333333	0.36363636363636365	0.5	0.5454545454545454	0.8	0.3	0.375	0.2	0.5	0.16666666666666666	0.3333333333333333	
Caspian Tern	0.0	0.0	0.0	0.0	0.0	0.0	0.0	0.0	0.0	0.0	0.0	0.0	0.0	0.0	0.05263157894736842	0.15384615384615385	0.1	0.0	0.125	0.2222222222222222	0.1111111111111111	0.25	0.375	0.2	0.0015	0.08333333333333333	0.0015	0.16666666666666666	0.125	0.09090909090909091	0.0	0.3333333333333333	0.3333333333333333	0.26666666666666666	0.0625	0.0	0.0	0.0	0.0	0.0	0.0	0.0	0.0	0.0	0.0	0.0	0.0	0.0	
Common Tern	0.0	0.0	0.0	0.0	0.0	0.0	0.0	0.0	0.0	0.0	0.0	0.0	0.0	0.0	0.0	0.0	0.0	0.0	0.0	0.0	0.0	0.0	0.0	0.0	0.0	0.0	0.0	0.0	0.0	0.0	0.0	0.2	0.0	0.0	0.0	0.0	0.0	0.0	0.0	0.0	0.0	0.0	0.0	0.0	0.0	0.0	0.0	0.0	
tern sp.	0.0	0.0	0.0	0.0	0.0	0.0	0.0	0.0	0.0	0.0	0.0	0.0	0.0	0.0	0.0	0.0	0.0	0.0	0.0	0.0	0.0	0.0	0.0	0.0	0.0	0.0	0.0	0.0	0.0	0.0	0.0	0.0	0.16666666666666666	0.0	0.0	0.0	0.0	0.0	0.0	0.0	0.0	0.0	0.0	0.0	0.0	0.0	0.0	0.0	
Red-throated Loon	0.3	0.125	0.6666666666666666	0.46153846153846156	0.2	0.15384615384615385	0.25	0.3333333333333333	0.3	0.3333333333333333	0.23076923076923078	0.26666666666666666	0.1875	0.2222222222222222	0.2631578947368421	0.15384615384615385	0.1	0.0	0.0	0.1111111111111111	0.1111111111111111	0.0	0.0	0.0	0.0	0.0	0.0	0.0	0.0015	0.0	0.1111111111111111	0.06666666666666667	0.0	0.0	0.0625	0.18181818181818182	0.1111111111111111	0.0	0.2727272727272727	0.35714285714285715	0.18181818181818182	0.8	0.6	0.0	0.8	1.0	0.3333333333333333	0.3333333333333333	
Pacific Loon	0.1	0.375	0.5	0.38461538461538464	0.5	0.38461538461538464	0.3	0.16666666666666666	0.1	0.6666666666666666	0.23076923076923078	0.06666666666666667	0.0625	0.16666666666666666	0.05263157894736842	0.15384615384615385	0.1	0.3333333333333333	0.0015	0.3333333333333333	0.2222222222222222	0.0015	0.0	0.0	0.2	0.0015	0.14285714285714285	0.08333333333333333	0.25	0.09090909090909091	0.5555555555555556	0.2	0.0	0.13333333333333333	0.25	0.18181818181818182	0.2222222222222222	0.6666666666666666	0.45454545454545453	0.7857142857142857	0.36363636363636365	0.6	0.4	0.25	0.4	0.0	0.5	0.3333333333333333	
Common Loon	0.3	0.375	0.8333333333333334	0.5384615384615384	0.5	0.3076923076923077	0.4	0.5	0.5	0.6666666666666666	0.3076923076923077	0.5333333333333333	0.25	0.4444444444444444	0.47368421052631576	0.46153846153846156	0.3	0.3333333333333333	0.125	0.3333333333333333	0.1111111111111111	0.0	0.25	0.2	0.0	0.16666666666666666	0.2857142857142857	0.25	0.25	0.36363636363636365	0.2222222222222222	0.6	0.6666666666666666	0.4666666666666667	0.6875	0.36363636363636365	0.7777777777777778	1.0	0.8181818181818182	0.8571428571428571	0.36363636363636365	0.6	0.5	0.375	0.8	1.0	0.5	0.0	
Yellow-billed Loon	0.1	0.0	0.0	0.0	0.0	0.0	0.0	0.0	0.0	0.0	0.0	0.0	0.0	0.0	0.0	0.0	0.0	0.0	0.0	0.0	0.0	0.0	0.0	0.0	0.0	0.0	0.0	0.0	0.0	0.0	0.0	0.0	0.0	0.0	0.0	0.0	0.0	0.0	0.0	0.0	0.0	0.0	0.0	0.0	0.0	0.0	0.0	0.0	
loon sp.	0.0	0.0	0.0	0.07692307692307693	0.0	0.07692307692307693	0.1	0.0	0.0	0.0	0.0	0.0	0.125	0.0	0.05263157894736842	0.07692307692307693	0.0	0.0	0.25	0.0	0.0	0.0	0.0	0.0	0.0	0.0	0.0	0.08333333333333333	0.0	0.0	0.1111111111111111	0.0	0.0	0.0	0.0	0.0	0.0	0.0	0.09090909090909091	0.0	0.09090909090909091	0.0	0.0	0.0015	0.0	0.0	0.0	0.0	
Brandt's Cormorant	0.0	0.125	0.0	0.07692307692307693	0.1	0.23076923076923078	0.1	0.0	0.0	0.0	0.0	0.06666666666666667	0.0625	0.0	0.05263157894736842	0.0	0.0	0.0	0.0	0.1111111111111111	0.1111111111111111	0.0	0.0	0.0	0.0	0.0	0.0015	0.08333333333333333	0.0	0.0	0.0	0.06666666666666667	0.0	0.06666666666666667	0.0625	0.18181818181818182	0.0	0.0	0.18181818181818182	0.0	0.0015	0.0	0.1	0.0	0.2	0.0	0.0	0.0	
Pelagic Cormorant	0.4	0.625	1.0	0.6923076923076923	0.6	0.46153846153846156	0.45	0.5	0.3	0.8333333333333334	0.23076923076923078	0.6	0.375	0.4444444444444444	0.631578947368421	0.38461538461538464	0.3	0.3333333333333333	0.25	0.4444444444444444	0.3333333333333333	0.125	0.375	0.0	0.6	0.16666666666666666	0.14285714285714285	0.4166666666666667	0.125	0.18181818181818182	0.4444444444444444	0.6666666666666666	0.3333333333333333	0.3333333333333333	0.3125	0.2727272727272727	0.5555555555555556	0.6666666666666666	0.8181818181818182	0.7857142857142857	0.36363636363636365	0.6	0.5	0.375	1.0	0.5	0.6666666666666666	0.2222222222222222	
Double-crested Cormorant	0.3	0.375	0.16666666666666666	0.15384615384615385	0.3	0.23076923076923078	0.2	0.16666666666666666	0.2	0.3333333333333333	0.38461538461538464	0.06666666666666667	0.25	0.16666666666666666	0.15789473684210525	0.07692307692307693	0.1	0.16666666666666666	0.0015	0.1111111111111111	0.1111111111111111	0.125	0.0	0.0	0.0	0.08333333333333333	0.0	0.08333333333333333	0.125	0.0015	0.1111111111111111	0.3333333333333333	0.0	0.3333333333333333	0.25	0.2727272727272727	0.4444444444444444	0.3333333333333333	0.5454545454545454	0.35714285714285715	0.09090909090909091	0.6	0.5	0.125	0.4	0.5	0.6666666666666666	0.1111111111111111	
cormorant sp.	0.0	0.125	0.0	0.0	0.0	0.0	0.0	0.0	0.0	0.0	0.15384615384615385	0.0	0.0	0.0	0.0	0.07692307692307693	0.0	0.0	0.125	0.0	0.1111111111111111	0.0	0.0	0.0	0.0	0.0	0.0	0.08333333333333333	0.0	0.0	0.0	0.06666666666666667	0.16666666666666666	0.13333333333333333	0.125	0.0	0.0	0.0	0.09090909090909091	0.0	0.09090909090909091	0.0	0.1	0.0	0.0	0.0	0.0	0.0	
Brown Pelican	0.0	0.0	0.0	0.0	0.0	0.0	0.0	0.0	0.0	0.0	0.0	0.0	0.0	0.0	0.0	0.0	0.0	0.0	0.0	0.0	0.0	0.0	0.0	0.0	0.0	0.0	0.0	0.0	0.0	0.0	0.0	0.0	0.0	0.0	0.0	0.0	0.0	0.0	0.09090909090909091	0.0	0.0	0.0	0.0	0.0	0.0	0.0	0.0	0.0	
American Bittern	0.0	0.0	0.0	0.0	0.0015	0.0	0.0	0.0	0.0	0.0	0.0	0.0	0.0	0.0	0.05263157894736842	0.0	0.0015	0.0	0.0	0.0	0.0	0.0	0.0	0.0	0.0	0.0	0.0	0.0	0.0	0.0	0.0	0.0	0.0	0.0	0.0	0.0	0.0	0.0	0.0	0.0	0.0	0.0	0.0	0.0	0.0	0.0	0.0	0.0	
Great Blue Heron	0.1	0.125	0.0	0.07692307692307693	0.1	0.15384615384615385	0.05	0.0	0.1	0.0	0.07692307692307693	0.06666666666666667	0.1875	0.0	0.15789473684210525	0.07692307692307693	0.1	0.0	0.125	0.1111111111111111	0.1111111111111111	0.0	0.125	0.0	0.0	0.0	0.0	0.16666666666666666	0.125	0.2727272727272727	0.0	0.5333333333333333	0.16666666666666666	0.06666666666666667	0.25	0.18181818181818182	0.2222222222222222	0.3333333333333333	0.09090909090909091	0.14285714285714285	0.09090909090909091	0.4	0.0	0.125	0.2	0.0	0.0	0.0	
Green Heron	0.0	0.0	0.0	0.0	0.0	0.0	0.0	0.0	0.0	0.0	0.0	0.0	0.0	0.0	0.0	0.0	0.0	0.0	0.0	0.0	0.0	0.0	0.0	0.0	0.2	0.0	0.0	0.08333333333333333	0.0	0.0	0.0	0.0	0.0	0.0	0.0	0.0	0.0	0.0	0.0	0.0	0.0	0.0	0.0	0.0	0.0	0.0	0.0	0.0	
Turkey Vulture	0.0	0.0	0.0	0.0	0.0	0.0	0.0	0.0	0.0	0.0	0.07692307692307693	0.06666666666666667	0.25	0.16666666666666666	0.15789473684210525	0.07692307692307693	0.2	0.16666666666666666	0.375	0.0	0.1111111111111111	0.0	0.0	0.0015	0.2	0.08333333333333333	0.0	0.16666666666666666	0.0	0.0	0.0	0.0	0.0	0.0015	0.0	0.0	0.1111111111111111	0.0	0.0	0.0	0.0	0.0	0.0	0.0	0.0	0.0	0.0	0.0	
Osprey	0.0	0.0	0.0	0.0	0.0	0.0	0.0	0.0	0.0	0.0	0.0	0.0	0.0625	0.0	0.0	0.0	0.0	0.0	0.0	0.0	0.1111111111111111	0.0	0.0	0.0	0.0	0.0	0.0	0.08333333333333333	0.0	0.0	0.0	0.06666666666666667	0.0	0.0	0.0	0.0	0.0	0.0	0.0	0.0	0.0	0.0	0.0	0.0	0.0	0.0	0.0	0.0	
Northern Harrier	0.3	0.25	0.3333333333333333	0.3076923076923077	0.4	0.38461538461538464	0.4	0.5	0.3	0.6666666666666666	0.38461538461538464	0.5333333333333333	0.6875	0.6111111111111112	0.5789473684210527	0.6923076923076923	0.4	0.3333333333333333	0.0	0.3333333333333333	0.4444444444444444	0.25	0.125	0.2	0.4	0.3333333333333333	0.7142857142857143	0.08333333333333333	0.375	0.2727272727272727	0.4444444444444444	0.3333333333333333	0.5	0.13333333333333333	0.1875	0.2727272727272727	0.8888888888888888	0.3333333333333333	0.45454545454545453	0.5714285714285714	0.36363636363636365	0.4	0.4	0.5	0.0	0.5	0.6666666666666666	0.4444444444444444	
Sharp-shinned Hawk	0.0	0.25	0.0	0.0	0.0	0.0	0.0	0.0	0.0	0.0	0.07692307692307693	0.06666666666666667	0.25	0.1111111111111111	0.05263157894736842	0.0	0.0	0.0	0.0	0.0	0.1111111111111111	0.0	0.0	0.0	0.0	0.0	0.0	0.0	0.0	0.0	0.0	0.0	0.0	0.06666666666666667	0.0625	0.09090909090909091	0.0	0.0	0.09090909090909091	0.07142857142857142	0.0	0.2	0.0	0.125	0.0	0.0	0.0	0.0	
Cooper's Hawk	0.0	0.125	0.0	0.0	0.1	0.23076923076923078	0.05	0.16666666666666666	0.1	0.16666666666666666	0.0	0.2	0.0625	0.1111111111111111	0.05263157894736842	0.0	0.0	0.0	0.0	0.0	0.0	0.0015	0.25	0.0	0.0	0.08333333333333333	0.0	0.16666666666666666	0.0	0.18181818181818182	0.0	0.0	0.3333333333333333	0.0	0.0625	0.0	0.4444444444444444	0.0	0.0	0.07142857142857142	0.0	0.2	0.1	0.125	0.2	0.0	0.3333333333333333	0.0	
Accipiter sp.	0.0	0.0	0.0	0.0	0.0	0.0	0.0	0.0	0.0	0.0	0.0	0.0	0.0	0.0	0.05263157894736842	0.0	0.0	0.0	0.0	0.0	0.0	0.0	0.0	0.0	0.0	0.0	0.0	0.0	0.0	0.0	0.0	0.0	0.0	0.0	0.0	0.0	0.0	0.0	0.0	0.0	0.0	0.0	0.0	0.0	0.0	0.0	0.0	0.0	
Bald Eagle	0.2	0.125	0.3333333333333333	0.15384615384615385	0.5	0.3076923076923077	0.3	0.8333333333333334	0.5	0.5	0.5384615384615384	0.6666666666666666	0.625	0.5555555555555556	0.5263157894736842	0.5384615384615384	0.4	0.16666666666666666	0.375	0.1111111111111111	0.3333333333333333	0.5	0.5	0.6	0.0	0.16666666666666666	0.14285714285714285	0.3333333333333333	0.25	0.36363636363636365	0.2222222222222222	0.26666666666666666	0.16666666666666666	0.0015	0.0625	0.2727272727272727	0.1111111111111111	0.6666666666666666	0.18181818181818182	0.21428571428571427	0.5454545454545454	0.8	0.5	0.375	0.6	0.5	0.5	0.5555555555555556	
Red-tailed Hawk	0.2	0.125	0.0	0.07692307692307693	0.2	0.15384615384615385	0.15	0.0	0.3	0.5	0.23076923076923078	0.4666666666666667	0.25	0.16666666666666666	0.10526315789473684	0.07692307692307693	0.0	0.0	0.375	0.0	0.2222222222222222	0.0	0.0	0.0015	0.0	0.08333333333333333	0.0	0.0	0.25	0.0	0.0	0.06666666666666667	0.16666666666666666	0.0	0.125	0.0	0.1111111111111111	0.0	0.09090909090909091	0.14285714285714285	0.18181818181818182	0.6	0.2	0.125	0.4	0.5	0.5	0.1111111111111111	
Rough-legged Hawk	0.0	0.0	0.0	0.0	0.0	0.0	0.05	0.0	0.0	0.0	0.0	0.0	0.0	0.0	0.0	0.0	0.0	0.0	0.0	0.0	0.0	0.0	0.0	0.0	0.0	0.0	0.0	0.0	0.0	0.0	0.0	0.0	0.0	0.0	0.0	0.0	0.0	0.0	0.0	0.0	0.0	0.0	0.0	0.0	0.0	0.0	0.0	0.0	
Barn Owl	0.0	0.0	0.0	0.07692307692307693	0.0	0.0	0.05	0.0	0.0	0.0015	0.0	0.0	0.0	0.0	0.0	0.07692307692307693	0.0	0.0	0.0	0.0	0.0	0.0	0.0	0.0	0.0	0.08333333333333333	0.0	0.0	0.125	0.09090909090909091	0.0	0.0	0.0	0.0	0.0	0.0	0.1111111111111111	0.0	0.0	0.0	0.0	0.0	0.0	0.0	0.0	0.0	0.0	0.0	
Great Horned Owl	0.0	0.0	0.0	0.0	0.0	0.0	0.0	0.0	0.0	0.0	0.0	0.0	0.0	0.0	0.05263157894736842	0.0	0.0	0.0	0.0	0.0	0.0	0.0	0.0	0.0	0.0	0.0	0.0	0.0	0.0	0.0	0.0	0.0	0.0	0.0	0.0	0.0	0.0	0.0	0.0	0.0	0.0	0.0	0.0	0.0	0.0	0.0	0.0	0.0	
Barred Owl	0.0	0.0	0.0	0.0	0.0	0.0	0.0	0.0	0.0	0.0	0.07692307692307693	0.0	0.0	0.0	0.10526315789473684	0.07692307692307693	0.0	0.0	0.0	0.1111111111111111	0.0	0.0	0.0	0.0	0.0	0.0	0.0	0.0	0.0	0.0	0.0	0.0	0.0	0.0	0.0	0.0	0.0015	0.0	0.0	0.07142857142857142	0.0	0.0	0.0	0.0	0.0	0.0	0.0	0.0	
Long-eared Owl	0.0	0.0	0.0	0.07692307692307693	0.0	0.0	0.0	0.0	0.0	0.0	0.0	0.0	0.0	0.0	0.0	0.0	0.0	0.0	0.0	0.0	0.0	0.0	0.0	0.0	0.0	0.0	0.0	0.0	0.0	0.0	0.0	0.0	0.0	0.0	0.0	0.0	0.0	0.0	0.0	0.0	0.0	0.0	0.0	0.0	0.0	0.0	0.0	0.0	
Short-eared Owl	0.0015	0.0015	0.0	0.0	0.0	0.0015	0.0	0.0	0.1	0.0	0.0	0.0	0.0625	0.1111111111111111	0.0	0.0	0.0	0.0	0.0	0.0	0.0	0.0	0.0	0.0	0.0	0.0	0.0	0.0	0.0	0.0	0.0	0.0	0.0	0.0	0.0	0.0	0.0	0.0	0.0	0.07142857142857142	0.0015	0.2	0.1	0.0	0.0	0.0	0.0	0.0015	
Long-eared/Short-eared Owl	0.0	0.0	0.0	0.07692307692307693	0.0	0.0	0.0	0.0	0.0	0.0	0.0	0.0	0.0	0.0	0.0	0.0	0.0	0.0	0.0	0.0	0.0	0.0	0.0	0.0	0.0	0.0	0.0	0.0	0.0	0.0	0.0	0.0	0.0	0.0	0.0	0.0	0.0	0.0	0.0	0.0	0.0	0.0	0.0	0.0	0.0	0.0	0.0	0.0	
Northern Saw-whet Owl	0.0	0.0	0.0	0.0	0.0	0.0	0.0	0.0	0.0	0.0	0.0	0.0	0.0	0.0	0.05263157894736842	0.0	0.0	0.0	0.0	0.0	0.0	0.0	0.0	0.0	0.0	0.0	0.0	0.0	0.0	0.0	0.0	0.0	0.0	0.0	0.0	0.0	0.0	0.0	0.0	0.0	0.0015	0.0	0.0	0.0	0.0	0.0	0.0	0.0	
Belted Kingfisher	0.1	0.0	0.0015	0.0	0.0	0.0	0.05	0.0	0.1	0.0	0.07692307692307693	0.06666666666666667	0.0	0.1111111111111111	0.10526315789473684	0.0	0.0	0.0015	0.0	0.0	0.3333333333333333	0.0	0.0	0.0	0.0	0.16666666666666666	0.0	0.3333333333333333	0.0	0.09090909090909091	0.0	0.4	0.0	0.06666666666666667	0.125	0.0	0.1111111111111111	0.0015	0.09090909090909091	0.07142857142857142	0.09090909090909091	0.0	0.1	0.125	0.0	0.0	0.0	0.1111111111111111	
Red-breasted Sapsucker	0.0	0.0	0.0	0.07692307692307693	0.0	0.0	0.0	0.0	0.0	0.0	0.07692307692307693	0.06666666666666667	0.0	0.0	0.0	0.0	0.0	0.16666666666666666	0.0	0.0	0.0	0.0	0.0	0.0	0.0	0.0	0.0	0.0	0.0	0.0	0.0	0.0	0.0	0.0	0.0	0.09090909090909091	0.0	0.0	0.0	0.07142857142857142	0.09090909090909091	0.0	0.1	0.0	0.0	0.0	0.16666666666666666	0.0	
sapsucker sp.	0.0	0.0	0.0	0.0	0.0	0.0	0.0	0.0	0.0	0.0	0.0	0.0	0.0	0.0	0.0	0.0	0.0	0.0	0.0	0.0	0.0	0.125	0.0	0.0	0.0	0.0	0.0	0.0	0.0	0.0	0.0	0.0	0.0	0.0	0.0	0.0	0.0	0.0	0.0	0.0	0.0	0.0	0.0	0.0	0.0	0.0	0.0	0.0	
Downy Woodpecker	0.4	0.0	0.0015	0.15384615384615385	0.1	0.0	0.1	0.0	0.2	0.0	0.15384615384615385	0.06666666666666667	0.0625	0.16666666666666666	0.10526315789473684	0.15384615384615385	0.1	0.0	0.0	0.0	0.0	0.125	0.0	0.0	0.0	0.16666666666666666	0.14285714285714285	0.0	0.125	0.18181818181818182	0.0	0.2	0.0	0.2	0.0625	0.2727272727272727	0.1111111111111111	0.0	0.0	0.14285714285714285	0.09090909090909091	0.4	0.3	0.125	0.0	0.0	0.16666666666666666	0.0	
Hairy Woodpecker	0.0	0.0	0.0	0.0	0.0	0.0	0.1	0.0	0.0	0.0	0.15384615384615385	0.06666666666666667	0.0	0.0	0.05263157894736842	0.07692307692307693	0.0	0.16666666666666666	0.0	0.0	0.1111111111111111	0.125	0.0	0.0	0.0	0.0	0.0	0.16666666666666666	0.0	0.0	0.1111111111111111	0.13333333333333333	0.0015	0.0	0.375	0.09090909090909091	0.2222222222222222	0.0	0.09090909090909091	0.14285714285714285	0.0	0.0	0.1	0.0	0.2	0.0	0.0	0.1111111111111111	
Downy/Hairy Woodpecker	0.0	0.0	0.0	0.0	0.0	0.0	0.0	0.0	0.0	0.0	0.0	0.06666666666666667	0.0	0.0	0.0	0.0	0.0	0.0	0.0	0.0	0.0	0.0	0.0	0.0	0.0	0.0	0.0	0.0	0.0	0.0	0.0	0.0	0.0	0.0	0.0	0.0	0.0	0.0	0.0	0.0	0.0	0.0	0.0	0.0	0.0	0.0	0.0	0.0	
Pileated Woodpecker	0.0	0.0	0.0	0.0	0.0	0.0	0.0	0.0	0.0	0.0	0.07692307692307693	0.0	0.0625	0.0	0.0	0.0	0.0	0.0	0.125	0.0	0.0	0.0	0.0	0.0	0.0	0.0	0.0	0.08333333333333333	0.0	0.0	0.0	0.06666666666666667	0.0	0.0	0.0	0.09090909090909091	0.0	0.0	0.0	0.0	0.0	0.0	0.0	0.0	0.0	0.0	0.0	0.0	
Northern Flicker	0.3	0.25	0.0	0.15384615384615385	0.2	0.0	0.2	0.0	0.3	0.3333333333333333	0.38461538461538464	0.4666666666666667	0.125	0.2777777777777778	0.15789473684210525	0.15384615384615385	0.0	0.0	0.0	0.0	0.0	0.0	0.0	0.0	0.2	0.08333333333333333	0.0	0.08333333333333333	0.125	0.18181818181818182	0.0	0.13333333333333333	0.0	0.26666666666666666	0.125	0.5454545454545454	0.7777777777777778	1.0	0.6363636363636364	0.35714285714285715	0.6363636363636364	0.4	0.3	0.5	0.0	0.5	0.3333333333333333	0.1111111111111111	
woodpecker sp.	0.1	0.0	0.0	0.0	0.0	0.0	0.0	0.0	0.0	0.0	0.0	0.0	0.0625	0.0	0.05263157894736842	0.0	0.0	0.0	0.0	0.0	0.0	0.0	0.0	0.0	0.0	0.0	0.0	0.0	0.0	0.0	0.0	0.0	0.0	0.0	0.0	0.0	0.0015	0.0	0.0	0.0	0.0	0.0	0.0	0.0	0.0	0.0	0.0	0.0	
American Kestrel	0.0	0.0	0.0	0.0015	0.0	0.0	0.0	0.0015	0.2	0.0	0.0	0.0	0.0	0.05555555555555555	0.05263157894736842	0.0	0.0	0.0	0.0	0.0	0.0	0.0	0.0	0.0	0.0	0.0	0.0015	0.0	0.0	0.0	0.0	0.0	0.0	0.0	0.0	0.0	0.2222222222222222	0.0	0.0	0.0	0.0	0.0	0.0	0.0	0.0	0.5	0.0	0.0	
Merlin	0.0	0.0	0.0015	0.0	0.0	0.07692307692307693	0.0	0.0	0.0	0.0	0.0	0.06666666666666667	0.0	0.0	0.0	0.0	0.0	0.0	0.0	0.0	0.0	0.0	0.0	0.0	0.0	0.0	0.0	0.08333333333333333	0.0	0.0	0.0	0.0	0.0	0.06666666666666667	0.0625	0.09090909090909091	0.0	0.3333333333333333	0.0	0.0	0.18181818181818182	0.0	0.1	0.0	0.0	0.5	0.16666666666666666	0.1111111111111111	
Peregrine Falcon	0.0	0.0	0.0	0.0015	0.0015	0.0	0.0	0.0	0.1	0.0	0.0	0.0	0.0	0.0	0.05263157894736842	0.0	0.0	0.0	0.0	0.0	0.0	0.0	0.0	0.0	0.0	0.0	0.0	0.0015	0.0	0.0	0.0	0.0	0.3333333333333333	0.0	0.125	0.0	0.0015	0.0	0.0	0.07142857142857142	0.09090909090909091	0.0	0.0	0.0	0.0	0.0	0.16666666666666666	0.0	
small falcon sp.	0.0	0.0	0.0	0.0	0.0	0.0	0.0	0.0	0.0	0.0	0.0	0.0	0.0	0.0	0.0	0.0	0.0	0.0	0.0	0.0	0.0	0.0	0.0	0.0	0.2	0.0	0.0	0.0	0.0	0.0	0.0	0.0	0.0	0.0	0.0	0.0	0.0	0.0	0.0	0.0	0.0	0.0	0.0	0.0	0.0	0.0	0.0	0.0	
Olive-sided Flycatcher	0.0	0.0	0.0	0.0	0.0	0.0	0.0	0.0	0.0	0.0	0.0	0.0	0.0	0.0	0.0	0.0	0.0	0.0	0.0	0.1111111111111111	0.1111111111111111	0.125	0.0	0.0	0.0	0.08333333333333333	0.0	0.0	0.0	0.0	0.0	0.0	0.0	0.0	0.0	0.0	0.0	0.0	0.0	0.0	0.0	0.0	0.0	0.0	0.0	0.0	0.0	0.0	
Western Wood-Pewee	0.0	0.0	0.0	0.0	0.0	0.0	0.0	0.0	0.0	0.0	0.0	0.0	0.0	0.0	0.0	0.0	0.0	0.0	0.0	0.1111111111111111	0.1111111111111111	0.0	0.125	0.0	0.0	0.0	0.14285714285714285	0.0	0.0	0.18181818181818182	0.3333333333333333	0.0	0.0	0.0	0.0	0.0	0.0	0.0	0.0	0.0	0.0	0.0	0.0	0.0	0.0	0.0	0.0	0.0	
Willow Flycatcher	0.0	0.0	0.0	0.0	0.0	0.0	0.0	0.0	0.0	0.0	0.0	0.0	0.0	0.0	0.0	0.0	0.0	0.0	0.0	0.0	0.2222222222222222	0.125	0.125	0.0	0.2	0.0	0.0	0.0	0.0	0.0	0.0	0.06666666666666667	0.0	0.0	0.0	0.0	0.0	0.0	0.0	0.0	0.0	0.0	0.0	0.0	0.0	0.0	0.0	0.0	
Hammond's Flycatcher	0.0	0.0	0.0	0.0	0.0	0.0	0.0	0.0	0.0	0.0	0.0	0.0	0.0	0.0	0.0	0.0	0.0	0.0	0.0	0.0	0.0	0.0	0.0	0.0	0.0	0.0	0.0	0.0	0.0	0.0	0.0	0.06666666666666667	0.0	0.0	0.0	0.0	0.0	0.0	0.0	0.0	0.0	0.0	0.0	0.0	0.0	0.0	0.0	0.0	
Pacific-slope Flycatcher	0.0	0.0	0.0	0.0	0.0	0.0	0.0	0.0	0.0	0.0	0.0	0.0	0.0	0.0	0.05263157894736842	0.07692307692307693	0.1	0.3333333333333333	0.25	0.3333333333333333	0.4444444444444444	0.25	0.125	0.2	0.2	0.16666666666666666	0.14285714285714285	0.25	0.0	0.18181818181818182	0.1111111111111111	0.06666666666666667	0.0	0.0	0.0	0.0	0.0	0.0	0.0	0.0	0.0	0.0	0.0	0.0	0.0	0.0	0.0	0.0	
Empidonax sp.	0.0	0.0	0.0	0.0	0.0	0.0	0.0	0.0	0.0	0.0	0.0	0.0	0.0	0.0	0.0	0.07692307692307693	0.0	0.0	0.0	0.0	0.0	0.0	0.0	0.0	0.0	0.0	0.0	0.0	0.0	0.0	0.0	0.0	0.0	0.0	0.0	0.0	0.0	0.0	0.0	0.0	0.0	0.0	0.0	0.0	0.0	0.0	0.0	0.0	
Northern Shrike	0.1	0.0	0.0	0.0015	0.0	0.0	0.1	0.0	0.0	0.0	0.0	0.0	0.3125	0.1111111111111111	0.0	0.0	0.0	0.0	0.0	0.0	0.0	0.0	0.0	0.0	0.0	0.0	0.0	0.0	0.0	0.0	0.0	0.0	0.0	0.0	0.0	0.0	0.0	0.0	0.09090909090909091	0.07142857142857142	0.2727272727272727	0.4	0.0	0.125	0.0	0.5	0.0015	0.0	
Hutton's Vireo	0.0	0.0	0.0	0.0	0.1	0.0	0.0	0.0	0.1	0.0015	0.07692307692307693	0.13333333333333333	0.25	0.1111111111111111	0.05263157894736842	0.0	0.0	0.0	0.0	0.0	0.0	0.125	0.125	0.0	0.0	0.08333333333333333	0.0	0.0	0.125	0.09090909090909091	0.2222222222222222	0.06666666666666667	0.3333333333333333	0.06666666666666667	0.3125	0.2727272727272727	0.1111111111111111	0.6666666666666666	0.0	0.07142857142857142	0.0	0.2	0.0	0.0	0.0	0.0	0.0	0.0	
Cassin's Vireo	0.0	0.0	0.0	0.0	0.0	0.0	0.0	0.0	0.0	0.0	0.0	0.0	0.0	0.0	0.05263157894736842	0.0	0.0	0.0	0.125	0.0	0.0	0.0	0.0	0.0	0.0	0.0	0.0	0.0	0.0	0.09090909090909091	0.0	0.0	0.0	0.06666666666666667	0.0	0.0	0.0	0.0	0.0	0.0	0.0	0.0	0.0	0.0	0.0	0.0	0.0	0.0	
Warbling Vireo	0.0	0.0	0.0	0.0	0.0	0.0	0.0	0.0	0.0	0.0	0.0	0.0	0.0	0.0	0.0	0.0	0.0	0.16666666666666666	0.0	0.1111111111111111	0.1111111111111111	0.0	0.0	0.0	0.0	0.08333333333333333	0.0	0.0	0.125	0.0	0.0	0.0	0.0	0.0	0.0	0.0	0.0	0.0	0.0	0.0	0.0	0.0	0.0	0.0	0.0	0.0	0.0	0.0	
Canada Jay	0.0	0.0	0.0	0.0	0.0	0.0	0.0	0.0	0.0	0.0	0.0	0.0	0.0	0.0	0.0	0.0	0.0	0.0	0.0	0.0	0.0	0.0	0.0	0.0015	0.0	0.0	0.0	0.0	0.0	0.0	0.0	0.0	0.0	0.0	0.0	0.0	0.0	0.0	0.0	0.0	0.0	0.0	0.0	0.0	0.0	0.0	0.0	0.0	
Steller's Jay	0.2	0.0	0.0	0.07692307692307693	0.0	0.07692307692307693	0.05	0.16666666666666666	0.4	0.16666666666666666	0.23076923076923078	0.2	0.1875	0.3333333333333333	0.10526315789473684	0.15384615384615385	0.1	0.16666666666666666	0.0	0.1111111111111111	0.0	0.0	0.0	0.0	0.0	0.0	0.0	0.08333333333333333	0.125	0.0	0.0	0.06666666666666667	0.0	0.13333333333333333	0.375	0.2727272727272727	0.8888888888888888	0.6666666666666666	0.2727272727272727	0.14285714285714285	0.45454545454545453	0.2	0.1	0.0	0.0	0.5	0.6666666666666666	0.1111111111111111	
American Crow	0.1	0.0	0.16666666666666666	0.07692307692307693	0.3	0.07692307692307693	0.05	0.16666666666666666	0.3	0.16666666666666666	0.3076923076923077	0.26666666666666666	0.25	0.3888888888888889	0.5263157894736842	0.46153846153846156	0.4	0.16666666666666666	0.375	0.3333333333333333	0.4444444444444444	0.25	0.5	0.8	0.4	0.25	0.2857142857142857	0.16666666666666666	0.375	0.2727272727272727	0.1111111111111111	0.2	0.3333333333333333	0.26666666666666666	0.125	0.2727272727272727	0.5555555555555556	0.0015	0.18181818181818182	0.35714285714285715	0.45454545454545453	0.2	0.2	0.375	0.2	0.0	0.0	0.1111111111111111	
Northwestern Crow	0.0	0.0	0.0	0.0	0.1	0.07692307692307693	0.05	0.0	0.0	0.0	0.15384615384615385	0.06666666666666667	0.0	0.05555555555555555	0.21052631578947367	0.07692307692307693	0.2	0.3333333333333333	0.0	0.1111111111111111	0.0015	0.0	0.25	0.0015	0.4	0.08333333333333333	0.0015	0.16666666666666666	0.25	0.09090909090909091	0.0	0.06666666666666667	0.0	0.0	0.125	0.0	0.0	0.0015	0.0	0.07142857142857142	0.0	0.0	0.0	0.0	0.0	0.0	0.0	0.0	
American/Northwestern Crow	0.2	0.25	0.16666666666666666	0.23076923076923078	0.4	0.23076923076923078	0.2	0.5	0.3	0.6666666666666666	0.5384615384615384	0.4	0.625	0.4444444444444444	0.15789473684210525	0.3076923076923077	0.2	0.3333333333333333	0.125	0.1111111111111111	0.4444444444444444	0.0	0.0	0.0	0.0	0.3333333333333333	0.14285714285714285	0.08333333333333333	0.25	0.09090909090909091	0.1111111111111111	0.13333333333333333	0.3333333333333333	0.26666666666666666	0.125	0.2727272727272727	0.4444444444444444	0.6666666666666666	0.18181818181818182	0.35714285714285715	0.2727272727272727	0.4	0.2	0.5	0.2	0.5	0.6666666666666666	0.1111111111111111	
Common Raven	0.5	0.25	0.3333333333333333	0.3076923076923077	0.4	0.3076923076923077	0.3	0.16666666666666666	0.5	0.6666666666666666	0.7692307692307693	0.6	0.375	0.4444444444444444	0.3684210526315789	0.38461538461538464	0.4	0.3333333333333333	0.25	0.3333333333333333	0.1111111111111111	0.25	0.0	0.0015	0.0	0.25	0.0015	0.5833333333333334	0.375	0.7272727272727273	0.7777777777777778	0.3333333333333333	0.6666666666666666	0.4	0.4375	0.45454545454545453	0.7777777777777778	1.0	0.36363636363636365	0.5	0.5454545454545454	0.8	0.7	0.625	0.6	0.5	0.8333333333333334	0.5555555555555556	
Horned Lark	0.0	0.0	0.0	0.0	0.0	0.0	0.0	0.0	0.0	0.0	0.0	0.0	0.0	0.0	0.0	0.0	0.0	0.0	0.0	0.0	0.0	0.0	0.0	0.0015	0.0	0.0	0.0	0.08333333333333333	0.0	0.0	0.0	0.0	0.0	0.0	0.0	0.0015	0.0	0.0	0.0	0.0	0.0	0.0	0.0	0.0	0.0	0.0	0.0	0.0	
Northern Rough-winged Swallow	0.0	0.0	0.0	0.0	0.0	0.0	0.0	0.0	0.0	0.0	0.0	0.0	0.0	0.0	0.0	0.0	0.0	0.0	0.25	0.1111111111111111	0.2222222222222222	0.25	0.0	0.0	0.0	0.0	0.14285714285714285	0.0	0.125	0.0	0.0	0.0	0.0	0.0	0.0	0.0	0.0	0.0	0.0	0.0	0.0	0.0	0.0	0.0	0.0	0.0	0.0	0.0	
Purple Martin	0.0	0.0	0.0	0.0	0.0	0.0	0.0	0.0	0.0	0.0	0.0	0.0	0.0	0.0	0.0	0.0	0.0	0.0	0.0	0.0	0.1111111111111111	0.0	0.0	0.0	0.0	0.0	0.0	0.0	0.0	0.0	0.0	0.06666666666666667	0.0	0.0	0.0	0.0	0.0	0.0	0.0	0.0	0.0	0.0	0.0	0.0	0.0	0.0	0.0	0.0	
Tree Swallow	0.0	0.0	0.0	0.0	0.0	0.0	0.0	0.0	0.0	0.16666666666666666	0.07692307692307693	0.26666666666666666	0.125	0.3888888888888889	0.3157894736842105	0.23076923076923078	0.1	0.0	0.125	0.1111111111111111	0.2222222222222222	0.125	0.125	0.4	0.0	0.08333333333333333	0.0	0.08333333333333333	0.0	0.0	0.0	0.0	0.0	0.0	0.0	0.0	0.0	0.0	0.0	0.0	0.0	0.0	0.0	0.0	0.0	0.0	0.0	0.0	
Violet-green Swallow	0.0	0.0	0.0	0.0	0.0	0.0	0.0	0.0	0.0	0.0	0.07692307692307693	0.3333333333333333	0.3125	0.3333333333333333	0.3157894736842105	0.15384615384615385	0.1	0.3333333333333333	0.375	0.2222222222222222	0.3333333333333333	0.125	0.5	0.0	0.2	0.3333333333333333	0.14285714285714285	0.16666666666666666	0.125	0.0	0.0	0.13333333333333333	0.0	0.0	0.3125	0.09090909090909091	0.0	0.3333333333333333	0.0	0.0	0.0	0.0	0.0	0.0	0.0	0.0	0.0	0.0	
Tree/Violet-green Swallow	0.0	0.0	0.0	0.0	0.0	0.0	0.0	0.0	0.0	0.0	0.0	0.0	0.0	0.05555555555555555	0.05263157894736842	0.0	0.0	0.0	0.0	0.0	0.0	0.0	0.0	0.0	0.0	0.0	0.0	0.0	0.0	0.09090909090909091	0.0	0.0	0.0	0.0	0.0	0.0	0.0	0.0	0.0	0.0	0.0	0.0	0.0	0.0	0.0	0.0	0.0	0.0	
Barn Swallow	0.0	0.0	0.0	0.0	0.0	0.0	0.0	0.0	0.0	0.0	0.0	0.0	0.0625	0.05555555555555555	0.10526315789473684	0.07692307692307693	0.1	0.16666666666666666	0.25	0.4444444444444444	0.4444444444444444	0.125	0.25	0.0	0.2	0.5833333333333334	0.14285714285714285	0.4166666666666667	0.25	0.2727272727272727	0.3333333333333333	0.4	0.3333333333333333	0.06666666666666667	0.25	0.0	0.0	0.0	0.0	0.0	0.0	0.0	0.0	0.0	0.0	0.0	0.0	0.0	
Cliff Swallow	0.0	0.0	0.0	0.0	0.0	0.0	0.0	0.0	0.0	0.0	0.0	0.0	0.0	0.0	0.05263157894736842	0.0	0.0	0.0	0.125	0.0	0.1111111111111111	0.25	0.125	0.0015	0.2	0.08333333333333333	0.0	0.08333333333333333	0.0	0.09090909090909091	0.0	0.0	0.0	0.0	0.0	0.0	0.0	0.0	0.0	0.0	0.0	0.0	0.0	0.0	0.0	0.0	0.0	0.0	
swallow sp.	0.0	0.0	0.0	0.0	0.0	0.0	0.0	0.0	0.0	0.16666666666666666	0.0	0.06666666666666667	0.0	0.0	0.0	0.0	0.0	0.0	0.125	0.1111111111111111	0.0	0.125	0.125	0.0	0.0	0.0	0.14285714285714285	0.08333333333333333	0.0	0.0	0.1111111111111111	0.06666666666666667	0.0	0.0	0.0625	0.09090909090909091	0.0	0.0	0.0	0.0	0.0	0.0	0.0	0.0	0.0	0.0	0.0	0.0	
Black-capped Chickadee	0.1	0.0	0.0015	0.0015	0.1	0.15384615384615385	0.25	0.6666666666666666	0.2	0.16666666666666666	0.38461538461538464	0.26666666666666666	0.4375	0.3333333333333333	0.3157894736842105	0.15384615384615385	0.1	0.16666666666666666	0.125	0.1111111111111111	0.3333333333333333	0.25	0.0	0.2	0.2	0.16666666666666666	0.2857142857142857	0.16666666666666666	0.125	0.45454545454545453	0.4444444444444444	0.3333333333333333	0.6666666666666666	0.4	0.375	0.5454545454545454	0.7777777777777778	0.3333333333333333	0.36363636363636365	0.2857142857142857	0.5454545454545454	0.6	0.3	0.125	0.2	0.0	0.16666666666666666	0.1111111111111111	
Chestnut-backed Chickadee	0.2	0.0	0.16666666666666666	0.15384615384615385	0.3	0.3076923076923077	0.2	0.6666666666666666	0.5	0.8333333333333334	0.3076923076923077	0.3333333333333333	0.375	0.6666666666666666	0.47368421052631576	0.5384615384615384	0.4	0.3333333333333333	0.125	0.4444444444444444	0.5555555555555556	0.5	0.5	0.6	0.4	0.3333333333333333	0.14285714285714285	0.4166666666666667	0.625	0.45454545454545453	0.6666666666666666	0.5333333333333333	0.3333333333333333	0.4	0.375	0.45454545454545453	0.6666666666666666	1.0	0.36363636363636365	0.5	0.5454545454545454	0.2	0.6	0.375	0.4	0.0	0.6666666666666666	0.4444444444444444	
chickadee sp.	0.0	0.0	0.0	0.0	0.0	0.07692307692307693	0.0	0.0	0.0	0.0	0.0	0.06666666666666667	0.0	0.0	0.05263157894736842	0.0	0.0	0.0	0.0	0.0	0.0	0.0	0.0	0.0	0.0	0.0	0.0015	0.0	0.0	0.0	0.0	0.0	0.0	0.06666666666666667	0.0	0.0	0.0	0.0	0.0	0.0	0.0	0.0	0.0	0.0	0.0	0.0	0.0	0.0	
Bushtit	0.0	0.0	0.0	0.15384615384615385	0.2	0.0	0.15	0.0	0.3	0.3333333333333333	0.3076923076923077	0.26666666666666666	0.3125	0.2222222222222222	0.42105263157894735	0.07692307692307693	0.3	0.0	0.25	0.0	0.2222222222222222	0.25	0.0	0.0	0.0	0.08333333333333333	0.0015	0.08333333333333333	0.125	0.36363636363636365	0.4444444444444444	0.13333333333333333	0.3333333333333333	0.2	0.125	0.2727272727272727	0.3333333333333333	0.3333333333333333	0.09090909090909091	0.21428571428571427	0.5454545454545454	0.2	0.1	0.375	0.0	0.0	0.5	0.1111111111111111	
Red-breasted Nuthatch	0.1	0.0	0.0015	0.15384615384615385	0.1	0.07692307692307693	0.3	0.3333333333333333	0.3	0.5	0.23076923076923078	0.3333333333333333	0.375	0.3333333333333333	0.42105263157894735	0.38461538461538464	0.2	0.3333333333333333	0.125	0.0	0.3333333333333333	0.25	0.5	0.8	0.4	0.08333333333333333	0.14285714285714285	0.4166666666666667	0.5	0.5454545454545454	0.5555555555555556	0.3333333333333333	0.5	0.3333333333333333	0.375	0.36363636363636365	0.5555555555555556	1.0	0.36363636363636365	0.14285714285714285	0.5454545454545454	0.4	0.3	0.25	0.2	0.0	0.3333333333333333	0.2222222222222222	
Brown Creeper	0.0	0.0	0.0	0.0	0.0	0.0	0.0	0.0	0.0	0.0	0.0	0.13333333333333333	0.0	0.1111111111111111	0.05263157894736842	0.0	0.0	0.0	0.0	0.1111111111111111	0.1111111111111111	0.375	0.0	0.0	0.4	0.25	0.0015	0.3333333333333333	0.0	0.09090909090909091	0.3333333333333333	0.3333333333333333	0.0	0.06666666666666667	0.25	0.18181818181818182	0.1111111111111111	0.3333333333333333	0.0	0.14285714285714285	0.09090909090909091	0.2	0.1	0.0	0.0	0.0	0.16666666666666666	0.2222222222222222	
House Wren	0.0	0.0	0.0	0.0	0.0	0.0	0.0	0.0	0.0	0.0	0.0	0.0	0.0	0.0	0.0	0.0	0.0	0.0	0.125	0.0	0.1111111111111111	0.0	0.0	0.0	0.2	0.08333333333333333	0.0	0.0	0.0	0.0015	0.0	0.0	0.0	0.0	0.0	0.0	0.0	0.0	0.0	0.0	0.0	0.0	0.0	0.0	0.0	0.0	0.0	0.0	
Pacific Wren	0.2	0.25	0.0015	0.0	0.1	0.23076923076923078	0.2	0.3333333333333333	0.1	0.5	0.5384615384615384	0.6666666666666666	0.25	0.5	0.5789473684210527	0.3076923076923077	0.1	0.16666666666666666	0.0	0.2222222222222222	0.3333333333333333	0.125	0.125	0.0	0.0	0.08333333333333333	0.0	0.3333333333333333	0.25	0.45454545454545453	0.5555555555555556	0.06666666666666667	0.16666666666666666	0.13333333333333333	0.375	0.36363636363636365	0.3333333333333333	0.3333333333333333	0.45454545454545453	0.21428571428571427	0.5454545454545454	0.4	0.6	0.0015	0.4	0.0	0.6666666666666666	0.4444444444444444	
Marsh Wren	0.0015	0.0	0.16666666666666666	0.15384615384615385	0.0	0.23076923076923078	0.2	0.3333333333333333	0.3	0.3333333333333333	0.3076923076923077	0.26666666666666666	0.1875	0.4444444444444444	0.42105263157894735	0.5384615384615384	0.3	0.3333333333333333	0.25	0.1111111111111111	0.1111111111111111	0.0	0.125	0.0	0.0	0.08333333333333333	0.0	0.0	0.0	0.0	0.0	0.0	0.0	0.13333333333333333	0.0	0.0	0.3333333333333333	0.0	0.09090909090909091	0.07142857142857142	0.45454545454545453	0.2	0.2	0.125	0.2	0.0	0.3333333333333333	0.1111111111111111	
Bewick's Wren	0.2	0.0	0.0015	0.07692307692307693	0.1	0.15384615384615385	0.2	0.3333333333333333	0.5	0.3333333333333333	0.15384615384615385	0.3333333333333333	0.3125	0.3888888888888889	0.42105263157894735	0.38461538461538464	0.3	0.5	0.125	0.1111111111111111	0.3333333333333333	0.125	0.0	0.0	0.0	0.25	0.2857142857142857	0.08333333333333333	0.125	0.36363636363636365	0.5555555555555556	0.06666666666666667	0.0	0.3333333333333333	0.1875	0.45454545454545453	0.5555555555555556	1.0	0.5454545454545454	0.21428571428571427	0.18181818181818182	0.6	0.3	0.125	0.2	0.5	0.3333333333333333	0.1111111111111111	
wren sp.	0.0	0.0	0.0	0.0015	0.0	0.07692307692307693	0.0	0.0	0.0	0.0	0.0	0.0	0.0	0.0	0.0	0.0	0.0	0.0	0.0	0.0	0.0	0.0	0.0	0.0	0.0015	0.0	0.0	0.08333333333333333	0.0	0.0	0.0	0.0	0.0	0.0	0.0	0.0	0.0	0.0	0.0	0.0	0.0	0.0	0.0	0.0	0.0	0.0	0.0	0.0	
American Dipper	0.0	0.0	0.0	0.0	0.0	0.0	0.0	0.0	0.0	0.0	0.0	0.0	0.0	0.0	0.0	0.0	0.0	0.0	0.0	0.0	0.0	0.0	0.0	0.0	0.0	0.0	0.0	0.0	0.0	0.0	0.0	0.06666666666666667	0.0	0.0	0.0015	0.0	0.0	0.0	0.0	0.0	0.0	0.0	0.0	0.0	0.0	0.0	0.0	0.0	
Golden-crowned Kinglet	0.7	0.25	0.3333333333333333	0.3076923076923077	0.2	0.15384615384615385	0.1	0.5	0.2	0.6666666666666666	0.46153846153846156	0.4666666666666667	0.375	0.3333333333333333	0.42105263157894735	0.23076923076923078	0.1	0.16666666666666666	0.125	0.1111111111111111	0.2222222222222222	0.25	0.125	0.2	0.4	0.0015	0.0015	0.3333333333333333	0.125	0.36363636363636365	0.1111111111111111	0.26666666666666666	0.3333333333333333	0.2	0.5	0.5454545454545454	0.5555555555555556	0.3333333333333333	0.5454545454545454	0.6428571428571429	0.9090909090909091	0.6	0.7	0.5	0.4	0.5	0.6666666666666666	0.3333333333333333	
Ruby-crowned Kinglet	0.4	0.0	0.3333333333333333	0.07692307692307693	0.5	0.15384615384615385	0.1	0.16666666666666666	0.2	0.8333333333333334	0.46153846153846156	0.4	0.25	0.6666666666666666	0.3684210526315789	0.3076923076923077	0.0	0.0	0.0	0.0	0.0	0.0	0.0	0.0	0.0	0.0	0.0	0.0	0.0	0.0	0.0	0.06666666666666667	0.0	0.0	0.25	0.7272727272727273	0.5555555555555556	0.3333333333333333	0.36363636363636365	0.35714285714285715	0.8181818181818182	0.4	0.1	0.25	0.4	0.5	0.5	0.2222222222222222	
kinglet sp.	0.0	0.0	0.0	0.0	0.0	0.0	0.0	0.0	0.0	0.0	0.0	0.0	0.0	0.0	0.0	0.0	0.0	0.0	0.0	0.0	0.0	0.0	0.0	0.0	0.0	0.0	0.0	0.0	0.0	0.0	0.0	0.0	0.0	0.0	0.0	0.0	0.0	0.0	0.0	0.0	0.09090909090909091	0.0	0.0	0.0	0.0	0.0	0.0	0.0	
Mountain Bluebird	0.0	0.0	0.0	0.0	0.0	0.0	0.0	0.0	0.0	0.0	0.07692307692307693	0.0	0.0	0.0	0.05263157894736842	0.0	0.0	0.0	0.0	0.0	0.0	0.0	0.0	0.0	0.0	0.0	0.0	0.0	0.0	0.0	0.0	0.0	0.0	0.0	0.0	0.0	0.0	0.0	0.0	0.0	0.0	0.0	0.0	0.0	0.0	0.0	0.0	0.0	
Townsend's Solitaire	0.0	0.0	0.0	0.0	0.0	0.0	0.0	0.0	0.0	0.0	0.0	0.0	0.0625	0.05555555555555555	0.0	0.07692307692307693	0.0	0.0	0.0	0.0	0.0	0.0	0.0	0.0	0.0	0.0	0.0	0.0	0.0	0.0	0.0	0.0	0.0	0.0	0.0	0.0	0.0	0.0	0.0	0.0	0.0	0.0	0.0	0.0	0.0	0.0	0.0	0.0	
Varied Thrush	0.1	0.0	0.0	0.07692307692307693	0.1	0.07692307692307693	0.0	0.16666666666666666	0.2	0.16666666666666666	0.15384615384615385	0.06666666666666667	0.0625	0.1111111111111111	0.05263157894736842	0.0	0.0	0.0	0.0	0.0	0.0	0.0	0.0	0.0	0.0	0.0	0.0	0.0	0.125	0.0	0.0	0.0	0.0	0.0	0.0	0.0	0.0	0.3333333333333333	0.09090909090909091	0.0015	0.09090909090909091	0.2	0.3	0.125	0.2	0.0	0.3333333333333333	0.1111111111111111	
Swainson's Thrush	0.0	0.0	0.0	0.0	0.0	0.0	0.0	0.0	0.0	0.0	0.0	0.0	0.0	0.0	0.0	0.0	0.0	0.16666666666666666	0.0	0.3333333333333333	0.3333333333333333	0.25	0.5	0.0	0.2	0.08333333333333333	0.0	0.16666666666666666	0.0	0.0	0.0	0.0	0.0	0.06666666666666667	0.0625	0.0	0.0	0.0	0.0	0.0	0.0	0.0	0.0	0.0	0.0	0.0	0.0	0.0	
Hermit Thrush	0.0	0.0	0.0	0.0	0.0	0.0	0.0	0.0	0.0	0.0	0.0	0.0	0.0	0.1111111111111111	0.15789473684210525	0.07692307692307693	0.0	0.0	0.0	0.0	0.0	0.0	0.0	0.0	0.0	0.08333333333333333	0.0	0.0	0.0	0.0	0.0	0.0	0.0	0.0	0.0	0.0	0.0	0.3333333333333333	0.0	0.0	0.0	0.0	0.0	0.0	0.0	0.0	0.0	0.0	
American Robin	0.3	0.25	0.3333333333333333	0.23076923076923078	0.9	0.38461538461538464	0.45	0.8333333333333334	0.5	0.8333333333333334	0.7692307692307693	0.7333333333333333	0.6875	0.7777777777777778	0.6842105263157895	0.7692307692307693	0.3	0.6666666666666666	0.375	0.6666666666666666	0.7777777777777778	0.375	0.625	1.0	0.8	0.6666666666666666	0.7142857142857143	0.5	0.625	0.6363636363636364	0.1111111111111111	0.4666666666666667	0.5	0.4666666666666667	0.5625	0.6363636363636364	0.8888888888888888	0.6666666666666666	0.5454545454545454	0.5	0.8181818181818182	0.6	0.3	0.75	0.0	0.5	0.8333333333333334	0.1111111111111111	
Sage Thrasher	0.0	0.0	0.0	0.0	0.0	0.0	0.0	0.0	0.0	0.0	0.0	0.0	0.0	0.0	0.0	0.0	0.0	0.0	0.125	0.0	0.0	0.0	0.0	0.0	0.0	0.0	0.0	0.0	0.0	0.0	0.0	0.0	0.0	0.0	0.0	0.0	0.0	0.0	0.0	0.0	0.0	0.0	0.0	0.0	0.0	0.0	0.0	0.0	
European Starling	0.2	0.125	0.16666666666666666	0.07692307692307693	0.6	0.07692307692307693	0.05	0.5	0.4	0.5	0.3076923076923077	0.2	0.375	0.2777777777777778	0.3157894736842105	0.23076923076923078	0.1	0.0	0.25	0.1111111111111111	0.2222222222222222	0.0	0.125	0.0015	0.0	0.08333333333333333	0.14285714285714285	0.08333333333333333	0.0	0.09090909090909091	0.0	0.26666666666666666	0.0	0.06666666666666667	0.0625	0.18181818181818182	0.5555555555555556	0.0	0.09090909090909091	0.2857142857142857	0.5454545454545454	0.4	0.2	0.25	0.0	0.0	0.16666666666666666	0.1111111111111111	
Cedar Waxwing	0.0	0.0	0.0	0.0	0.0	0.0	0.0	0.0	0.0	0.0	0.0	0.0	0.0	0.0	0.0	0.0	0.0	0.16666666666666666	0.0	0.1111111111111111	0.5555555555555556	0.375	0.25	0.0015	0.6	0.4166666666666667	0.42857142857142855	0.3333333333333333	0.25	0.45454545454545453	0.3333333333333333	0.26666666666666666	0.16666666666666666	0.3333333333333333	0.3125	0.6363636363636364	0.3333333333333333	0.3333333333333333	0.2727272727272727	0.14285714285714285	0.0	0.2	0.0	0.125	0.0	0.0	0.0	0.0	
Evening Grosbeak	0.0	0.0	0.0	0.0015	0.0	0.0	0.0	0.0	0.0	0.16666666666666666	0.0	0.06666666666666667	0.0	0.0	0.05263157894736842	0.0	0.0	0.16666666666666666	0.0	0.0	0.0	0.0	0.0	0.0	0.0	0.0	0.0	0.08333333333333333	0.0	0.0	0.0	0.0	0.0	0.0	0.0	0.0	0.0	0.0	0.0	0.0	0.0	0.0	0.1	0.0015	0.0	0.0	0.0	0.0	
House Finch	0.2	0.0	0.0	0.15384615384615385	0.4	0.0	0.2	0.3333333333333333	0.4	0.5	0.3076923076923077	0.26666666666666666	0.25	0.2222222222222222	0.10526315789473684	0.23076923076923078	0.0	0.16666666666666666	0.125	0.1111111111111111	0.1111111111111111	0.0	0.125	0.2	0.2	0.25	0.0	0.16666666666666666	0.0	0.5454545454545454	0.2222222222222222	0.2	0.0	0.13333333333333333	0.0625	0.45454545454545453	0.4444444444444444	0.3333333333333333	0.18181818181818182	0.2857142857142857	0.2727272727272727	0.4	0.2	0.25	0.0	0.0	0.3333333333333333	0.0	
Purple Finch	0.0	0.125	0.0	0.0	0.0	0.07692307692307693	0.0	0.16666666666666666	0.4	0.3333333333333333	0.07692307692307693	0.3333333333333333	0.25	0.3888888888888889	0.2631578947368421	0.38461538461538464	0.0	0.16666666666666666	0.25	0.1111111111111111	0.1111111111111111	0.25	0.375	0.0	0.0	0.25	0.2857142857142857	0.16666666666666666	0.125	0.09090909090909091	0.4444444444444444	0.26666666666666666	0.3333333333333333	0.13333333333333333	0.125	0.18181818181818182	0.1111111111111111	0.6666666666666666	0.09090909090909091	0.14285714285714285	0.18181818181818182	0.0	0.0	0.25	0.0	0.0	0.0	0.1111111111111111	
House/Purple Finch	0.0	0.0	0.0	0.0	0.0	0.0	0.0	0.0	0.0	0.0	0.0	0.0	0.0	0.0	0.0	0.0	0.0	0.0	0.0	0.0	0.0	0.0	0.0	0.0	0.0	0.0	0.0	0.0	0.0	0.0	0.0	0.0	0.0	0.06666666666666667	0.0	0.0	0.0	0.0	0.0	0.0	0.0	0.0	0.0	0.0	0.0	0.0	0.0	0.0	
Red Crossbill	0.0	0.0	0.0	0.0	0.1	0.0	0.0	0.0	0.0	0.16666666666666666	0.0	0.0	0.0	0.0	0.05263157894736842	0.07692307692307693	0.0	0.16666666666666666	0.0	0.0	0.0015	0.125	0.0	0.0	0.0	0.0	0.0	0.08333333333333333	0.0	0.09090909090909091	0.1111111111111111	0.0	0.16666666666666666	0.13333333333333333	0.0625	0.0	0.0	0.0	0.0	0.0	0.09090909090909091	0.0	0.0	0.125	0.0	0.0	0.16666666666666666	0.0	
Pine Siskin	0.1	0.0	0.0015	0.0	0.0	0.0	0.05	0.0	0.2	0.16666666666666666	0.07692307692307693	0.26666666666666666	0.1875	0.3888888888888889	0.3157894736842105	0.23076923076923078	0.0	0.16666666666666666	0.0	0.0015	0.1111111111111111	0.0	0.0	0.2	0.0015	0.08333333333333333	0.0	0.16666666666666666	0.0	0.18181818181818182	0.3333333333333333	0.13333333333333333	0.0	0.2	0.0	0.2727272727272727	0.1111111111111111	0.3333333333333333	0.0	0.07142857142857142	0.09090909090909091	0.0	0.1	0.125	0.0	0.0	0.16666666666666666	0.1111111111111111	
American Goldfinch	0.1	0.0	0.0015	0.0	0.0	0.0	0.0	0.0	0.1	0.3333333333333333	0.0	0.06666666666666667	0.1875	0.16666666666666666	0.42105263157894735	0.6923076923076923	0.5	0.5	0.25	0.4444444444444444	0.6666666666666666	0.625	0.375	0.4	0.6	0.4166666666666667	0.5714285714285714	0.3333333333333333	0.25	0.45454545454545453	0.4444444444444444	0.3333333333333333	0.16666666666666666	0.26666666666666666	0.125	0.2727272727272727	0.2222222222222222	0.0	0.09090909090909091	0.07142857142857142	0.09090909090909091	0.0	0.0	0.0015	0.0	0.0	0.0	0.0	
finch sp.	0.0	0.0	0.0	0.0	0.0	0.0	0.0	0.0	0.0	0.0	0.0	0.0	0.0	0.0	0.0	0.0	0.0	0.0	0.0	0.0	0.0	0.0	0.0	0.0	0.0	0.0	0.0	0.0	0.125	0.0	0.1111111111111111	0.0	0.0	0.0	0.0	0.0	0.0	0.0	0.0	0.0	0.0	0.0	0.0	0.0	0.0	0.0	0.0	0.0	
Lapland Longspur	0.0	0.0	0.0	0.0	0.0	0.0	0.0	0.0	0.0	0.0	0.0	0.0	0.0	0.0	0.0	0.0	0.0	0.0	0.0	0.0	0.0	0.0	0.0	0.0	0.0	0.0	0.0	0.0	0.0	0.0	0.0	0.0	0.0	0.0	0.0	0.0015	0.0	0.0	0.0	0.0	0.0	0.0	0.0	0.0	0.0	0.0	0.0	0.0	
Chipping Sparrow	0.0	0.0	0.0	0.0	0.0	0.0	0.0	0.0	0.0	0.0	0.0	0.0	0.0	0.0	0.0	0.0	0.0	0.0	0.0	0.0	0.1111111111111111	0.0	0.0	0.2	0.0	0.08333333333333333	0.0	0.16666666666666666	0.0	0.0	0.0	0.0	0.0	0.0	0.0	0.0	0.0	0.0	0.0	0.0	0.0	0.0	0.0	0.0	0.0	0.0	0.0	0.0	
American Tree Sparrow	0.0	0.0	0.0	0.0	0.0015	0.0	0.0	0.0	0.0	0.0	0.0	0.0	0.0	0.0	0.0	0.0	0.0	0.0	0.0	0.0	0.0	0.0	0.0	0.0	0.0	0.0	0.0	0.0	0.0	0.0	0.0	0.0	0.0	0.0	0.0	0.0	0.0	0.0	0.0	0.0	0.09090909090909091	0.0	0.0	0.0	0.0	0.0	0.0	0.0	
Fox Sparrow	0.4	0.125	0.16666666666666666	0.07692307692307693	0.0	0.38461538461538464	0.15	0.16666666666666666	0.2	0.16666666666666666	0.15384615384615385	0.2	0.25	0.2222222222222222	0.05263157894736842	0.0	0.0	0.0	0.0	0.0	0.0	0.0	0.0	0.0	0.0	0.0	0.0	0.0	0.0	0.0	0.0	0.0	0.0	0.26666666666666666	0.25	0.18181818181818182	0.3333333333333333	0.6666666666666666	0.2727272727272727	0.42857142857142855	0.5454545454545454	0.6	0.4	0.375	0.2	0.5	0.5	0.4444444444444444	
Dark-eyed Junco	0.3	0.25	0.0015	0.23076923076923078	0.6	0.3076923076923077	0.35	0.5	0.4	0.5	0.5384615384615384	0.7333333333333333	0.625	0.4444444444444444	0.6842105263157895	0.5384615384615384	0.3	0.5	0.0	0.2222222222222222	0.5555555555555556	0.375	0.0	0.6	0.4	0.3333333333333333	0.0015	0.25	0.0	0.09090909090909091	0.2222222222222222	0.2	0.16666666666666666	0.3333333333333333	0.4375	0.5454545454545454	0.8888888888888888	0.6666666666666666	0.36363636363636365	0.5	0.8181818181818182	0.8	0.6	0.625	0.4	0.5	0.6666666666666666	0.3333333333333333	
White-crowned Sparrow	0.1	0.0	0.0	0.0	0.2	0.07692307692307693	0.0	0.0	0.2	0.0	0.07692307692307693	0.26666666666666666	0.1875	0.6111111111111112	0.47368421052631576	0.7692307692307693	0.2	0.6666666666666666	0.5	0.3333333333333333	0.6666666666666666	0.25	0.5	0.6	0.4	0.25	0.14285714285714285	0.08333333333333333	0.125	0.18181818181818182	0.5555555555555556	0.2	0.0	0.26666666666666666	0.0625	0.18181818181818182	0.2222222222222222	0.3333333333333333	0.09090909090909091	0.0	0.09090909090909091	0.2	0.1	0.0015	0.0	0.0	0.0	0.0	
Golden-crowned Sparrow	0.4	0.125	0.0	0.23076923076923078	0.2	0.15384615384615385	0.15	0.3333333333333333	0.4	0.3333333333333333	0.46153846153846156	0.4666666666666667	0.3125	0.5555555555555556	0.47368421052631576	0.3076923076923077	0.2	0.0	0.0	0.0	0.0	0.0	0.0	0.0	0.0	0.0	0.0	0.0	0.0	0.0	0.0	0.0	0.0	0.06666666666666667	0.1875	0.45454545454545453	0.5555555555555556	1.0	0.2727272727272727	0.42857142857142855	0.7272727272727273	0.4	0.2	0.375	0.2	0.5	0.5	0.3333333333333333	
White-throated Sparrow	0.0	0.0	0.0	0.0	0.0	0.0	0.0	0.0	0.0	0.0	0.0	0.0	0.0	0.0	0.0	0.0	0.0	0.0	0.0	0.0	0.0	0.0	0.0	0.0	0.0	0.0	0.0	0.0	0.0	0.0	0.0	0.0	0.0	0.0	0.0	0.0015	0.0	0.0	0.0	0.0	0.0	0.0	0.0	0.0	0.0	0.0	0.0	0.0	
Savannah Sparrow	0.0	0.0	0.0	0.0	0.0	0.0	0.0	0.0	0.0	0.0	0.0	0.3333333333333333	0.25	0.4444444444444444	0.5263157894736842	0.6153846153846154	0.3	0.5	0.25	0.2222222222222222	0.5555555555555556	0.375	0.375	0.2	0.4	0.16666666666666666	0.2857142857142857	0.08333333333333333	0.0	0.09090909090909091	0.0	0.13333333333333333	0.0	0.2	0.25	0.2727272727272727	0.4444444444444444	0.3333333333333333	0.0	0.0	0.09090909090909091	0.0	0.0	0.0	0.0	0.0	0.0	0.0	
Song Sparrow	0.6	0.25	0.5	0.46153846153846156	0.7	0.46153846153846156	0.55	0.5	0.7	0.6666666666666666	0.7692307692307693	0.6666666666666666	0.75	0.7777777777777778	0.7368421052631579	0.7692307692307693	0.6	0.3333333333333333	0.5	0.6666666666666666	0.6666666666666666	0.375	0.625	0.8	0.8	0.6666666666666666	0.5714285714285714	0.25	0.375	0.18181818181818182	0.2222222222222222	0.4666666666666667	0.8333333333333334	0.4	0.5625	0.7272727272727273	0.8888888888888888	1.0	0.6363636363636364	0.7142857142857143	0.9090909090909091	1.0	0.7	0.625	0.4	0.5	1.0	0.4444444444444444	
Lincoln's Sparrow	0.0015	0.0015	0.0	0.0015	0.3	0.07692307692307693	0.05	0.16666666666666666	0.0	0.0	0.3076923076923077	0.26666666666666666	0.0	0.05555555555555555	0.0	0.0	0.0	0.0	0.0	0.0	0.0	0.0	0.0	0.0	0.0	0.0	0.0	0.0	0.0	0.0	0.0	0.13333333333333333	0.0	0.13333333333333333	0.0625	0.0015	0.4444444444444444	0.6666666666666666	0.09090909090909091	0.0	0.2727272727272727	0.0	0.3	0.125	0.2	0.5	0.3333333333333333	0.0	
Swamp Sparrow	0.0	0.0	0.0	0.0	0.0	0.0	0.0	0.0	0.0	0.0	0.0	0.0	0.0	0.0	0.0	0.0	0.0	0.0	0.0	0.0	0.0	0.0	0.0	0.0	0.0	0.0	0.0	0.0	0.0	0.0	0.0	0.0	0.0	0.0	0.0	0.0	0.0	0.0	0.0	0.0	0.0	0.2	0.0	0.0	0.0	0.0	0.0	0.0	
Spotted Towhee	0.6	0.375	0.5	0.46153846153846156	0.7	0.46153846153846156	0.4	0.6666666666666666	0.7	0.6666666666666666	0.6923076923076923	0.6666666666666666	0.75	0.8333333333333334	0.6842105263157895	0.7692307692307693	0.6	0.6666666666666666	0.375	0.4444444444444444	0.5555555555555556	0.25	0.5	0.6	0.8	0.6666666666666666	0.7142857142857143	0.25	0.375	0.6363636363636364	0.5555555555555556	0.4	0.5	0.4666666666666667	0.5	0.8181818181818182	1.0	1.0	0.6363636363636364	0.6428571428571429	0.8181818181818182	0.4	0.8	0.75	0.4	0.5	0.6666666666666666	0.2222222222222222	
sparrow sp.	0.0	0.0	0.0	0.0	0.0	0.07692307692307693	0.0	0.0	0.0	0.0	0.0	0.06666666666666667	0.0	0.05555555555555555	0.0	0.0	0.0	0.0	0.0	0.0	0.0	0.0	0.0	0.0	0.0	0.0	0.0	0.0	0.0	0.0	0.0	0.0	0.0	0.06666666666666667	0.0	0.0015	0.0	0.0	0.0	0.0	0.0	0.0	0.0	0.0	0.0	0.0	0.0	0.0	
Western Meadowlark	0.1	0.0	0.0	0.0	0.0	0.0	0.0	0.0	0.1	0.0	0.0	0.06666666666666667	0.0	0.05555555555555555	0.05263157894736842	0.0	0.0	0.0	0.0	0.0	0.0	0.0	0.0	0.0	0.0	0.0	0.0	0.0	0.0	0.0	0.0	0.0	0.0	0.0	0.0	0.0	0.0	0.0	0.0	0.0	0.0	0.0	0.0	0.0	0.0	0.0	0.0	0.0	
Bullock's Oriole	0.0	0.0	0.0	0.0	0.0	0.0	0.0	0.0	0.0	0.0	0.0	0.0	0.0	0.0	0.05263157894736842	0.0	0.0	0.0	0.0	0.0	0.0	0.0	0.0	0.0	0.0	0.0	0.0	0.0	0.0	0.0	0.0	0.0	0.0	0.0	0.0	0.0	0.0	0.0	0.0	0.0	0.0	0.0	0.0	0.0	0.0	0.0	0.0	0.0	
Red-winged Blackbird	0.3	0.125	0.0	0.23076923076923078	0.6	0.3076923076923077	0.25	0.6666666666666666	0.5	0.6666666666666666	0.5384615384615384	0.4666666666666667	0.375	0.6666666666666666	0.3684210526315789	0.5384615384615384	0.3	0.16666666666666666	0.5	0.2222222222222222	0.2222222222222222	0.0	0.125	0.2	0.2	0.16666666666666666	0.14285714285714285	0.0015	0.0	0.0	0.0	0.06666666666666667	0.0	0.06666666666666667	0.0	0.2727272727272727	0.4444444444444444	0.6666666666666666	0.09090909090909091	0.35714285714285715	0.45454545454545453	0.4	0.2	0.125	0.2	0.5	0.5	0.1111111111111111	
Brown-headed Cowbird	0.1	0.0	0.0	0.0	0.0	0.0	0.0	0.0	0.2	0.0	0.0	0.0	0.0	0.0	0.0	0.3076923076923077	0.0	0.3333333333333333	0.25	0.1111111111111111	0.3333333333333333	0.25	0.0	0.0	0.2	0.16666666666666666	0.0	0.0	0.0	0.09090909090909091	0.3333333333333333	0.0	0.0	0.0	0.0	0.0	0.1111111111111111	0.0	0.0	0.0	0.0	0.0	0.0	0.0	0.0	0.0	0.0	0.0	
Brewer's Blackbird	0.1	0.125	0.16666666666666666	0.0	0.0	0.07692307692307693	0.0	0.16666666666666666	0.4	0.16666666666666666	0.15384615384615385	0.13333333333333333	0.1875	0.16666666666666666	0.21052631578947367	0.23076923076923078	0.0	0.0	0.125	0.0	0.2222222222222222	0.0	0.0	0.0015	0.0	0.0	0.0	0.08333333333333333	0.125	0.0	0.0	0.06666666666666667	0.0	0.0	0.125	0.09090909090909091	0.6666666666666666	0.3333333333333333	0.09090909090909091	0.07142857142857142	0.18181818181818182	0.0	0.1	0.25	0.0	0.0	0.0	0.1111111111111111	
blackbird sp.	0.0	0.0	0.0	0.0	0.0	0.0	0.0	0.0	0.0	0.0	0.0	0.0	0.0	0.0	0.0	0.0	0.0	0.0	0.0	0.0	0.0	0.0	0.0	0.0	0.0	0.0	0.0	0.0	0.0	0.0	0.0	0.0	0.0	0.0	0.0	0.0	0.0	0.0	0.0	0.07142857142857142	0.0	0.0	0.0	0.0	0.0	0.0	0.0	0.0	
Orange-crowned Warbler	0.0	0.0	0.0	0.0	0.0	0.0	0.0	0.0	0.0	0.0	0.0	0.2	0.3125	0.7222222222222222	0.5789473684210527	0.7692307692307693	0.5	0.5	0.375	0.3333333333333333	0.5555555555555556	0.5	0.5	0.2	0.4	0.25	0.14285714285714285	0.0	0.125	0.36363636363636365	0.3333333333333333	0.06666666666666667	0.16666666666666666	0.13333333333333333	0.125	0.0	0.0	0.0	0.0	0.0	0.0	0.0	0.0	0.0	0.0	0.0	0.0	0.0	
MacGillivray's Warbler	0.0	0.0	0.0	0.0	0.0	0.0	0.0	0.0	0.0	0.0	0.0	0.0	0.0	0.0	0.0	0.07692307692307693	0.0	0.0	0.0	0.0	0.0	0.0	0.0	0.0	0.0	0.0	0.0	0.0	0.0	0.0	0.0	0.0	0.0	0.0	0.0	0.0	0.0	0.0	0.0	0.0	0.0	0.0	0.0	0.0	0.0	0.0	0.0	0.0	
Common Yellowthroat	0.0	0.0	0.0	0.0	0.0	0.0	0.0	0.0	0.0	0.0	0.0	0.0	0.125	0.2777777777777778	0.2631578947368421	0.38461538461538464	0.3	0.3333333333333333	0.25	0.2222222222222222	0.2222222222222222	0.375	0.25	0.2	0.2	0.3333333333333333	0.14285714285714285	0.08333333333333333	0.0	0.2727272727272727	0.0	0.0	0.0	0.06666666666666667	0.0625	0.18181818181818182	0.0	0.0	0.0	0.0	0.0	0.0	0.0	0.0	0.0	0.0	0.0	0.0	
Yellow Warbler	0.0	0.0	0.0	0.0	0.0	0.0	0.0	0.0	0.0	0.0	0.0	0.0	0.0	0.0	0.0	0.0	0.0	0.0	0.0	0.0	0.1111111111111111	0.0	0.0	0.0	0.2	0.0	0.0	0.0	0.0	0.0	0.0	0.0	0.0	0.0	0.0	0.09090909090909091	0.0	0.0	0.0	0.0	0.0	0.0	0.0	0.0	0.0	0.0	0.0	0.0	
Yellow-rumped Warbler	0.0	0.0	0.0	0.0	0.0	0.0	0.0	0.16666666666666666	0.0	0.0015	0.07692307692307693	0.06666666666666667	0.25	0.16666666666666666	0.2631578947368421	0.38461538461538464	0.0	0.3333333333333333	0.125	0.0	0.0	0.125	0.0	0.0015	0.0	0.08333333333333333	0.0	0.0	0.0	0.0	0.0	0.0	0.0	0.06666666666666667	0.0625	0.36363636363636365	0.1111111111111111	0.0	0.18181818181818182	0.14285714285714285	0.18181818181818182	0.0	0.0	0.0	0.0	0.0	0.0	0.0	
Black-throated Gray Warbler	0.0	0.0	0.0	0.0	0.0	0.0	0.0	0.0	0.0	0.0	0.0	0.0	0.0	0.0	0.0	0.07692307692307693	0.0	0.0	0.0	0.0	0.0	0.0	0.0	0.0	0.0	0.0	0.0	0.0	0.0	0.09090909090909091	0.0	0.0	0.0	0.0	0.0	0.0	0.0	0.0	0.0	0.0	0.0	0.0	0.0	0.0	0.0	0.0	0.0	0.0	
Townsend's Warbler	0.0	0.0	0.0	0.0	0.1	0.0	0.0	0.0	0.0	0.0	0.0	0.0	0.0	0.0	0.0	0.0	0.1	0.0	0.0	0.0	0.0	0.125	0.0	0.0	0.0	0.0	0.0	0.0	0.0	0.0	0.0	0.13333333333333333	0.0	0.0	0.0625	0.09090909090909091	0.1111111111111111	0.0	0.0	0.0	0.0	0.0	0.0	0.0	0.0	0.0	0.0	0.0	
Wilson's Warbler	0.0	0.0	0.0	0.0	0.0	0.0	0.0	0.0	0.0	0.0	0.0	0.0	0.0	0.0	0.0	0.07692307692307693	0.1	0.6666666666666666	0.375	0.2222222222222222	0.1111111111111111	0.125	0.125	0.2	0.0	0.08333333333333333	0.0	0.08333333333333333	0.0	0.0	0.0	0.13333333333333333	0.0	0.0	0.0	0.0	0.0	0.0	0.0	0.0	0.0	0.0	0.0	0.0	0.0	0.0	0.0	0.0	
Western Tanager	0.0	0.0	0.0	0.0	0.0	0.0	0.0	0.0	0.0	0.0	0.0	0.0	0.0	0.0	0.0	0.0	0.0	0.16666666666666666	0.0	0.1111111111111111	0.2222222222222222	0.25	0.0	0.2	0.2	0.0	0.0	0.0	0.0	0.0	0.0	0.06666666666666667	0.0	0.0	0.0	0.0	0.0	0.0	0.0	0.0	0.0	0.0	0.0	0.0	0.0	0.0	0.0	0.0	
Black-headed Grosbeak	0.0	0.0	0.0	0.0	0.0	0.0	0.0	0.0	0.0	0.0	0.0	0.0	0.0	0.0	0.0	0.0	0.0	0.16666666666666666	0.0	0.0	0.2222222222222222	0.125	0.25	0.0	0.0	0.08333333333333333	0.0	0.0	0.0	0.09090909090909091	0.0	0.0	0.0	0.0	0.0	0.0	0.0	0.0	0.0	0.0	0.0	0.0	0.0	0.0	0.0	0.0	0.0	0.0	
House Sparrow	0.0	0.0	0.0	0.0	0.0	0.0	0.0	0.0	0.2	0.0	0.0	0.0	0.0	0.05555555555555555	0.0	0.07692307692307693	0.0	0.0	0.0	0.0	0.1111111111111111	0.0	0.125	0.2	0.0	0.0	0.0	0.0	0.0	0.09090909090909091	0.0	0.06666666666666667	0.0	0.0	0.0625	0.0	0.1111111111111111	0.0	0.0	0.0	0.0	0.0	0.0	0.0015	0.0	0.0	0.16666666666666666	0.0	
passerine sp.	0.0	0.0	0.0	0.0	0.0	0.0	0.0	0.0	0.0	0.0	0.0	0.0	0.0625	0.0	0.0	0.0	0.0	0.0	0.0	0.0	0.0	0.0	0.0	0.0	0.0	0.0	0.0	0.0	0.0	0.0	0.0	0.0	0.0	0.0	0.0	0.0	0.0	0.0	0.0	0.0	0.0	0.0	0.0	0.0	0.0	0.0	0.0	0.0	

