









Frequency of observations in the selected location(s).:
Number of taxa: 	200

	Jan				Feb				Mar				Apr				May				Jun				Jul				Aug				Sep				Oct				Nov				Dec				
Sample Size:	20.0	18.0	19.0	19.0	14.0	13.0	18.0	24.0	26.0	23.0	23.0	27.0	26.0	28.0	22.0	17.0	3.0	0.0	0.0	0.0	0.0	0.0	0.0	0.0	3.0	2.0	0.0	2.0	0.0	0.0	0.0	1.0	1.0	1.0	4.0	22.0	21.0	23.0	27.0	31.0	23.0	22.0	25.0	43.0	21.0	28.0	28.0	16.0	

Snow Goose	0.0	0.0	0.0	0.05263157894736842	0.0	0.0	0.0	0.0	0.0	0.0	0.0	0.0	0.0	0.0	0.0	0.0	0.0	0.0	0.0	0.0	0.0	0.0	0.0	0.0	0.0	0.0	0.0	0.0	0.0	0.0	0.0	0.0	0.0	0.0	0.0	0.045454545454545456	0.0	0.08695652173913043	0.14814814814814814	0.41935483870967744	0.4782608695652174	0.5	0.04	0.16279069767441862	0.047619047619047616	0.0	0.0	0.0	
Greater White-fronted Goose	0.0	0.0	0.0	0.0	0.21428571428571427	0.15384615384615385	0.1111111111111111	0.25	0.11538461538461539	0.21739130434782608	0.21739130434782608	0.2222222222222222	0.11538461538461539	0.03571428571428571	0.045454545454545456	0.058823529411764705	0.0	0.0	0.0	0.0	0.0	0.0	0.0	0.0	0.0	0.0	0.0	0.0	0.0	0.0	0.0	0.0	0.0	0.0	0.0	0.45454545454545453	0.19047619047619047	0.21739130434782608	0.14814814814814814	0.25806451612903225	0.21739130434782608	0.22727272727272727	0.08	0.11627906976744186	0.14285714285714285	0.03571428571428571	0.0	0.0	
Brant	0.05	0.0	0.0	0.0	0.0	0.07692307692307693	0.05555555555555555	0.0	0.07692307692307693	0.13043478260869565	0.0	0.0	0.038461538461538464	0.0	0.045454545454545456	0.0	0.0	0.0	0.0	0.0	0.0	0.0	0.0	0.0	0.0	0.0	0.0	0.0	0.0	0.0	0.0	0.0	0.0	0.0	0.0	0.0	0.0	0.0	0.0	0.0	0.043478260869565216	0.0	0.0	0.0	0.0	0.03571428571428571	0.21428571428571427	0.0	
Cackling Goose	0.05	0.05555555555555555	0.15789473684210525	0.10526315789473684	0.0015	0.15384615384615385	0.2222222222222222	0.125	0.038461538461538464	0.21739130434782608	0.043478260869565216	0.037037037037037035	0.11538461538461539	0.03571428571428571	0.0	0.0	0.0	0.0	0.0	0.0	0.0	0.0	0.0	0.0	0.0	0.0	0.0	0.0	0.0	0.0	0.0	0.0	0.0	0.0	0.0	0.7272727272727273	0.9047619047619048	0.6956521739130435	0.7407407407407407	0.8064516129032258	0.8260869565217391	0.7727272727272727	0.68	0.32558139534883723	0.047619047619047616	0.07142857142857142	0.14285714285714285	0.0625	
Canada Goose	0.05	0.05555555555555555	0.21052631578947367	0.3157894736842105	0.42857142857142855	0.6153846153846154	0.6666666666666666	0.75	0.7692307692307693	0.782608695652174	0.782608695652174	0.6666666666666666	0.5384615384615384	0.5	0.5909090909090909	0.5882352941176471	0.3333333333333333	0.0	0.0	0.0	0.0	0.0	0.0	0.0	0.0	0.0	0.0	0.5	0.0	0.0	0.0	1.0	1.0	1.0	1.0	1.0	0.9523809523809523	0.9130434782608695	0.8518518518518519	0.7741935483870968	0.782608695652174	0.8181818181818182	0.64	0.4418604651162791	0.23809523809523808	0.32142857142857145	0.25	0.1875	
Cackling/Canada Goose	0.0	0.0	0.0	0.0	0.0	0.0	0.0	0.0	0.0	0.0	0.0	0.0	0.0	0.03571428571428571	0.0	0.0	0.0	0.0	0.0	0.0	0.0	0.0	0.0	0.0	0.0	0.0	0.0	0.0	0.0	0.0	0.0	0.0	0.0	0.0	0.0	0.0	0.0	0.0	0.0	0.0	0.0	0.0	0.0	0.0	0.0	0.0	0.0	0.0	
goose sp.	0.0	0.0	0.0	0.0	0.0	0.0	0.0	0.041666666666666664	0.0	0.0	0.0	0.0	0.0	0.0	0.0	0.0	0.0	0.0	0.0	0.0	0.0	0.0	0.0	0.0	0.0	0.0	0.0	0.0	0.0	0.0	0.0	0.0	0.0	0.0	0.0	0.0	0.0	0.0	0.0	0.0	0.0	0.0	0.0	0.0	0.0	0.0	0.0	0.0	
Trumpeter Swan	0.65	0.6666666666666666	0.6842105263157895	0.7894736842105263	0.6428571428571429	0.7692307692307693	0.8333333333333334	0.9166666666666666	0.8461538461538461	0.9565217391304348	0.782608695652174	0.6296296296296297	0.11538461538461539	0.0	0.0	0.0	0.0	0.0	0.0	0.0	0.0	0.0	0.0	0.0	0.0	0.0	0.0	0.0	0.0	0.0	0.0	0.0	0.0	0.0	0.0	0.0	0.0	0.0	0.0	0.0967741935483871	0.43478260869565216	0.7272727272727273	0.92	0.7906976744186046	0.7619047619047619	0.9285714285714286	0.8928571428571429	0.6875	
Tundra Swan	0.0	0.05555555555555555	0.05263157894736842	0.0	0.0	0.0015	0.0	0.0	0.07692307692307693	0.043478260869565216	0.0	0.0	0.0	0.0	0.0	0.0	0.0	0.0	0.0	0.0	0.0	0.0	0.0	0.0	0.0	0.0	0.0	0.0	0.0	0.0	0.0	0.0	0.0	0.0	0.0	0.0	0.0	0.0	0.0	0.0	0.0	0.22727272727272727	0.2	0.16279069767441862	0.0015	0.0	0.0	0.0625	
Wood Duck	0.0	0.0	0.0	0.0	0.0	0.0	0.0	0.0	0.0	0.0	0.0	0.037037037037037035	0.0	0.0	0.0	0.0	0.0	0.0	0.0	0.0	0.0	0.0	0.0	0.0	0.0	0.0	0.0	0.0	0.0	0.0	0.0	0.0	0.0	0.0	0.0	0.0	0.0	0.0	0.0	0.0	0.0	0.0	0.0	0.0	0.0	0.0	0.0	0.0	
Blue-winged Teal	0.0	0.0	0.0	0.0	0.0	0.0	0.0	0.0	0.0	0.0	0.0	0.0	0.0	0.03571428571428571	0.0	0.0	0.0	0.0	0.0	0.0	0.0	0.0	0.0	0.0	0.0	0.0	0.0	0.0	0.0	0.0	0.0	0.0	0.0	0.0	0.0	0.0	0.0	0.0	0.0	0.0	0.0	0.0	0.0	0.0	0.0	0.0	0.0	0.0	
Cinnamon Teal	0.0	0.0	0.0	0.0	0.0	0.0	0.0	0.0	0.0	0.0	0.0	0.0	0.0	0.0	0.0	0.058823529411764705	0.0	0.0	0.0	0.0	0.0	0.0	0.0	0.0	0.0	0.0	0.0	0.0	0.0	0.0	0.0	0.0	0.0	0.0	0.0	0.0	0.0	0.0	0.0	0.0	0.0	0.0	0.0	0.0	0.0	0.0	0.0	0.0	
Northern Shoveler	0.15	0.05555555555555555	0.05263157894736842	0.0	0.0	0.0	0.0	0.125	0.038461538461538464	0.043478260869565216	0.0	0.1111111111111111	0.07692307692307693	0.03571428571428571	0.13636363636363635	0.11764705882352941	0.0	0.0	0.0	0.0	0.0	0.0	0.0	0.0	0.0	0.0	0.0	0.0	0.0	0.0	0.0	0.0	0.0	0.0	0.0	0.0	0.09523809523809523	0.13043478260869565	0.07407407407407407	0.0	0.0	0.09090909090909091	0.12	0.11627906976744186	0.19047619047619047	0.32142857142857145	0.32142857142857145	0.1875	
Gadwall	0.0	0.0	0.0	0.0	0.0	0.0	0.0	0.0	0.038461538461538464	0.043478260869565216	0.08695652173913043	0.07407407407407407	0.15384615384615385	0.03571428571428571	0.045454545454545456	0.0	0.0	0.0	0.0	0.0	0.0	0.0	0.0	0.0	0.0	0.0	0.0	0.0	0.0	0.0	0.0	0.0	0.0	0.0	0.0	0.0	0.0	0.0	0.0	0.06451612903225806	0.08695652173913043	0.09090909090909091	0.2	0.06976744186046512	0.0	0.17857142857142858	0.17857142857142858	0.0	
Eurasian Wigeon	0.05	0.0	0.0	0.0	0.0	0.0	0.0	0.0	0.0	0.0	0.0	0.0	0.0	0.0	0.0	0.0	0.0	0.0	0.0	0.0	0.0	0.0	0.0	0.0	0.0	0.0	0.0	0.0	0.0	0.0	0.0	0.0	0.0	0.0	0.0	0.0	0.0	0.0	0.0	0.0	0.0	0.0	0.04	0.023255813953488372	0.0	0.0	0.10714285714285714	0.0625	
American Wigeon	0.2	0.3888888888888889	0.21052631578947367	0.42105263157894735	0.5	0.38461538461538464	0.2777777777777778	0.4583333333333333	0.3076923076923077	0.5217391304347826	0.5217391304347826	0.3333333333333333	0.3076923076923077	0.14285714285714285	0.045454545454545456	0.0	0.0	0.0	0.0	0.0	0.0	0.0	0.0	0.0	0.0	0.0	0.0	0.0	0.0	0.0	0.0	0.0	0.0	0.0	0.25	0.09090909090909091	0.19047619047619047	0.08695652173913043	0.2222222222222222	0.25806451612903225	0.21739130434782608	0.2727272727272727	0.36	0.3488372093023256	0.6190476190476191	0.4642857142857143	0.5	0.3125	
Eurasian x American Wigeon (hybrid)	0.0	0.0	0.0	0.0	0.0	0.0	0.0	0.0	0.0	0.0	0.0	0.0	0.0	0.0	0.0	0.0	0.0	0.0	0.0	0.0	0.0	0.0	0.0	0.0	0.0	0.0	0.0	0.0	0.0	0.0	0.0	0.0	0.0	0.0	0.0	0.0	0.0	0.0	0.0	0.0	0.0	0.0	0.04	0.0	0.0	0.0	0.0	0.0	
Mallard	0.2	0.3333333333333333	0.42105263157894735	0.47368421052631576	0.21428571428571427	0.38461538461538464	0.4444444444444444	0.4583333333333333	0.5	0.6956521739130435	0.8260869565217391	0.5555555555555556	0.6153846153846154	0.5714285714285714	0.5	0.5294117647058824	0.3333333333333333	0.0	0.0	0.0	0.0	0.0	0.0	0.0	0.0	0.0	0.0	0.0	0.0	0.0	0.0	0.0	0.0	1.0	0.5	0.5454545454545454	0.42857142857142855	0.391304347826087	0.4444444444444444	0.3870967741935484	0.34782608695652173	0.45454545454545453	0.56	0.3023255813953488	0.5238095238095238	0.5714285714285714	0.6071428571428571	0.375	
Mallard (Domestic type)	0.0	0.0	0.0	0.0	0.0	0.0	0.0	0.0	0.0	0.0	0.0	0.0	0.0	0.0	0.0	0.0	0.0	0.0	0.0	0.0	0.0	0.0	0.0	0.0	0.0	0.0	0.0	0.0	0.0	0.0	0.0	0.0	0.0	0.0	0.0	0.045454545454545456	0.0	0.0	0.0	0.0	0.0	0.0	0.0	0.0	0.0	0.0	0.0	0.0	
Northern Pintail	0.0	0.0	0.05263157894736842	0.0	0.07142857142857142	0.0	0.1111111111111111	0.08333333333333333	0.2692307692307692	0.21739130434782608	0.30434782608695654	0.07407407407407407	0.11538461538461539	0.0	0.09090909090909091	0.058823529411764705	0.0	0.0	0.0	0.0	0.0	0.0	0.0	0.0	0.0	0.0	0.0	0.0	0.0	0.0	0.0	0.0	0.0	0.0	0.25	0.22727272727272727	0.19047619047619047	0.043478260869565216	0.2222222222222222	0.03225806451612903	0.043478260869565216	0.045454545454545456	0.08	0.046511627906976744	0.0	0.0	0.10714285714285714	0.125	
Green-winged Teal	0.05	0.0	0.0	0.0	0.07142857142857142	0.15384615384615385	0.1111111111111111	0.041666666666666664	0.07692307692307693	0.13043478260869565	0.34782608695652173	0.1111111111111111	0.19230769230769232	0.14285714285714285	0.09090909090909091	0.058823529411764705	0.0	0.0	0.0	0.0	0.0	0.0	0.0	0.0	0.0	0.0	0.0	0.0	0.0	0.0	0.0	0.0	0.0	0.0	0.0	0.13636363636363635	0.19047619047619047	0.13043478260869565	0.14814814814814814	0.06451612903225806	0.08695652173913043	0.09090909090909091	0.16	0.06976744186046512	0.09523809523809523	0.03571428571428571	0.14285714285714285	0.0625	
Canvasback	0.0	0.0	0.0	0.0	0.0	0.0	0.0	0.0	0.0	0.0	0.0	0.0	0.0	0.0	0.0	0.0	0.0	0.0	0.0	0.0	0.0	0.0	0.0	0.0	0.0	0.0	0.0	0.0	0.0	0.0	0.0	0.0	0.0	0.0	0.0	0.0	0.0	0.0	0.07407407407407407	0.0967741935483871	0.13043478260869565	0.0	0.0	0.0	0.0	0.0	0.0	0.0	
Redhead	0.0	0.0	0.15789473684210525	0.10526315789473684	0.0015	0.07692307692307693	0.05555555555555555	0.08333333333333333	0.038461538461538464	0.0	0.0	0.0	0.0	0.0	0.0	0.0	0.0	0.0	0.0	0.0	0.0	0.0	0.0	0.0	0.0	0.0	0.0	0.0	0.0	0.0	0.0	0.0	0.0	0.0	0.0	0.0	0.0	0.0	0.0	0.03225806451612903	0.043478260869565216	0.0	0.0	0.0	0.0	0.03571428571428571	0.0	0.0	
Ring-necked Duck	0.2	0.16666666666666666	0.21052631578947367	0.21052631578947367	0.14285714285714285	0.07692307692307693	0.05555555555555555	0.08333333333333333	0.038461538461538464	0.0	0.08695652173913043	0.037037037037037035	0.0	0.0	0.045454545454545456	0.058823529411764705	0.0	0.0	0.0	0.0	0.0	0.0	0.0	0.0	0.0	0.0	0.0	0.0	0.0	0.0	0.0	0.0	0.0	0.0	0.0	0.0	0.09523809523809523	0.08695652173913043	0.07407407407407407	0.1935483870967742	0.391304347826087	0.2727272727272727	0.28	0.13953488372093023	0.2857142857142857	0.35714285714285715	0.25	0.5625	
Greater Scaup	0.0	0.0	0.0	0.0	0.0	0.0	0.0	0.0	0.0	0.0	0.0	0.0	0.0	0.0	0.0	0.0	0.0	0.0	0.0	0.0	0.0	0.0	0.0	0.0	0.0	0.0	0.0	0.0	0.0	0.0	0.0	0.0	0.0	0.0	0.0	0.0	0.0	0.043478260869565216	0.037037037037037035	0.03225806451612903	0.2608695652173913	0.09090909090909091	0.04	0.11627906976744186	0.0	0.07142857142857142	0.0	0.0	
Lesser Scaup	0.15	0.2222222222222222	0.10526315789473684	0.2631578947368421	0.21428571428571427	0.23076923076923078	0.2222222222222222	0.2916666666666667	0.15384615384615385	0.34782608695652173	0.34782608695652173	0.1111111111111111	0.23076923076923078	0.21428571428571427	0.22727272727272727	0.058823529411764705	0.0	0.0	0.0	0.0	0.0	0.0	0.0	0.0	0.0	0.0	0.0	0.0	0.0	0.0	0.0	0.0	0.0	0.0	0.0	0.0	0.0	0.0	0.037037037037037035	0.03225806451612903	0.13043478260869565	0.2727272727272727	0.32	0.20930232558139536	0.3333333333333333	0.4642857142857143	0.35714285714285715	0.5	
Harlequin Duck	0.0	0.0	0.0	0.0	0.07142857142857142	0.0	0.05555555555555555	0.0	0.0	0.0	0.0	0.0	0.0	0.0	0.0	0.0	0.0	0.0	0.0	0.0	0.0	0.0	0.0	0.0	0.0	0.0	0.0	0.0	0.0	0.0	0.0	0.0	0.0	0.0	0.0	0.0	0.0	0.0	0.0	0.0	0.0	0.0	0.12	0.046511627906976744	0.0	0.10714285714285714	0.17857142857142858	0.25	
Surf Scoter	0.0	0.0	0.0	0.0	0.0	0.0	0.05555555555555555	0.041666666666666664	0.07692307692307693	0.0	0.043478260869565216	0.0	0.0	0.03571428571428571	0.0	0.0	0.0	0.0	0.0	0.0	0.0	0.0	0.0	0.0	0.0	0.0	0.0	0.0	0.0	0.0	0.0	0.0	0.0	0.0	0.0	0.0	0.0	0.0	0.0	0.03225806451612903	0.043478260869565216	0.0	0.04	0.06976744186046512	0.047619047619047616	0.17857142857142858	0.17857142857142858	0.125	
White-winged Scoter	0.0	0.0	0.0	0.0	0.0	0.0	0.0	0.0	0.0	0.0	0.0	0.0	0.0	0.0	0.0	0.0	0.0	0.0	0.0	0.0	0.0	0.0	0.0	0.0	0.0	0.0	0.0	0.0	0.0	0.0	0.0	0.0	0.0	0.0	0.0	0.0	0.0	0.0	0.0	0.0	0.0	0.0	0.04	0.06976744186046512	0.0	0.0	0.03571428571428571	0.0	
Long-tailed Duck	0.0	0.0	0.0	0.0	0.0	0.0	0.0	0.0	0.0	0.0	0.0	0.0	0.0	0.0	0.0	0.0	0.0	0.0	0.0	0.0	0.0	0.0	0.0	0.0	0.0	0.0	0.0	0.0	0.0	0.0	0.0	0.0	0.0	0.0	0.0	0.0	0.0	0.0	0.0	0.0	0.043478260869565216	0.0	0.04	0.046511627906976744	0.0	0.14285714285714285	0.17857142857142858	0.0	
Bufflehead	0.25	0.2777777777777778	0.15789473684210525	0.3157894736842105	0.35714285714285715	0.3076923076923077	0.3888888888888889	0.375	0.38461538461538464	0.43478260869565216	0.5217391304347826	0.2962962962962963	0.34615384615384615	0.42857142857142855	0.36363636363636365	0.29411764705882354	0.0	0.0	0.0	0.0	0.0	0.0	0.0	0.0	0.0	0.0	0.0	0.0	0.0	0.0	0.0	0.0	0.0	0.0	0.0	0.0	0.0	0.0	0.037037037037037035	0.12903225806451613	0.21739130434782608	0.36363636363636365	0.52	0.4186046511627907	0.47619047619047616	0.6428571428571429	0.6428571428571429	0.75	
Common Goldeneye	0.0	0.05555555555555555	0.0	0.0	0.07142857142857142	0.07692307692307693	0.1111111111111111	0.041666666666666664	0.19230769230769232	0.08695652173913043	0.0	0.037037037037037035	0.0	0.03571428571428571	0.0	0.058823529411764705	0.0	0.0	0.0	0.0	0.0	0.0	0.0	0.0	0.0	0.0	0.0	0.0	0.0	0.0	0.0	0.0	0.0	0.0	0.0	0.0	0.0	0.0	0.0	0.0	0.0	0.0	0.08	0.11627906976744186	0.09523809523809523	0.21428571428571427	0.25	0.25	
Barrow's Goldeneye	0.05	0.0	0.0	0.0	0.0	0.0	0.0	0.0	0.0	0.0	0.08695652173913043	0.0	0.0	0.0	0.0	0.0	0.0	0.0	0.0	0.0	0.0	0.0	0.0	0.0	0.0	0.0	0.0	0.0	0.0	0.0	0.0	0.0	0.0	0.0	0.0	0.0	0.0	0.0	0.0	0.0	0.043478260869565216	0.0	0.08	0.0	0.047619047619047616	0.0	0.0	0.0	
Common/Barrow's Goldeneye	0.0	0.0	0.0	0.0	0.0	0.0	0.0	0.0	0.0	0.0	0.0	0.0	0.0	0.0	0.0	0.0	0.0	0.0	0.0	0.0	0.0	0.0	0.0	0.0	0.0	0.0	0.0	0.0	0.0	0.0	0.0	0.0	0.0	1.0	0.0	0.0	0.0	0.0	0.0	0.0	0.0	0.0	0.0	0.0	0.0	0.0	0.0	0.0	
Hooded Merganser	0.0	0.0	0.0	0.0	0.0	0.07692307692307693	0.05555555555555555	0.0	0.038461538461538464	0.17391304347826086	0.13043478260869565	0.14814814814814814	0.0	0.03571428571428571	0.0	0.0	0.0	0.0	0.0	0.0	0.0	0.0	0.0	0.0	0.0	0.0	0.0	0.0	0.0	0.0	0.0	0.0	0.0	1.0	0.0	0.0	0.0	0.0	0.0	0.06451612903225806	0.043478260869565216	0.045454545454545456	0.12	0.046511627906976744	0.09523809523809523	0.0	0.10714285714285714	0.0	
Common Merganser	0.0	0.0	0.0	0.0	0.0	0.0	0.0	0.0	0.0	0.0	0.0	0.0	0.0	0.0	0.0	0.0	0.0	0.0	0.0	0.0	0.0	0.0	0.0	0.0	0.0	0.0	0.0	0.0	0.0	0.0	0.0	0.0	0.0	0.0	0.0	0.0	0.047619047619047616	0.0	0.0	0.0	0.0	0.0	0.04	0.046511627906976744	0.0	0.03571428571428571	0.10714285714285714	0.0	
Red-breasted Merganser	0.0	0.05555555555555555	0.0	0.0	0.07142857142857142	0.07692307692307693	0.0	0.041666666666666664	0.15384615384615385	0.043478260869565216	0.0	0.0	0.0	0.07142857142857142	0.045454545454545456	0.0	0.0	0.0	0.0	0.0	0.0	0.0	0.0	0.0	0.0	0.0	0.0	0.0	0.0	0.0	0.0	0.0	0.0	0.0	0.0	0.0	0.0	0.0	0.0	0.03225806451612903	0.043478260869565216	0.0	0.08	0.09302325581395349	0.047619047619047616	0.17857142857142858	0.25	0.1875	
Ruddy Duck	0.0	0.0	0.0	0.0	0.0	0.0	0.0	0.0	0.0	0.0	0.0	0.0	0.0	0.0	0.0	0.0	0.0	0.0	0.0	0.0	0.0	0.0	0.0	0.0	0.0	0.0	0.0	0.0	0.0	0.0	0.0	0.0	0.0	0.0	0.0	0.0	0.0	0.043478260869565216	0.0	0.0	0.0	0.0	0.0	0.0	0.0	0.0	0.03571428571428571	0.0625	
duck sp.	0.0	0.0	0.0	0.0	0.0	0.0	0.0	0.0	0.0	0.0	0.0	0.0	0.0	0.0	0.0	0.0	0.0	0.0	0.0	0.0	0.0	0.0	0.0	0.0	0.0	0.0	0.0	0.0	0.0	0.0	0.0	0.0	0.0	0.0	0.0	0.0	0.0	0.0	0.0	0.0	0.0	0.0	0.04	0.0	0.0	0.0	0.0	0.0	
California Quail	0.3	0.2777777777777778	0.2631578947368421	0.15789473684210525	0.07142857142857142	0.23076923076923078	0.1111111111111111	0.20833333333333334	0.11538461538461539	0.13043478260869565	0.21739130434782608	0.3333333333333333	0.23076923076923078	0.32142857142857145	0.36363636363636365	0.23529411764705882	0.3333333333333333	0.0	0.0	0.0	0.0	0.0	0.0	0.0	0.3333333333333333	0.0	0.0	0.0	0.0	0.0	0.0	0.0	1.0	1.0	0.25	0.13636363636363635	0.09523809523809523	0.21739130434782608	0.2962962962962963	0.3225806451612903	0.43478260869565216	0.36363636363636365	0.32	0.37209302325581395	0.3333333333333333	0.2857142857142857	0.25	0.3125	
Ring-necked Pheasant	0.0	0.0	0.0	0.0	0.0	0.0	0.0	0.0	0.0	0.0	0.0	0.037037037037037035	0.0	0.03571428571428571	0.045454545454545456	0.11764705882352941	0.0	0.0	0.0	0.0	0.0	0.0	0.0	0.0	0.0	0.0	0.0	0.0	0.0	0.0	0.0	0.0	0.0	0.0	0.0	0.0	0.0	0.0	0.0	0.0	0.0	0.0	0.04	0.0	0.047619047619047616	0.07142857142857142	0.07142857142857142	0.0625	
Pied-billed Grebe	0.0	0.0	0.0	0.0	0.0	0.0	0.0	0.0	0.0	0.0	0.0	0.0	0.0	0.0	0.0	0.0	0.0	0.0	0.0	0.0	0.0	0.0	0.0	0.0	0.0	0.0	0.0	0.0	0.0	0.0	0.0	0.0	0.0	0.0	0.0	0.045454545454545456	0.047619047619047616	0.043478260869565216	0.0	0.03225806451612903	0.0	0.0	0.04	0.0	0.047619047619047616	0.0	0.03571428571428571	0.0	
Horned Grebe	0.0	0.0	0.0	0.0	0.0	0.0	0.0	0.0	0.0	0.0	0.0	0.0	0.0	0.0	0.0	0.0	0.0	0.0	0.0	0.0	0.0	0.0	0.0	0.0	0.0	0.0	0.0	0.0	0.0	0.0	0.0	0.0	0.0	0.0	0.0	0.0	0.0	0.0	0.0	0.03225806451612903	0.0	0.0	0.08	0.046511627906976744	0.047619047619047616	0.03571428571428571	0.21428571428571427	0.125	
Red-necked Grebe	0.0	0.0	0.0	0.0	0.0	0.0	0.0	0.0	0.0	0.0	0.0	0.0	0.0	0.0	0.0	0.0	0.0	0.0	0.0	0.0	0.0	0.0	0.0	0.0	0.0	0.0	0.0	0.0	0.0	0.0	0.0	0.0	0.0	0.0	0.0	0.0	0.0	0.0	0.0	0.0	0.043478260869565216	0.0	0.04	0.0	0.0	0.07142857142857142	0.17857142857142858	0.0	
Eared Grebe	0.0	0.0	0.0	0.0	0.0	0.0	0.0	0.0	0.0	0.0	0.0	0.0	0.0	0.0	0.0	0.0	0.0	0.0	0.0	0.0	0.0	0.0	0.0	0.0	0.0	0.0	0.0	0.0	0.0	0.0	0.0	0.0	0.0	0.0	0.0	0.0	0.0	0.0	0.0	0.0	0.0	0.0	0.0	0.0	0.0	0.03571428571428571	0.03571428571428571	0.0	
Western Grebe	0.0	0.0	0.0	0.0	0.0	0.0	0.0	0.0	0.0	0.0	0.0	0.0	0.0	0.0	0.0	0.0	0.0	0.0	0.0	0.0	0.0	0.0	0.0	0.0	0.0	0.0	0.0	0.0	0.0	0.0	0.0	0.0	0.0	0.0	0.0	0.0	0.0	0.0	0.037037037037037035	0.0	0.0	0.0	0.0	0.023255813953488372	0.0	0.0	0.03571428571428571	0.0	
Rock Pigeon	0.1	0.16666666666666666	0.10526315789473684	0.05263157894736842	0.2857142857142857	0.15384615384615385	0.2222222222222222	0.20833333333333334	0.15384615384615385	0.30434782608695654	0.13043478260869565	0.18518518518518517	0.19230769230769232	0.21428571428571427	0.045454545454545456	0.17647058823529413	0.0	0.0	0.0	0.0	0.0	0.0	0.0	0.0	0.6666666666666666	0.0	0.0	0.0	0.0	0.0	0.0	0.0	0.0	1.0	0.0	0.0	0.23809523809523808	0.08695652173913043	0.25925925925925924	0.16129032258064516	0.13043478260869565	0.13636363636363635	0.32	0.2558139534883721	0.2857142857142857	0.39285714285714285	0.2857142857142857	0.3125	
Band-tailed Pigeon	0.0	0.0	0.0	0.0	0.0	0.0	0.0	0.0	0.0	0.0	0.0	0.0	0.038461538461538464	0.0	0.0	0.23529411764705882	0.0	0.0	0.0	0.0	0.0	0.0	0.0	0.0	0.0	0.5	0.0	0.0	0.0	0.0	0.0	0.0	0.0	0.0	0.25	0.0	0.047619047619047616	0.0	0.0	0.0	0.0	0.0	0.0	0.0	0.0	0.0	0.03571428571428571	0.0015	
Eurasian Collared-Dove	0.25	0.16666666666666666	0.3157894736842105	0.21052631578947367	0.2857142857142857	0.3076923076923077	0.4444444444444444	0.5	0.4230769230769231	0.5217391304347826	0.4782608695652174	0.7777777777777778	0.46153846153846156	0.5714285714285714	0.6818181818181818	0.8235294117647058	0.6666666666666666	0.0	0.0	0.0	0.0	0.0	0.0	0.0	1.0	0.5	0.0	0.5	0.0	0.0	0.0	1.0	0.0	1.0	0.5	0.6818181818181818	0.5714285714285714	0.6521739130434783	0.4444444444444444	0.4838709677419355	0.43478260869565216	0.22727272727272727	0.36	0.4186046511627907	0.38095238095238093	0.5	0.4642857142857143	0.4375	
Mourning Dove	0.35	0.4444444444444444	0.42105263157894735	0.42105263157894735	0.42857142857142855	0.5384615384615384	0.3888888888888889	0.2916666666666667	0.5769230769230769	0.7391304347826086	0.6521739130434783	0.6296296296296297	0.6153846153846154	0.6071428571428571	0.6818181818181818	0.8235294117647058	0.3333333333333333	0.0	0.0	0.0	0.0	0.0	0.0	0.0	0.0	1.0	0.0	0.5	0.0	0.0	0.0	0.0	0.0	1.0	0.75	0.45454545454545453	0.3333333333333333	0.6521739130434783	0.7037037037037037	0.7419354838709677	0.8260869565217391	0.5	0.68	0.627906976744186	0.42857142857142855	0.5357142857142857	0.5357142857142857	0.6875	
Anna's Hummingbird	0.4	0.3888888888888889	0.3684210526315789	0.3157894736842105	0.5	0.3076923076923077	0.5	0.5833333333333334	0.5384615384615384	0.6956521739130435	0.5217391304347826	0.6296296296296297	0.6923076923076923	0.75	0.7272727272727273	0.7647058823529411	1.0	0.0	0.0	0.0	0.0	0.0	0.0	0.0	0.6666666666666666	0.5	0.0	1.0	0.0	0.0	0.0	1.0	1.0	0.0	0.25	0.5	0.42857142857142855	0.4782608695652174	0.5555555555555556	0.5806451612903226	0.391304347826087	0.3181818181818182	0.72	0.6744186046511628	0.7619047619047619	0.7142857142857143	0.6785714285714286	0.6875	
Rufous Hummingbird	0.0	0.0	0.0	0.0	0.0	0.0	0.0	0.0	0.0	0.0	0.08695652173913043	0.2962962962962963	0.46153846153846156	0.6071428571428571	0.6363636363636364	0.7058823529411765	0.3333333333333333	0.0	0.0	0.0	0.0	0.0	0.0	0.0	0.3333333333333333	0.5	0.0	0.5	0.0	0.0	0.0	0.0	0.0	0.0	0.0	0.0	0.0	0.0	0.0	0.0	0.0	0.0	0.0	0.0	0.0	0.0	0.0	0.0	
hummingbird sp.	0.0	0.0	0.0	0.0	0.0	0.0	0.0	0.0	0.0	0.0	0.0	0.0	0.0	0.0	0.045454545454545456	0.0	0.0	0.0	0.0	0.0	0.0	0.0	0.0	0.0	0.0	0.0	0.0	0.0	0.0	0.0	0.0	0.0	0.0	0.0	0.0	0.0	0.0	0.0	0.0	0.0	0.0	0.0	0.0	0.0	0.0	0.0	0.0	0.0	
Virginia Rail	0.05	0.0	0.0	0.0	0.07142857142857142	0.0	0.05555555555555555	0.041666666666666664	0.11538461538461539	0.08695652173913043	0.043478260869565216	0.07407407407407407	0.038461538461538464	0.03571428571428571	0.0	0.17647058823529413	0.0	0.0	0.0	0.0	0.0	0.0	0.0	0.0	0.0	0.0	0.0	0.0	0.0	0.0	0.0	0.0	0.0	0.0	0.0	0.0	0.0	0.0	0.0	0.0	0.0	0.0	0.0	0.0	0.047619047619047616	0.07142857142857142	0.10714285714285714	0.0	
American Coot	0.0	0.0	0.0	0.0	0.0	0.0	0.0	0.0	0.0	0.0	0.043478260869565216	0.0	0.0	0.0	0.0	0.0	0.0	0.0	0.0	0.0	0.0	0.0	0.0	0.0	0.0	0.0	0.0	0.0	0.0	0.0	0.0	0.0	0.0	0.0	0.0	0.0	0.0	0.0	0.0	0.0	0.0	0.0	0.0	0.0	0.0	0.03571428571428571	0.0	0.0	
Sandhill Crane	0.0	0.0	0.0	0.0	0.0	0.0	0.0	0.0	0.0	0.0	0.0	0.0	0.0	0.0	0.0	0.0	0.0	0.0	0.0	0.0	0.0	0.0	0.0	0.0	0.0	0.0	0.0	0.0	0.0	0.0	0.0	0.0	0.0	0.0	0.25	0.045454545454545456	0.047619047619047616	0.08695652173913043	0.037037037037037035	0.03225806451612903	0.0	0.0	0.0	0.0	0.0	0.0	0.0	0.0	
Black-bellied Plover	0.25	0.4444444444444444	0.21052631578947367	0.15789473684210525	0.2857142857142857	0.07692307692307693	0.05555555555555555	0.16666666666666666	0.038461538461538464	0.13043478260869565	0.043478260869565216	0.07407407407407407	0.0	0.07142857142857142	0.0	0.11764705882352941	0.0	0.0	0.0	0.0	0.0	0.0	0.0	0.0	0.0	0.0	0.0	0.0	0.0	0.0	0.0	0.0	0.0	0.0	0.0	0.09090909090909091	0.0	0.0	0.0	0.03225806451612903	0.0	0.0015	0.2	0.20930232558139536	0.19047619047619047	0.35714285714285715	0.42857142857142855	0.375	
Pacific Golden-Plover	0.0	0.05555555555555555	0.05263157894736842	0.0	0.0	0.0	0.0	0.0	0.0	0.0	0.0	0.0	0.0	0.0	0.0	0.0	0.0	0.0	0.0	0.0	0.0	0.0	0.0	0.0	0.0	0.0	0.0	0.0	0.0	0.0	0.0	0.0	0.0	0.0	0.0	0.0	0.0	0.0	0.0	0.0	0.0	0.0	0.0	0.0	0.047619047619047616	0.03571428571428571	0.07142857142857142	0.0	
Killdeer	0.05	0.1111111111111111	0.05263157894736842	0.05263157894736842	0.0015	0.0	0.05555555555555555	0.125	0.0	0.08695652173913043	0.08695652173913043	0.037037037037037035	0.07692307692307693	0.07142857142857142	0.18181818181818182	0.11764705882352941	0.0	0.0	0.0	0.0	0.0	0.0	0.0	0.0	0.0	0.0	0.0	0.0	0.0	0.0	0.0	0.0	0.0	0.0	0.0	0.13636363636363635	0.19047619047619047	0.17391304347826086	0.037037037037037035	0.06451612903225806	0.13043478260869565	0.09090909090909091	0.08	0.13953488372093023	0.19047619047619047	0.14285714285714285	0.17857142857142858	0.0625	
Sanderling	0.0	0.0	0.0	0.0	0.0	0.0	0.0	0.0	0.0	0.0	0.0	0.0	0.0	0.0	0.0	0.0	0.0	0.0	0.0	0.0	0.0	0.0	0.0	0.0	0.0	0.0	0.0	0.0	0.0	0.0	0.0	0.0	0.0	0.0	0.0	0.0	0.0	0.0	0.0	0.0	0.0	0.0	0.0	0.0	0.0	0.0	0.07142857142857142	0.0	
Dunlin	0.15	0.2777777777777778	0.05263157894736842	0.21052631578947367	0.07142857142857142	0.07692307692307693	0.05555555555555555	0.125	0.038461538461538464	0.08695652173913043	0.0	0.037037037037037035	0.0	0.03571428571428571	0.0	0.11764705882352941	0.0	0.0	0.0	0.0	0.0	0.0	0.0	0.0	0.0	0.0	0.0	0.0	0.0	0.0	0.0	0.0	0.0	0.0	0.0	0.0	0.0	0.0	0.0	0.03225806451612903	0.0	0.0	0.2	0.18604651162790697	0.14285714285714285	0.14285714285714285	0.17857142857142858	0.3125	
Least Sandpiper	0.0	0.0	0.0	0.05263157894736842	0.0	0.0	0.0	0.0	0.0	0.0	0.0	0.0	0.0	0.0	0.045454545454545456	0.11764705882352941	0.0	0.0	0.0	0.0	0.0	0.0	0.0	0.0	0.0	0.0	0.0	0.0	0.0	0.0	0.0	0.0	0.0	0.0	0.0	0.0	0.0	0.0	0.0	0.0	0.0	0.0	0.0	0.0	0.0	0.0	0.0	0.0	
Pectoral Sandpiper	0.0	0.0	0.0	0.0	0.0	0.0	0.0	0.0	0.0	0.0	0.0	0.0	0.0	0.0	0.0	0.0	0.0	0.0	0.0	0.0	0.0	0.0	0.0	0.0	0.0	0.0	0.0	0.0	0.0	0.0	0.0	0.0	0.0	0.0	0.0	0.0	0.047619047619047616	0.0	0.037037037037037035	0.0	0.0	0.0	0.0	0.0	0.0	0.0	0.0	0.0	
Long-billed Dowitcher	0.0	0.0	0.0	0.0	0.0	0.0	0.0	0.0	0.0	0.0	0.0	0.0	0.0	0.0	0.0	0.0	0.0	0.0	0.0	0.0	0.0	0.0	0.0	0.0	0.0	0.0	0.0	0.0	0.0	0.0	0.0	0.0	0.0	0.0	0.0	0.045454545454545456	0.19047619047619047	0.08695652173913043	0.0	0.0	0.0	0.0	0.0	0.0	0.0	0.0	0.0	0.0	
Wilson's Snipe	0.0	0.0	0.0	0.0	0.0	0.0	0.0	0.0	0.038461538461538464	0.043478260869565216	0.0	0.0	0.038461538461538464	0.0	0.0	0.0	0.0	0.0	0.0	0.0	0.0	0.0	0.0	0.0	0.0	0.0	0.0	0.0	0.0	0.0	0.0	0.0	0.0	0.0	0.0	0.0	0.0	0.043478260869565216	0.037037037037037035	0.03225806451612903	0.0	0.09090909090909091	0.08	0.09302325581395349	0.0015	0.03571428571428571	0.10714285714285714	0.0625	
Red-necked Phalarope	0.0	0.0	0.0	0.0	0.0	0.0	0.0	0.0	0.0	0.0	0.0	0.0	0.0	0.0	0.0	0.0015	0.0	0.0	0.0	0.0	0.0	0.0	0.0	0.0	0.0	0.0	0.0	0.0	0.0	0.0	0.0	0.0	0.0	0.0	0.25	0.0	0.0	0.0	0.0	0.0	0.0	0.0	0.0	0.0	0.0	0.0	0.0	0.0	
Greater Yellowlegs	0.0	0.0	0.0	0.0	0.0	0.0	0.0	0.0	0.0	0.0	0.0	0.0	0.0	0.03571428571428571	0.045454545454545456	0.0	0.0	0.0	0.0	0.0	0.0	0.0	0.0	0.0	0.0	0.0	0.0	0.0	0.0	0.0	0.0	0.0	0.0	0.0	0.25	0.09090909090909091	0.19047619047619047	0.0	0.0	0.0	0.0	0.0	0.0	0.0	0.0	0.0	0.0	0.0	
Common Murre	0.0	0.0	0.0	0.0	0.0	0.0	0.0	0.0	0.0	0.0	0.0	0.0	0.0	0.0	0.0	0.0	0.0	0.0	0.0	0.0	0.0	0.0	0.0	0.0	0.0	0.0	0.0	0.0	0.0	0.0	0.0	0.0	0.0	0.0	0.0	0.0	0.0	0.0	0.0	0.0	0.0	0.0	0.0	0.046511627906976744	0.0	0.03571428571428571	0.10714285714285714	0.0	
Pigeon Guillemot	0.0	0.0	0.0	0.0	0.0	0.07692307692307693	0.05555555555555555	0.0	0.038461538461538464	0.08695652173913043	0.0	0.0	0.0	0.0	0.045454545454545456	0.0	0.0	0.0	0.0	0.0	0.0	0.0	0.0	0.0	0.0	0.0	0.0	0.0	0.0	0.0	0.0	0.0	0.0	0.0	0.0	0.0	0.0	0.0	0.0	0.0	0.043478260869565216	0.0	0.08	0.09302325581395349	0.047619047619047616	0.07142857142857142	0.21428571428571427	0.1875	
Marbled Murrelet	0.0	0.0	0.0	0.0	0.0	0.0	0.0	0.0	0.0	0.0	0.0	0.0	0.0	0.0	0.0	0.0	0.0	0.0	0.0	0.0	0.0	0.0	0.0	0.0	0.0	0.0	0.0	0.0	0.0	0.0	0.0	0.0	0.0	0.0	0.0	0.0	0.0	0.0	0.0	0.0	0.0	0.0	0.04	0.023255813953488372	0.0	0.0	0.0	0.0	
Ancient Murrelet	0.0	0.0	0.0	0.0	0.0	0.0	0.0	0.0	0.0	0.0	0.0	0.0	0.0	0.0	0.0	0.0	0.0	0.0	0.0	0.0	0.0	0.0	0.0	0.0	0.0	0.0	0.0	0.0	0.0	0.0	0.0	0.0	0.0	0.0	0.0	0.0	0.0	0.0	0.0	0.0	0.0	0.0	0.0	0.023255813953488372	0.0	0.0	0.0	0.0	
murrelet sp.	0.0	0.0	0.0	0.0	0.0	0.0	0.0	0.0	0.0	0.0	0.0	0.0	0.0	0.0	0.0	0.0	0.0	0.0	0.0	0.0	0.0	0.0	0.0	0.0	0.0	0.0	0.0	0.0	0.0	0.0	0.0	0.0	0.0	0.0	0.0	0.0	0.0	0.0	0.0	0.0	0.0	0.0	0.0	0.0	0.0	0.0	0.03571428571428571	0.0	
Franklin's Gull	0.0	0.0	0.0	0.0	0.0	0.0	0.0	0.0	0.0	0.0	0.0	0.0	0.0	0.0	0.0	0.0	0.0	0.0	0.0	0.0	0.0	0.0	0.0	0.0	0.0	0.0	0.0	0.0	0.0	0.0	0.0	0.0	0.0	0.0	0.0	0.0	0.0	0.0	0.0	0.03225806451612903	0.0	0.0	0.0	0.0	0.0	0.0015	0.0	0.0	
Mew Gull	0.1	0.3888888888888889	0.15789473684210525	0.10526315789473684	0.35714285714285715	0.23076923076923078	0.2222222222222222	0.4166666666666667	0.4230769230769231	0.2608695652173913	0.21739130434782608	0.07407407407407407	0.07692307692307693	0.10714285714285714	0.045454545454545456	0.058823529411764705	0.0	0.0	0.0	0.0	0.0	0.0	0.0	0.0	0.0	0.0	0.0	0.0	0.0	0.0	0.0	0.0	0.0	0.0	0.0	0.0	0.047619047619047616	0.0	0.2222222222222222	0.3225806451612903	0.2608695652173913	0.13636363636363635	0.64	0.4418604651162791	0.23809523809523808	0.5714285714285714	0.4642857142857143	0.375	
Ring-billed Gull	0.0	0.0	0.05263157894736842	0.05263157894736842	0.0	0.0	0.0	0.0	0.0	0.0	0.0	0.0	0.0	0.0	0.0	0.058823529411764705	0.0	0.0	0.0	0.0	0.0	0.0	0.0	0.0	0.0	0.0	0.0	0.0	0.0	0.0	0.0	0.0	0.0	0.0	0.0	0.0	0.0	0.0	0.07407407407407407	0.0	0.0	0.0	0.04	0.023255813953488372	0.0	0.0	0.0	0.0	
Western Gull	0.0	0.0	0.0	0.0	0.0	0.0	0.0	0.0	0.0	0.0	0.0	0.0	0.0	0.0	0.0	0.0	0.0	0.0	0.0	0.0	0.0	0.0	0.0	0.0	0.0	0.0	0.0	0.0	0.0	0.0	0.0	0.0	0.0	0.0	0.0	0.0	0.0	0.0	0.0	0.0	0.0	0.0	0.0	0.023255813953488372	0.0	0.0	0.03571428571428571	0.0	
California Gull	0.0	0.0	0.0	0.0	0.0	0.0	0.0	0.0	0.0	0.0	0.0	0.0	0.0	0.0	0.0	0.0	0.0	0.0	0.0	0.0	0.0	0.0	0.0	0.0	0.0	0.0	0.0	0.0	0.0	0.0	0.0	0.0	0.0	0.0	0.0	0.045454545454545456	0.047619047619047616	0.08695652173913043	0.18518518518518517	0.22580645161290322	0.21739130434782608	0.09090909090909091	0.08	0.023255813953488372	0.0	0.0	0.0	0.0	
Herring Gull	0.0	0.0	0.0	0.0	0.0	0.0	0.0	0.0	0.0	0.0	0.0	0.0	0.0	0.07142857142857142	0.045454545454545456	0.0	0.0	0.0	0.0	0.0	0.0	0.0	0.0	0.0	0.0	0.0	0.0	0.0	0.0	0.0	0.0	0.0	0.0	0.0	0.0	0.0	0.0	0.0	0.0	0.12903225806451613	0.043478260869565216	0.0	0.04	0.13953488372093023	0.09523809523809523	0.07142857142857142	0.0	0.0	
Iceland Gull	0.0	0.0	0.0	0.0	0.0	0.07692307692307693	0.0	0.041666666666666664	0.0	0.0	0.0	0.0	0.0	0.0	0.0	0.0	0.0	0.0	0.0	0.0	0.0	0.0	0.0	0.0	0.0	0.0	0.0	0.0	0.0	0.0	0.0	0.0	0.0	0.0	0.0	0.0	0.0	0.0	0.0	0.0	0.0	0.0	0.0	0.0	0.0	0.0	0.0	0.0	
Glaucous-winged Gull	0.2	0.3333333333333333	0.2631578947368421	0.15789473684210525	0.42857142857142855	0.38461538461538464	0.5555555555555556	0.5	0.4230769230769231	0.782608695652174	0.21739130434782608	0.3333333333333333	0.38461538461538464	0.4642857142857143	0.36363636363636365	0.35294117647058826	0.3333333333333333	0.0	0.0	0.0	0.0	0.0	0.0	0.0	0.0	0.0	0.0	0.0	0.0	0.0	0.0	0.0	0.0	0.0	0.0	0.045454545454545456	0.09523809523809523	0.17391304347826086	0.48148148148148145	0.5806451612903226	0.5652173913043478	0.22727272727272727	0.92	0.6976744186046512	0.5714285714285714	0.7142857142857143	0.6428571428571429	0.5	
Western x Glaucous-winged Gull (hybrid)	0.0	0.0	0.0	0.0	0.0	0.0	0.0	0.08333333333333333	0.0	0.0	0.0	0.0	0.0	0.0	0.0	0.0	0.0	0.0	0.0	0.0	0.0	0.0	0.0	0.0	0.0	0.0	0.0	0.0	0.0	0.0	0.0	0.0	0.0	0.0	0.25	0.0	0.0	0.0	0.0	0.0	0.0	0.045454545454545456	0.0	0.0	0.0	0.0	0.0	0.0	
Larus sp.	0.1	0.16666666666666666	0.10526315789473684	0.10526315789473684	0.07142857142857142	0.23076923076923078	0.1111111111111111	0.125	0.07692307692307693	0.21739130434782608	0.043478260869565216	0.14814814814814814	0.3076923076923077	0.21428571428571427	0.22727272727272727	0.4117647058823529	0.6666666666666666	0.0	0.0	0.0	0.0	0.0	0.0	0.0	0.0	0.0	0.0	0.0	0.0	0.0	0.0	0.0	0.0	0.0	0.0	0.0	0.09523809523809523	0.13043478260869565	0.14814814814814814	0.1935483870967742	0.30434782608695654	0.13636363636363635	0.16	0.11627906976744186	0.14285714285714285	0.21428571428571427	0.2857142857142857	0.3125	
gull sp.	0.45	0.3888888888888889	0.2631578947368421	0.15789473684210525	0.5	0.23076923076923078	0.4444444444444444	0.4583333333333333	0.5	0.5217391304347826	0.5652173913043478	0.4074074074074074	0.5	0.6428571428571429	0.3181818181818182	0.35294117647058826	0.0	0.0	0.0	0.0	0.0	0.0	0.0	0.0	0.0	0.0	0.0	0.0	0.0	0.0	0.0	0.0	0.0	0.0	0.0	0.18181818181818182	0.19047619047619047	0.30434782608695654	0.4074074074074074	0.41935483870967744	0.391304347826087	0.36363636363636365	0.72	0.5348837209302325	0.5714285714285714	0.5357142857142857	0.4642857142857143	0.4375	
Caspian Tern	0.0	0.0	0.0	0.0	0.0	0.0	0.0	0.0	0.0	0.0	0.0	0.0	0.0	0.0	0.045454545454545456	0.058823529411764705	0.0	0.0	0.0	0.0	0.0	0.0	0.0	0.0	0.0	0.0	0.0	0.0	0.0	0.0	0.0	0.0	0.0	0.0	0.0	0.0	0.0	0.0	0.0	0.0	0.0	0.0	0.0	0.0	0.0	0.0	0.0	0.0	
Red-throated Loon	0.0	0.0	0.0	0.0	0.0	0.0	0.0	0.0	0.038461538461538464	0.0	0.0	0.0	0.0	0.0	0.0	0.0	0.0	0.0	0.0	0.0	0.0	0.0	0.0	0.0	0.0	0.0	0.0	0.0	0.0	0.0	0.0	0.0	0.0	0.0	0.0	0.0	0.0	0.0	0.0	0.0	0.0	0.0	0.08	0.023255813953488372	0.0	0.0	0.07142857142857142	0.0	
Pacific Loon	0.0	0.0	0.0	0.0	0.0	0.0	0.0	0.0	0.0	0.0	0.0	0.0	0.0	0.0	0.0	0.0	0.0	0.0	0.0	0.0	0.0	0.0	0.0	0.0	0.0	0.0	0.0	0.0	0.0	0.0	0.0	0.0	0.0	0.0	0.0	0.0	0.0	0.0	0.0	0.0	0.0	0.0	0.04	0.046511627906976744	0.0	0.03571428571428571	0.10714285714285714	0.0	
Common Loon	0.0	0.0	0.0	0.0	0.0	0.0	0.0	0.0	0.0	0.0	0.0	0.0	0.0	0.0	0.0	0.0	0.0	0.0	0.0	0.0	0.0	0.0	0.0	0.0	0.0	0.0	0.0	0.0	0.0	0.0	0.0	0.0	0.0	0.0	0.0	0.0	0.0	0.043478260869565216	0.0	0.0	0.0	0.0	0.08	0.0	0.0	0.0	0.10714285714285714	0.0	
Brandt's Cormorant	0.0	0.0	0.0	0.0	0.0	0.0	0.0	0.0	0.0	0.0	0.0	0.0	0.0	0.0	0.0	0.0	0.0	0.0	0.0	0.0	0.0	0.0	0.0	0.0	0.0	0.0	0.0	0.0	0.0	0.0	0.0	0.0	0.0	0.0	0.0	0.0	0.0	0.0	0.0	0.0	0.043478260869565216	0.0	0.0	0.0	0.0	0.0	0.0	0.0	
Pelagic Cormorant	0.0	0.05555555555555555	0.0	0.0	0.0	0.0	0.0	0.0	0.038461538461538464	0.043478260869565216	0.0	0.0	0.038461538461538464	0.03571428571428571	0.0	0.0	0.0	0.0	0.0	0.0	0.0	0.0	0.0	0.0	0.0	0.0	0.0	0.0	0.0	0.0	0.0	0.0	0.0	0.0	0.0	0.0	0.047619047619047616	0.0	0.0	0.06451612903225806	0.043478260869565216	0.045454545454545456	0.08	0.09302325581395349	0.047619047619047616	0.14285714285714285	0.25	0.125	
Double-crested Cormorant	0.05	0.1111111111111111	0.0	0.0	0.0	0.07692307692307693	0.05555555555555555	0.0	0.0	0.0	0.0	0.0	0.0	0.0	0.0	0.0	0.0	0.0	0.0	0.0	0.0	0.0	0.0	0.0	0.0	0.0	0.0	0.0	0.0	0.0	0.0	0.0	0.0	0.0	0.0	0.0	0.0	0.0	0.0	0.06451612903225806	0.0	0.0	0.08	0.11627906976744186	0.0015	0.14285714285714285	0.25	0.25	
Great Blue Heron	0.05	0.05555555555555555	0.05263157894736842	0.2631578947368421	0.21428571428571427	0.15384615384615385	0.2222222222222222	0.20833333333333334	0.2692307692307692	0.30434782608695654	0.21739130434782608	0.2222222222222222	0.23076923076923078	0.10714285714285714	0.22727272727272727	0.058823529411764705	0.0	0.0	0.0	0.0	0.0	0.0	0.0	0.0	0.6666666666666666	0.0	0.0	0.0	0.0	0.0	0.0	0.0	0.0	0.0	0.0	0.045454545454545456	0.14285714285714285	0.08695652173913043	0.14814814814814814	0.0967741935483871	0.08695652173913043	0.045454545454545456	0.16	0.06976744186046512	0.14285714285714285	0.32142857142857145	0.17857142857142858	0.0625	
Turkey Vulture	0.0	0.0	0.0	0.0	0.0	0.0015	0.0	0.041666666666666664	0.038461538461538464	0.2608695652173913	0.2608695652173913	0.18518518518518517	0.11538461538461539	0.10714285714285714	0.045454545454545456	0.17647058823529413	0.3333333333333333	0.0	0.0	0.0	0.0	0.0	0.0	0.0	0.0	0.5	0.0	0.0	0.0	0.0	0.0	0.0	0.0	1.0	0.0	0.0	0.047619047619047616	0.0	0.0	0.0	0.0	0.0	0.0	0.0	0.0	0.0	0.0	0.0	
Osprey	0.0	0.0	0.0	0.0	0.0	0.0	0.0	0.0	0.0	0.0	0.0	0.0	0.0	0.0	0.0	0.0	0.0	0.0	0.0	0.0	0.0	0.0	0.0	0.0	0.0	0.0	0.0	0.0	0.0	0.0	0.0	0.0	0.0	0.0	0.0	0.0	0.047619047619047616	0.0	0.0	0.0	0.0	0.0	0.0	0.0	0.0	0.0	0.0	0.0	
Northern Harrier	0.35	0.3888888888888889	0.21052631578947367	0.21052631578947367	0.35714285714285715	0.3076923076923077	0.2777777777777778	0.3333333333333333	0.38461538461538464	0.2608695652173913	0.391304347826087	0.25925925925925924	0.19230769230769232	0.2857142857142857	0.22727272727272727	0.23529411764705882	0.3333333333333333	0.0	0.0	0.0	0.0	0.0	0.0	0.0	0.0	0.0	0.0	0.5	0.0	0.0	0.0	1.0	1.0	1.0	0.5	0.3181818181818182	0.47619047619047616	0.5217391304347826	0.5185185185185185	0.41935483870967744	0.34782608695652173	0.18181818181818182	0.32	0.4186046511627907	0.23809523809523808	0.5	0.4642857142857143	0.375	
Sharp-shinned Hawk	0.0	0.0	0.0	0.05263157894736842	0.0	0.15384615384615385	0.0015	0.041666666666666664	0.0	0.0	0.043478260869565216	0.0	0.0	0.0	0.09090909090909091	0.0	0.0	0.0	0.0	0.0	0.0	0.0	0.0	0.0	0.0	0.0	0.0	0.0	0.0	0.0	0.0	0.0	0.0	0.0	0.0	0.0	0.0	0.043478260869565216	0.0	0.0967741935483871	0.0	0.045454545454545456	0.0	0.046511627906976744	0.0	0.03571428571428571	0.03571428571428571	0.0625	
Cooper's Hawk	0.0	0.05555555555555555	0.15789473684210525	0.05263157894736842	0.0	0.0	0.05555555555555555	0.08333333333333333	0.038461538461538464	0.0	0.043478260869565216	0.14814814814814814	0.23076923076923078	0.17857142857142858	0.045454545454545456	0.11764705882352941	0.3333333333333333	0.0	0.0	0.0	0.0	0.0	0.0	0.0	0.3333333333333333	0.0	0.0	0.0	0.0	0.0	0.0	0.0	0.0	1.0	0.0	0.36363636363636365	0.19047619047619047	0.17391304347826086	0.07407407407407407	0.12903225806451613	0.17391304347826086	0.045454545454545456	0.04	0.09302325581395349	0.0015	0.07142857142857142	0.17857142857142858	0.0625	
Accipiter sp.	0.0	0.0	0.0	0.0	0.0	0.0	0.0	0.0	0.0	0.0	0.0	0.0	0.0	0.0	0.045454545454545456	0.0	0.0	0.0	0.0	0.0	0.0	0.0	0.0	0.0	0.0	0.0	0.0	0.0	0.0	0.0	0.0	0.0	0.0	0.0	0.0	0.0	0.0	0.0	0.0	0.0	0.0	0.0	0.0	0.0	0.0	0.0	0.0	0.0	
Bald Eagle	0.5	0.5	0.47368421052631576	0.42105263157894735	0.5	0.46153846153846156	0.5	0.5416666666666666	0.4230769230769231	0.7391304347826086	0.6956521739130435	0.48148148148148145	0.6923076923076923	0.4642857142857143	0.7272727272727273	0.7058823529411765	0.6666666666666666	0.0	0.0	0.0	0.0	0.0	0.0	0.0	0.0	0.0	0.0	0.5	0.0	0.0	0.0	0.0	0.0	1.0	0.25	0.18181818181818182	0.42857142857142855	0.391304347826087	0.4074074074074074	0.5161290322580645	0.43478260869565216	0.5	0.56	0.4418604651162791	0.42857142857142855	0.6071428571428571	0.5357142857142857	0.6875	
Red-tailed Hawk	0.25	0.1111111111111111	0.2631578947368421	0.21052631578947367	0.42857142857142855	0.38461538461538464	0.4444444444444444	0.4166666666666667	0.46153846153846156	0.5217391304347826	0.6086956521739131	0.5185185185185185	0.5384615384615384	0.42857142857142855	0.5	0.5882352941176471	0.6666666666666666	0.0	0.0	0.0	0.0	0.0	0.0	0.0	0.3333333333333333	0.0	0.0	0.5	0.0	0.0	0.0	0.0	0.0	1.0	0.25	0.22727272727272727	0.2857142857142857	0.21739130434782608	0.2222222222222222	0.16129032258064516	0.34782608695652173	0.22727272727272727	0.52	0.46511627906976744	0.38095238095238093	0.6071428571428571	0.39285714285714285	0.625	
Rough-legged Hawk	0.0	0.0	0.0	0.0	0.0	0.0	0.0	0.041666666666666664	0.0	0.0	0.0	0.0	0.0	0.0	0.0	0.0	0.0	0.0	0.0	0.0	0.0	0.0	0.0	0.0	0.0	0.0	0.0	0.0	0.0	0.0	0.0	0.0	0.0	0.0	0.0	0.0	0.0	0.0	0.0	0.0	0.0	0.0	0.0	0.0	0.0	0.0	0.0	0.0	
Barn Owl	0.0015	0.1111111111111111	0.05263157894736842	0.0	0.0	0.07692307692307693	0.0015	0.0	0.038461538461538464	0.043478260869565216	0.0	0.0	0.038461538461538464	0.0	0.0	0.0	0.0	0.0	0.0	0.0	0.0	0.0	0.0	0.0	0.0	0.0	0.0	0.0	0.0	0.0	0.0	1.0	0.0	0.0	0.0	0.0	0.047619047619047616	0.0	0.0	0.03225806451612903	0.0	0.0015	0.04	0.046511627906976744	0.0	0.03571428571428571	0.10714285714285714	0.0625	
Great Horned Owl	0.05	0.16666666666666666	0.10526315789473684	0.21052631578947367	0.0015	0.15384615384615385	0.05555555555555555	0.08333333333333333	0.038461538461538464	0.0	0.0	0.0	0.038461538461538464	0.0015	0.0	0.0	0.0	0.0	0.0	0.0	0.0	0.0	0.0	0.0	0.0	0.0	0.0	0.0	0.0	0.0	0.0	0.0	0.0	0.0	0.0	0.045454545454545456	0.0	0.0	0.0	0.0	0.043478260869565216	0.09090909090909091	0.0	0.023255813953488372	0.047619047619047616	0.03571428571428571	0.0015	0.0015	
Snowy Owl	0.0	0.0	0.0	0.0	0.0	0.0	0.0015	0.0	0.0	0.0	0.0	0.0	0.0	0.0	0.0	0.0	0.0	0.0	0.0	0.0	0.0	0.0	0.0	0.0	0.0	0.0	0.0	0.0	0.0	0.0	0.0	0.0	0.0	0.0	0.0	0.0	0.0	0.0	0.0	0.0	0.0	0.0	0.0	0.0	0.0	0.0	0.0	0.0	
Northern Pygmy-Owl	0.0	0.0	0.0	0.0	0.0	0.0	0.0	0.0	0.0	0.0015	0.0	0.0	0.0	0.0	0.0	0.0	0.0	0.0	0.0	0.0	0.0	0.0	0.0	0.0	0.0	0.0	0.0	0.0	0.0	0.0	0.0	0.0	0.0	0.0	0.0	0.0	0.0	0.0	0.0	0.0	0.0	0.0	0.0	0.0	0.0	0.0	0.0	0.0	
Barred Owl	0.0	0.05555555555555555	0.10526315789473684	0.10526315789473684	0.0015	0.0	0.0015	0.0	0.038461538461538464	0.043478260869565216	0.043478260869565216	0.0	0.0	0.0015	0.09090909090909091	0.058823529411764705	0.0	0.0	0.0	0.0	0.0	0.0	0.0	0.0	0.0	0.0	0.0	0.0	0.0	0.0	0.0	0.0	1.0	0.0	0.0	0.0	0.0	0.0	0.037037037037037035	0.0	0.0	0.0	0.0	0.046511627906976744	0.0	0.0	0.03571428571428571	0.0015	
Long-eared Owl	0.0	0.0	0.0	0.0	0.0	0.0	0.0	0.0	0.0	0.0	0.0	0.0	0.0	0.0	0.0	0.0	0.0	0.0	0.0	0.0	0.0	0.0	0.0	0.0	0.0	0.0	0.0	0.0	0.0	0.0	0.0	0.0	0.0	0.0	0.0	0.0	0.0	0.0	0.0	0.0	0.0	0.0	0.0	0.0	0.0	0.0	0.0	0.0015	
Short-eared Owl	0.05	0.0	0.0	0.05263157894736842	0.0	0.07692307692307693	0.0	0.0	0.0	0.0	0.0	0.0	0.0	0.0	0.0	0.0	0.0	0.0	0.0	0.0	0.0	0.0	0.0	0.0	0.0	0.0	0.0	0.0	0.0	0.0	0.0	0.0	0.0	0.0	0.0	0.0	0.0	0.0	0.0	0.03225806451612903	0.0	0.0	0.0	0.0	0.0	0.07142857142857142	0.03571428571428571	0.0	
Northern Saw-whet Owl	0.0	0.0	0.0	0.0015	0.07142857142857142	0.0	0.0	0.0	0.0015	0.0	0.0	0.0	0.0	0.0	0.0	0.0	0.0	0.0	0.0	0.0	0.0	0.0	0.0	0.0	0.0	0.0	0.0	0.0	0.0	0.0	0.0	0.0	0.0	0.0	0.0	0.0	0.0	0.0	0.0	0.0	0.0	0.0	0.0	0.0015	0.0	0.0	0.0	0.0	
Belted Kingfisher	0.0	0.0	0.0	0.0	0.0	0.0	0.0	0.0	0.0	0.0	0.0	0.0	0.038461538461538464	0.03571428571428571	0.045454545454545456	0.0	0.0	0.0	0.0	0.0	0.0	0.0	0.0	0.0	0.0	0.0	0.0	0.0	0.0	0.0	0.0	0.0	0.0	0.0	0.0	0.0	0.047619047619047616	0.0	0.0	0.06451612903225806	0.043478260869565216	0.0	0.08	0.0	0.047619047619047616	0.07142857142857142	0.14285714285714285	0.0	
Red-breasted Sapsucker	0.0	0.0	0.0	0.0	0.07142857142857142	0.07692307692307693	0.05555555555555555	0.041666666666666664	0.23076923076923078	0.08695652173913043	0.13043478260869565	0.2962962962962963	0.15384615384615385	0.25	0.36363636363636365	0.47058823529411764	0.0	0.0	0.0	0.0	0.0	0.0	0.0	0.0	0.3333333333333333	0.5	0.0	0.0	0.0	0.0	0.0	0.0	1.0	1.0	0.25	0.09090909090909091	0.09523809523809523	0.0	0.07407407407407407	0.0	0.0	0.045454545454545456	0.0	0.0	0.0	0.0	0.10714285714285714	0.0	
Downy Woodpecker	0.3	0.4444444444444444	0.21052631578947367	0.3157894736842105	0.14285714285714285	0.23076923076923078	0.2222222222222222	0.3333333333333333	0.15384615384615385	0.2608695652173913	0.08695652173913043	0.2222222222222222	0.07692307692307693	0.10714285714285714	0.18181818181818182	0.058823529411764705	0.0	0.0	0.0	0.0	0.0	0.0	0.0	0.0	0.0	0.0	0.0	0.5	0.0	0.0	0.0	0.0	0.0	1.0	0.0	0.045454545454545456	0.14285714285714285	0.21739130434782608	0.14814814814814814	0.25806451612903225	0.2608695652173913	0.13636363636363635	0.32	0.3953488372093023	0.38095238095238093	0.5714285714285714	0.32142857142857145	0.3125	
Hairy Woodpecker	0.1	0.2222222222222222	0.10526315789473684	0.0	0.14285714285714285	0.15384615384615385	0.16666666666666666	0.16666666666666666	0.19230769230769232	0.13043478260869565	0.21739130434782608	0.2222222222222222	0.2692307692307692	0.21428571428571427	0.4090909090909091	0.29411764705882354	0.0	0.0	0.0	0.0	0.0	0.0	0.0	0.0	0.0	0.5	0.0	0.0	0.0	0.0	0.0	0.0	1.0	1.0	0.0	0.18181818181818182	0.14285714285714285	0.17391304347826086	0.25925925925925924	0.06451612903225806	0.08695652173913043	0.045454545454545456	0.32	0.16279069767441862	0.19047619047619047	0.07142857142857142	0.2857142857142857	0.125	
Pileated Woodpecker	0.0	0.05555555555555555	0.0	0.05263157894736842	0.0	0.15384615384615385	0.05555555555555555	0.041666666666666664	0.07692307692307693	0.08695652173913043	0.17391304347826086	0.14814814814814814	0.07692307692307693	0.03571428571428571	0.09090909090909091	0.058823529411764705	0.0	0.0	0.0	0.0	0.0	0.0	0.0	0.0	0.0	0.5	0.0	0.0	0.0	0.0	0.0	0.0	0.0	0.0	0.0	0.13636363636363635	0.09523809523809523	0.0	0.18518518518518517	0.06451612903225806	0.08695652173913043	0.0	0.2	0.16279069767441862	0.09523809523809523	0.03571428571428571	0.07142857142857142	0.0625	
Northern Flicker	0.4	0.3333333333333333	0.3684210526315789	0.5263157894736842	0.42857142857142855	0.3076923076923077	0.4444444444444444	0.4583333333333333	0.6153846153846154	0.5652173913043478	0.5217391304347826	0.5925925925925926	0.38461538461538464	0.42857142857142855	0.5454545454545454	0.35294117647058826	0.0	0.0	0.0	0.0	0.0	0.0	0.0	0.0	0.0	1.0	0.0	1.0	0.0	0.0	0.0	0.0	0.0	1.0	0.5	0.6363636363636364	0.5714285714285714	0.782608695652174	0.6296296296296297	0.5806451612903226	0.5652173913043478	0.5	0.72	0.6744186046511628	0.6666666666666666	0.7857142857142857	0.6785714285714286	0.75	
woodpecker sp.	0.0	0.0	0.0	0.0	0.0	0.0	0.0	0.0	0.0	0.0	0.0	0.0	0.0	0.0	0.0	0.0	0.0	0.0	0.0	0.0	0.0	0.0	0.0	0.0	0.0	0.0	0.0	0.0	0.0	0.0	0.0	0.0	0.0	0.0	0.0	0.0	0.0	0.0	0.0	0.03225806451612903	0.0	0.0	0.0	0.0	0.0	0.0	0.0	0.0	
American Kestrel	0.3	0.2777777777777778	0.15789473684210525	0.0	0.2857142857142857	0.23076923076923078	0.16666666666666666	0.2916666666666667	0.34615384615384615	0.30434782608695654	0.2608695652173913	0.2222222222222222	0.34615384615384615	0.5	0.13636363636363635	0.11764705882352941	0.0	0.0	0.0	0.0	0.0	0.0	0.0	0.0	0.0	0.0	0.0	0.5	0.0	0.0	0.0	1.0	0.0	1.0	0.0	0.09090909090909091	0.3333333333333333	0.17391304347826086	0.14814814814814814	0.1935483870967742	0.08695652173913043	0.09090909090909091	0.12	0.2558139534883721	0.19047619047619047	0.35714285714285715	0.42857142857142855	0.625	
Merlin	0.0	0.0	0.10526315789473684	0.0	0.0015	0.0	0.05555555555555555	0.041666666666666664	0.0	0.08695652173913043	0.043478260869565216	0.037037037037037035	0.038461538461538464	0.2857142857142857	0.045454545454545456	0.058823529411764705	0.0	0.0	0.0	0.0	0.0	0.0	0.0	0.0	0.0	0.0	0.0	0.0	0.0	0.0	0.0	0.0	0.0	0.0	0.0	0.13636363636363635	0.38095238095238093	0.21739130434782608	0.1111111111111111	0.06451612903225806	0.0	0.0	0.08	0.06976744186046512	0.19047619047619047	0.03571428571428571	0.07142857142857142	0.0625	
Peregrine Falcon	0.0	0.1111111111111111	0.0	0.05263157894736842	0.0	0.15384615384615385	0.05555555555555555	0.0	0.0	0.0	0.0	0.037037037037037035	0.0	0.03571428571428571	0.0	0.058823529411764705	0.0	0.0	0.0	0.0	0.0	0.0	0.0	0.0	0.0	0.0	0.0	0.5	0.0	0.0	0.0	0.0	0.0	0.0	0.0	0.09090909090909091	0.14285714285714285	0.08695652173913043	0.037037037037037035	0.0967741935483871	0.0	0.045454545454545456	0.0	0.06976744186046512	0.0	0.03571428571428571	0.10714285714285714	0.0625	
Olive-sided Flycatcher	0.0	0.0	0.0	0.0	0.0	0.0	0.0	0.0	0.0	0.0	0.0	0.0	0.0	0.0	0.0	0.0	0.0	0.0	0.0	0.0	0.0	0.0015	0.0	0.0	0.0	1.0	0.0	0.5	0.0	0.0	0.0	0.0	0.0	0.0	0.0	0.0	0.0	0.0	0.0	0.0	0.0	0.0	0.0	0.0	0.0	0.0	0.0	0.0	
Western Wood-Pewee	0.0	0.0	0.0	0.0	0.0	0.0	0.0	0.0	0.0	0.0	0.0	0.0	0.0	0.0	0.0	0.0	0.0	0.0	0.0	0.0	0.0	0.0	0.0	0.0	0.3333333333333333	0.5	0.0	0.0	0.0	0.0	0.0	0.0	0.0	0.0	0.0	0.0	0.0	0.0	0.0	0.0	0.0	0.0	0.0	0.0	0.0	0.0	0.0	0.0	
Willow Flycatcher	0.0	0.0	0.0	0.0	0.0	0.0	0.0	0.0	0.0	0.0	0.0	0.0	0.0	0.0	0.0	0.0	0.0	0.0015	0.0	0.0	0.0	0.0	0.0	0.0	0.3333333333333333	0.5	0.0	0.0	0.0	0.0	0.0	0.0	0.0	0.0	0.0	0.0	0.0	0.0	0.0	0.0	0.0	0.0	0.0	0.0	0.0	0.0	0.0	0.0	
Hammond's Flycatcher	0.0	0.0	0.0	0.0	0.0	0.0	0.0	0.0	0.0	0.0	0.0	0.0	0.0	0.0	0.0	0.058823529411764705	0.0	0.0015	0.0	0.0	0.0	0.0	0.0	0.0	0.0	0.0	0.0	0.0	0.0	0.0	0.0	0.0	0.0	0.0	0.0	0.0	0.0	0.0	0.0	0.0	0.0	0.0	0.0	0.0	0.0	0.0	0.0	0.0	
Pacific-slope Flycatcher	0.0	0.0	0.0	0.0	0.0	0.0	0.0	0.0	0.0	0.0	0.0	0.0	0.0	0.0	0.045454545454545456	0.35294117647058826	0.3333333333333333	0.0	0.0	0.0	0.0	0.0	0.0	0.0	0.3333333333333333	0.5	0.0	0.0	0.0	0.0	0.0	0.0	0.0	0.0015	0.0	0.0	0.0	0.0	0.0	0.0	0.0	0.0	0.0	0.0	0.0	0.0	0.0	0.0	
Say's Phoebe	0.0	0.0	0.0	0.0	0.0	0.0	0.0	0.0	0.0	0.0	0.0	0.0	0.038461538461538464	0.0	0.0	0.0015	0.0	0.0	0.0	0.0	0.0	0.0	0.0	0.0	0.0	0.0	0.0	0.0	0.0	0.0	0.0	0.0	0.0	0.0	0.0	0.0	0.0	0.0	0.0	0.0	0.0	0.0	0.0	0.0	0.0	0.0	0.0	0.0	
Western Kingbird	0.0	0.0	0.0	0.0	0.0	0.0	0.0	0.0	0.0	0.0	0.0	0.0	0.0	0.0	0.0	0.058823529411764705	0.0	0.0	0.0	0.0	0.0	0.0	0.0	0.0	0.0	0.0	0.0	0.0	0.0	0.0	0.0	0.0	0.0	0.0	0.0	0.0	0.0	0.0	0.0	0.0	0.0	0.0	0.0	0.0	0.0	0.0	0.0	0.0	
Northern Shrike	0.0	0.1111111111111111	0.10526315789473684	0.10526315789473684	0.0	0.15384615384615385	0.1111111111111111	0.16666666666666666	0.038461538461538464	0.13043478260869565	0.17391304347826086	0.07407407407407407	0.07692307692307693	0.0	0.0	0.0	0.0	0.0	0.0	0.0	0.0	0.0	0.0	0.0	0.0	0.0	0.0	0.0	0.0	0.0	0.0	0.0	0.0	0.0	0.0	0.0	0.047619047619047616	0.17391304347826086	0.18518518518518517	0.0967741935483871	0.34782608695652173	0.09090909090909091	0.12	0.13953488372093023	0.19047619047619047	0.32142857142857145	0.2857142857142857	0.125	
Hutton's Vireo	0.0	0.0	0.0	0.05263157894736842	0.0	0.07692307692307693	0.05555555555555555	0.041666666666666664	0.038461538461538464	0.13043478260869565	0.0	0.2222222222222222	0.23076923076923078	0.10714285714285714	0.045454545454545456	0.35294117647058826	0.0	0.0	0.0	0.0	0.0	0.0	0.0	0.0	0.0015	1.0	0.0	0.5	0.0	0.0	0.0	0.0	1.0	0.0	0.0	0.0	0.09523809523809523	0.043478260869565216	0.037037037037037035	0.0	0.0	0.0	0.12	0.06976744186046512	0.0015	0.10714285714285714	0.07142857142857142	0.0625	
Cassin's Vireo	0.0	0.0	0.0	0.0	0.0	0.0	0.0	0.0	0.0	0.0	0.0	0.0	0.0	0.0	0.0	0.058823529411764705	0.0	0.0	0.0	0.0	0.0	0.0	0.0	0.0	0.0	0.0	0.0	0.0	0.0	0.0	0.0	0.0	0.0015	0.0	0.0	0.0	0.0	0.0	0.0	0.0	0.0	0.0	0.0	0.0	0.0	0.0	0.0	0.0	
Warbling Vireo	0.0	0.0	0.0	0.0	0.0	0.0	0.0	0.0	0.0	0.0	0.0	0.0	0.0	0.0	0.0	0.0	0.3333333333333333	0.0	0.0	0.0	0.0	0.0	0.0	0.0	0.0	0.0	0.0	0.0	0.0	0.0	0.0	0.0	0.0	0.0	0.0	0.0	0.0	0.0	0.0	0.0	0.0	0.0	0.0	0.0	0.0	0.0	0.0	0.0	
Steller's Jay	0.25	0.3333333333333333	0.21052631578947367	0.2631578947368421	0.21428571428571427	0.46153846153846156	0.3333333333333333	0.3333333333333333	0.38461538461538464	0.4782608695652174	0.30434782608695654	0.48148148148148145	0.3076923076923077	0.35714285714285715	0.4090909090909091	0.5882352941176471	0.0	0.0	0.0	0.0	0.0	0.0	0.0	0.0	0.0	0.0	0.0	0.0	0.0	0.0	0.0	1.0	1.0	1.0	0.5	0.5909090909090909	0.38095238095238093	0.5652173913043478	0.5185185185185185	0.5161290322580645	0.34782608695652173	0.36363636363636365	0.52	0.627906976744186	0.5238095238095238	0.5714285714285714	0.4642857142857143	0.5	
American Crow	0.0	0.0	0.0	0.0	0.0	0.0	0.0	0.0	0.0	0.0	0.0	0.0	0.0	0.03571428571428571	0.0	0.0	0.0	0.0	0.0	0.0	0.0	0.0	0.0	0.0	0.0	0.0	0.0	0.0	0.0	0.0	0.0	0.0	0.0	0.0	0.0	0.045454545454545456	0.0	0.0	0.0	0.0	0.0	0.045454545454545456	0.0	0.0	0.0	0.0	0.0	0.0	
Northwestern Crow	0.0	0.0	0.0	0.0	0.0	0.0	0.0	0.0	0.038461538461538464	0.0	0.043478260869565216	0.0	0.0	0.0	0.0	0.0	0.0	0.0	0.0	0.0	0.0	0.0	0.0	0.0	0.0	0.0	0.0	0.0	0.0	0.0	0.0	0.0	0.0	0.0	0.0	0.0	0.0	0.0	0.0	0.0	0.0	0.0	0.0	0.0	0.0	0.0	0.0	0.0	
American/Northwestern Crow	0.25	0.3888888888888889	0.3684210526315789	0.15789473684210525	0.5	0.6153846153846154	0.5555555555555556	0.5833333333333334	0.5384615384615384	0.782608695652174	0.7391304347826086	0.7037037037037037	0.7692307692307693	0.7142857142857143	0.8181818181818182	0.7058823529411765	0.6666666666666666	0.0	0.0	0.0	0.0	0.0	0.0	0.0	0.3333333333333333	0.5	0.0	0.5	0.0	0.0	0.0	1.0	0.0	0.0	0.5	0.5454545454545454	0.47619047619047616	0.5652173913043478	0.5555555555555556	0.6129032258064516	0.43478260869565216	0.3181818181818182	0.72	0.5813953488372093	0.5714285714285714	0.4642857142857143	0.5	0.25	
Common Raven	0.6	0.6666666666666666	0.6842105263157895	0.5263157894736842	0.7142857142857143	0.6923076923076923	0.7222222222222222	0.9166666666666666	0.7692307692307693	0.9565217391304348	0.9565217391304348	0.9629629629629629	0.9230769230769231	0.8928571428571429	0.9545454545454546	0.9411764705882353	1.0	0.0	0.0	0.0	0.0	0.0	0.0	0.0	1.0	1.0	0.0	1.0	0.0	0.0	0.0	1.0	1.0	1.0	0.75	0.8636363636363636	0.8571428571428571	0.8695652173913043	0.8148148148148148	0.8387096774193549	0.782608695652174	0.5454545454545454	1.0	0.8604651162790697	0.9047619047619048	0.8571428571428571	0.8214285714285714	0.9375	
Horned Lark	0.0	0.0	0.0	0.0	0.0	0.0	0.0	0.0	0.0	0.0	0.0	0.0	0.0	0.0	0.0	0.058823529411764705	0.0	0.0	0.0	0.0	0.0	0.0	0.0	0.0	0.0	0.0	0.0	0.0	0.0	0.0	0.0	0.0	0.0	0.0	0.0	0.0	0.0	0.0	0.0	0.0	0.0	0.0	0.0	0.0	0.0	0.0	0.0	0.0	
Northern Rough-winged Swallow	0.0	0.0	0.0	0.0	0.0	0.0	0.0	0.0	0.0	0.0	0.0	0.0	0.0	0.03571428571428571	0.09090909090909091	0.11764705882352941	0.0	0.0	0.0	0.0	0.0	0.0	0.0	0.0	0.0	0.0	0.0	0.0	0.0	0.0	0.0	0.0	0.0	1.0	0.0	0.0	0.0	0.0	0.0	0.0	0.0	0.0	0.0	0.0	0.0	0.0	0.0	0.0	
Tree Swallow	0.0	0.0	0.0	0.0	0.0	0.0	0.0	0.0	0.038461538461538464	0.043478260869565216	0.17391304347826086	0.48148148148148145	0.46153846153846156	0.6785714285714286	0.6818181818181818	0.7058823529411765	0.0	0.0	0.0	0.0	0.0	0.0	0.0	0.0	0.6666666666666666	0.0	0.0	0.0	0.0	0.0	0.0	0.0	0.0	0.0	0.0	0.0	0.0	0.0	0.0	0.0	0.0	0.0	0.0	0.0	0.0	0.0	0.0	0.0	
Violet-green Swallow	0.0	0.0	0.0	0.0	0.0	0.0	0.0	0.0	0.038461538461538464	0.043478260869565216	0.13043478260869565	0.37037037037037035	0.6153846153846154	0.75	0.8636363636363636	0.9411764705882353	0.3333333333333333	0.0	0.0	0.0	0.0	0.0	0.0	0.0	0.6666666666666666	0.0	0.0	0.5	0.0	0.0	0.0	0.0	0.0	1.0	0.0	0.13636363636363635	0.09523809523809523	0.0	0.0	0.0	0.0	0.0	0.0	0.0	0.0	0.0	0.0	0.0	
Tree/Violet-green Swallow	0.0	0.0	0.0	0.0	0.0	0.0	0.0	0.0	0.0	0.043478260869565216	0.0	0.1111111111111111	0.038461538461538464	0.03571428571428571	0.0	0.0	0.0	0.0	0.0	0.0	0.0	0.0	0.0	0.0	0.0	0.0	0.0	0.5	0.0	0.0	0.0	0.0	0.0	0.0	0.0	0.0	0.0	0.0	0.0	0.0	0.0	0.0	0.0	0.0	0.0	0.0	0.0	0.0	
Barn Swallow	0.0	0.0	0.0	0.0	0.0	0.0	0.0	0.0	0.0	0.0	0.0	0.0	0.0	0.21428571428571427	0.2727272727272727	0.5294117647058824	0.6666666666666666	0.0	0.0	0.0	0.0	0.0	0.0	0.0	1.0	1.0	0.0	1.0	0.0	0.0	0.0	0.0	1.0	1.0	0.0	0.0	0.047619047619047616	0.0	0.0	0.0	0.0	0.0	0.0	0.0	0.0	0.0	0.0	0.0	
Cliff Swallow	0.0	0.0	0.0	0.0	0.0	0.0	0.0	0.0	0.0	0.0	0.0	0.0	0.0	0.17857142857142858	0.3181818181818182	0.5294117647058824	0.3333333333333333	0.0	0.0	0.0	0.0	0.0	0.0	0.0	0.3333333333333333	0.0	0.0	0.0	0.0	0.0	0.0	0.0	0.0	0.0	0.0	0.0	0.0	0.0	0.0	0.0	0.0	0.0	0.0	0.0	0.0	0.0	0.0	0.0	
swallow sp.	0.0	0.0	0.0	0.0	0.0	0.0	0.0	0.0	0.0	0.0	0.043478260869565216	0.07407407407407407	0.038461538461538464	0.03571428571428571	0.0	0.0	0.0	0.0	0.0	0.0	0.0	0.0	0.0	0.0	0.0	0.0	0.0	0.0	0.0	0.0	0.0	0.0	0.0	0.0	0.0	0.045454545454545456	0.0	0.0	0.0	0.0	0.0	0.0	0.0	0.0	0.0	0.0	0.0	0.0	
Black-capped Chickadee	0.1	0.3333333333333333	0.21052631578947367	0.10526315789473684	0.21428571428571427	0.15384615384615385	0.3333333333333333	0.25	0.3076923076923077	0.2608695652173913	0.21739130434782608	0.5185185185185185	0.3076923076923077	0.35714285714285715	0.45454545454545453	0.5882352941176471	0.0	0.0	0.0	0.0	0.0	0.0	0.0	0.0	0.0	0.5	0.0	0.0	0.0	0.0	0.0	0.0	1.0	0.0	0.0	0.4090909090909091	0.23809523809523808	0.21739130434782608	0.48148148148148145	0.41935483870967744	0.391304347826087	0.22727272727272727	0.44	0.3953488372093023	0.23809523809523808	0.32142857142857145	0.25	0.3125	
Chestnut-backed Chickadee	0.15	0.2777777777777778	0.15789473684210525	0.2631578947368421	0.5714285714285714	0.38461538461538464	0.3333333333333333	0.2916666666666667	0.38461538461538464	0.6086956521739131	0.34782608695652173	0.6296296296296297	0.5384615384615384	0.5	0.7272727272727273	0.8823529411764706	0.3333333333333333	0.0	0.0	0.0	0.0	0.0	0.0	0.0	1.0	1.0	0.0	0.5	0.0	0.0	0.0	1.0	1.0	1.0	0.25	0.36363636363636365	0.42857142857142855	0.21739130434782608	0.37037037037037035	0.1935483870967742	0.21739130434782608	0.18181818181818182	0.4	0.37209302325581395	0.2857142857142857	0.32142857142857145	0.35714285714285715	0.625	
Bushtit	0.1	0.05555555555555555	0.10526315789473684	0.05263157894736842	0.07142857142857142	0.0	0.05555555555555555	0.125	0.11538461538461539	0.17391304347826086	0.08695652173913043	0.2222222222222222	0.11538461538461539	0.10714285714285714	0.22727272727272727	0.47058823529411764	0.0	0.0	0.0	0.0	0.0	0.0	0.0	0.0	0.3333333333333333	1.0	0.0	0.0	0.0	0.0	0.0	0.0	0.0	1.0	0.0	0.09090909090909091	0.14285714285714285	0.13043478260869565	0.1111111111111111	0.0967741935483871	0.13043478260869565	0.045454545454545456	0.08	0.046511627906976744	0.09523809523809523	0.10714285714285714	0.14285714285714285	0.0625	
Red-breasted Nuthatch	0.15	0.16666666666666666	0.10526315789473684	0.10526315789473684	0.2857142857142857	0.3076923076923077	0.16666666666666666	0.16666666666666666	0.34615384615384615	0.2608695652173913	0.21739130434782608	0.48148148148148145	0.2692307692307692	0.32142857142857145	0.5	0.7058823529411765	0.3333333333333333	0.0	0.0	0.0	0.0	0.0	0.0	0.0	0.3333333333333333	0.0	0.0	0.5	0.0	0.0	0.0	0.0	1.0	1.0	0.25	0.5909090909090909	0.19047619047619047	0.30434782608695654	0.37037037037037035	0.25806451612903225	0.2608695652173913	0.045454545454545456	0.28	0.18604651162790697	0.14285714285714285	0.17857142857142858	0.21428571428571427	0.375	
Brown Creeper	0.0	0.0	0.10526315789473684	0.05263157894736842	0.14285714285714285	0.07692307692307693	0.1111111111111111	0.125	0.11538461538461539	0.13043478260869565	0.08695652173913043	0.1111111111111111	0.07692307692307693	0.07142857142857142	0.13636363636363635	0.17647058823529413	0.0	0.0	0.0	0.0	0.0	0.0	0.0	0.0	0.0	0.0	0.0	0.0	0.0	0.0	0.0	0.0	1.0	0.0	0.0	0.045454545454545456	0.09523809523809523	0.08695652173913043	0.07407407407407407	0.0967741935483871	0.08695652173913043	0.045454545454545456	0.04	0.046511627906976744	0.0	0.17857142857142858	0.07142857142857142	0.125	
House Wren	0.0	0.0	0.0	0.0	0.0	0.0	0.0	0.0	0.0	0.0	0.0	0.0	0.0	0.07142857142857142	0.13636363636363635	0.29411764705882354	0.3333333333333333	0.0	0.0	0.0	0.0	0.0	0.0	0.0	0.6666666666666666	0.5	0.0	0.5	0.0	0.0	0.0	0.0	1.0	0.0	0.0	0.045454545454545456	0.0	0.0	0.0	0.0	0.0	0.0	0.04	0.023255813953488372	0.0	0.0	0.0	0.0	
Pacific Wren	0.05	0.0015	0.15789473684210525	0.10526315789473684	0.2857142857142857	0.23076923076923078	0.2222222222222222	0.25	0.2692307692307692	0.30434782608695654	0.21739130434782608	0.2222222222222222	0.34615384615384615	0.21428571428571427	0.45454545454545453	0.6470588235294118	0.0	0.0	0.0	0.0	0.0	0.0	0.0	0.0	0.0	0.5	0.0	0.0	0.0	0.0	0.0	0.0	0.0	0.0	0.0	0.045454545454545456	0.0	0.08695652173913043	0.2222222222222222	0.16129032258064516	0.08695652173913043	0.18181818181818182	0.4	0.11627906976744186	0.5238095238095238	0.5	0.35714285714285715	0.5	
Marsh Wren	0.05	0.0	0.0	0.0	0.14285714285714285	0.0	0.1111111111111111	0.16666666666666666	0.11538461538461539	0.08695652173913043	0.043478260869565216	0.18518518518518517	0.15384615384615385	0.07142857142857142	0.13636363636363635	0.23529411764705882	0.0	0.0	0.0	0.0	0.0	0.0	0.0	0.0	0.0	0.0	0.0	0.0	0.0	0.0	0.0	0.0	0.0	0.0	0.0	0.0	0.047619047619047616	0.0	0.0	0.06451612903225806	0.0	0.045454545454545456	0.04	0.046511627906976744	0.047619047619047616	0.03571428571428571	0.17857142857142858	0.0625	
Bewick's Wren	0.0015	0.05555555555555555	0.0	0.0	0.07142857142857142	0.15384615384615385	0.2222222222222222	0.08333333333333333	0.15384615384615385	0.08695652173913043	0.08695652173913043	0.2962962962962963	0.3076923076923077	0.17857142857142858	0.18181818181818182	0.4117647058823529	0.6666666666666666	0.0	0.0	0.0	0.0	0.0	0.0	0.0	0.0	1.0	0.0	0.5	0.0	0.0	0.0	0.0	1.0	1.0	0.0	0.18181818181818182	0.19047619047619047	0.21739130434782608	0.2222222222222222	0.06451612903225806	0.043478260869565216	0.3181818181818182	0.12	0.18604651162790697	0.14285714285714285	0.17857142857142858	0.17857142857142858	0.125	
American Dipper	0.0	0.0	0.0	0.0	0.0	0.0	0.0	0.0	0.0	0.0	0.0	0.0	0.0	0.0	0.0	0.0	0.0	0.0	0.0	0.0	0.0	0.0	0.0	0.0	0.0	0.0	0.0	0.0	0.0	0.0	0.0	0.0	0.0	0.0	0.0	0.0	0.0	0.0	0.0	0.0	0.0	0.0	0.04	0.0	0.047619047619047616	0.0	0.0	0.0	
Golden-crowned Kinglet	0.25	0.2222222222222222	0.2631578947368421	0.15789473684210525	0.5	0.23076923076923078	0.2222222222222222	0.20833333333333334	0.23076923076923078	0.2608695652173913	0.17391304347826086	0.3333333333333333	0.34615384615384615	0.2857142857142857	0.2727272727272727	0.47058823529411764	0.3333333333333333	0.0	0.0	0.0	0.0	0.0	0.0	0.0	0.3333333333333333	0.5	0.0	0.5	0.0	0.0	0.0	1.0	1.0	1.0	0.25	0.045454545454545456	0.3333333333333333	0.2608695652173913	0.37037037037037035	0.41935483870967744	0.2608695652173913	0.22727272727272727	0.6	0.3488372093023256	0.5238095238095238	0.5	0.39285714285714285	0.625	
Ruby-crowned Kinglet	0.0	0.16666666666666666	0.2631578947368421	0.15789473684210525	0.35714285714285715	0.15384615384615385	0.2222222222222222	0.125	0.3076923076923077	0.43478260869565216	0.21739130434782608	0.5925925925925926	0.5769230769230769	0.32142857142857145	0.5909090909090909	0.23529411764705882	0.0	0.0	0.0	0.0	0.0	0.0	0.0	0.0	0.0	0.0	0.0	0.0	0.0	0.0	0.0	0.0	0.0	0.0	0.0	0.13636363636363635	0.2857142857142857	0.13043478260869565	0.4074074074074074	0.2903225806451613	0.21739130434782608	0.045454545454545456	0.4	0.23255813953488372	0.38095238095238093	0.39285714285714285	0.39285714285714285	0.3125	
Mountain Bluebird	0.0	0.0	0.0	0.0	0.0	0.0	0.0	0.0	0.0	0.0	0.0	0.037037037037037035	0.038461538461538464	0.03571428571428571	0.0	0.0	0.0	0.0	0.0	0.0	0.0	0.0	0.0	0.0	0.0	0.0	0.0	0.0	0.0	0.0	0.0	0.0	0.0	0.0	0.0	0.0	0.0	0.0	0.0	0.0	0.0	0.0	0.0	0.0	0.0	0.0	0.0	0.0	
Townsend's Solitaire	0.0	0.0	0.0	0.0	0.0	0.0	0.0	0.0	0.0	0.0	0.0	0.0	0.0	0.07142857142857142	0.045454545454545456	0.0	0.0	0.0	0.0	0.0	0.0	0.0	0.0	0.0	0.0	0.0	0.0	0.0	0.0	0.0	0.0	0.0	0.0	0.0	0.0	0.0	0.0	0.0	0.0	0.0	0.0	0.0	0.0	0.0	0.0	0.0	0.0	0.0	
Varied Thrush	0.1	0.05555555555555555	0.2631578947368421	0.0	0.07142857142857142	0.15384615384615385	0.05555555555555555	0.041666666666666664	0.0	0.043478260869565216	0.13043478260869565	0.18518518518518517	0.038461538461538464	0.32142857142857145	0.22727272727272727	0.0	0.0	0.0	0.0	0.0	0.0	0.0	0.0	0.0	0.0	0.0	0.0	0.0	0.0	0.0	0.0	0.0	0.0	0.0	0.0	0.0	0.0	0.08695652173913043	0.1111111111111111	0.06451612903225806	0.043478260869565216	0.09090909090909091	0.12	0.13953488372093023	0.14285714285714285	0.14285714285714285	0.17857142857142858	0.3125	
Swainson's Thrush	0.0	0.0	0.0	0.0	0.0	0.0	0.0	0.0	0.0	0.0	0.0	0.0	0.0	0.0	0.0	0.0	0.0	0.0	0.0	0.0	0.0	0.0	0.0	0.0	0.3333333333333333	1.0	0.0	0.0	0.0	0.0	0.0	0.0	0.0	0.0	0.0	0.0	0.0	0.0	0.0	0.0	0.0	0.0	0.0	0.0	0.0	0.0	0.0	0.0	
Hermit Thrush	0.05	0.0	0.05263157894736842	0.0	0.0	0.0	0.0	0.0	0.0	0.0	0.0	0.0	0.0	0.10714285714285714	0.13636363636363635	0.17647058823529413	0.0	0.0	0.0	0.0	0.0	0.0	0.0	0.0	0.3333333333333333	0.0	0.0	0.0	0.0	0.0	0.0	0.0	0.0	0.0	0.25	0.0	0.0	0.0	0.0	0.0	0.0	0.0	0.0	0.046511627906976744	0.047619047619047616	0.03571428571428571	0.03571428571428571	0.0	
American Robin	0.45	0.5555555555555556	0.5789473684210527	0.5263157894736842	0.6428571428571429	0.9230769230769231	0.8333333333333334	0.9583333333333334	0.8846153846153846	1.0	0.9130434782608695	0.9629629629629629	0.9230769230769231	0.9285714285714286	0.9090909090909091	1.0	1.0	0.0	0.0	0.0	0.0	0.0	0.0	0.0	1.0	1.0	0.0	1.0	0.0	0.0	0.0	0.0	1.0	1.0	0.5	0.9090909090909091	0.9523809523809523	0.9130434782608695	0.8148148148148148	0.6129032258064516	0.6086956521739131	0.6363636363636364	0.76	0.6511627906976745	0.6666666666666666	0.7857142857142857	0.8571428571428571	0.875	
European Starling	0.55	0.5	0.5263157894736842	0.3684210526315789	0.42857142857142855	0.5384615384615384	0.5	0.7083333333333334	0.6153846153846154	0.7391304347826086	0.6956521739130435	0.5925925925925926	0.8461538461538461	0.8214285714285714	0.8181818181818182	0.7058823529411765	1.0	0.0	0.0	0.0	0.0	0.0	0.0	0.0	1.0	0.0	0.0	1.0	0.0	0.0	0.0	1.0	1.0	1.0	0.0	0.5909090909090909	0.47619047619047616	0.34782608695652173	0.2962962962962963	0.45161290322580644	0.43478260869565216	0.2727272727272727	0.68	0.5813953488372093	0.47619047619047616	0.5714285714285714	0.5357142857142857	0.875	
American Pipit	0.05	0.05555555555555555	0.05263157894736842	0.0	0.0	0.0015	0.0	0.08333333333333333	0.0	0.043478260869565216	0.0	0.0	0.038461538461538464	0.14285714285714285	0.045454545454545456	0.11764705882352941	0.0	0.0	0.0	0.0	0.0	0.0	0.0	0.0	0.0	0.0	0.0	0.0	0.0	0.0	0.0	0.0	0.0	0.0	0.0	0.09090909090909091	0.047619047619047616	0.17391304347826086	0.07407407407407407	0.0	0.17391304347826086	0.0	0.08	0.09302325581395349	0.047619047619047616	0.10714285714285714	0.17857142857142858	0.0625	
Cedar Waxwing	0.0	0.0	0.0	0.0	0.0	0.0	0.0	0.0	0.0	0.0	0.0	0.0	0.0	0.0	0.0	0.0	0.0	0.0	0.0	0.0	0.0	0.0	0.0	0.0	0.0	0.5	0.0	1.0	0.0	0.0	0.0	0.0	1.0	0.0	0.0	0.09090909090909091	0.047619047619047616	0.21739130434782608	0.2222222222222222	0.03225806451612903	0.043478260869565216	0.0	0.0	0.0	0.047619047619047616	0.0	0.0	0.0	
Evening Grosbeak	0.0	0.0	0.0	0.0	0.0	0.0	0.0	0.041666666666666664	0.0	0.0	0.0	0.0	0.0	0.0	0.0	0.0	0.0	0.0	0.0	0.0	0.0	0.0	0.0	0.0	0.0	0.0	0.0	0.0	0.0	0.0	0.0	0.0	0.0	0.0	0.0	0.0	0.0	0.0	0.037037037037037035	0.0	0.0	0.0	0.0	0.0	0.047619047619047616	0.0	0.0	0.0	
House Finch	0.4	0.3888888888888889	0.47368421052631576	0.2631578947368421	0.42857142857142855	0.23076923076923078	0.3333333333333333	0.4583333333333333	0.5769230769230769	0.6521739130434783	0.43478260869565216	0.8148148148148148	0.6538461538461539	0.8214285714285714	0.7272727272727273	0.6470588235294118	0.6666666666666666	0.0	0.0	0.0	0.0	0.0	0.0	0.0	1.0	1.0	0.0	1.0	0.0	0.0	0.0	1.0	1.0	1.0	0.5	0.6363636363636364	0.6190476190476191	0.5217391304347826	0.8148148148148148	0.7096774193548387	0.6521739130434783	0.45454545454545453	0.92	0.8372093023255814	0.6666666666666666	0.6428571428571429	0.6071428571428571	0.6875	
Purple Finch	0.0	0.0	0.10526315789473684	0.05263157894736842	0.0	0.0	0.05555555555555555	0.041666666666666664	0.15384615384615385	0.13043478260869565	0.08695652173913043	0.2222222222222222	0.38461538461538464	0.4642857142857143	0.5909090909090909	0.8235294117647058	0.6666666666666666	0.0	0.0	0.0	0.0	0.0	0.0	0.0	0.3333333333333333	1.0	0.0	0.0	0.0	0.0	0.0	0.0	1.0	1.0	0.0	0.22727272727272727	0.2857142857142857	0.08695652173913043	0.037037037037037035	0.0	0.0	0.045454545454545456	0.16	0.06976744186046512	0.047619047619047616	0.10714285714285714	0.0	0.0	
Red Crossbill	0.0	0.0	0.0	0.0	0.0	0.0	0.0	0.0	0.07692307692307693	0.0	0.0	0.07407407407407407	0.038461538461538464	0.0	0.0	0.0015	0.0	0.0	0.0	0.0	0.0	0.0	0.0	0.0	0.0	0.0	0.0	0.0	0.0	0.0	0.0	0.0	0.0	0.0	0.0	0.09090909090909091	0.0	0.0	0.0	0.03225806451612903	0.0	0.0	0.0	0.0	0.0	0.10714285714285714	0.03571428571428571	0.0	
Pine Siskin	0.0	0.1111111111111111	0.3157894736842105	0.21052631578947367	0.0015	0.0	0.3333333333333333	0.25	0.2692307692307692	0.17391304347826086	0.34782608695652173	0.37037037037037035	0.34615384615384615	0.4642857142857143	0.5	0.47058823529411764	0.3333333333333333	0.0	0.0	0.0	0.0	0.0	0.0	0.0	0.0	0.0	0.0	0.5	0.0	0.0	0.0	0.0	1.0	0.0	0.0	0.13636363636363635	0.0	0.043478260869565216	0.1111111111111111	0.06451612903225806	0.043478260869565216	0.09090909090909091	0.28	0.3023255813953488	0.047619047619047616	0.14285714285714285	0.17857142857142858	0.1875	
American Goldfinch	0.0	0.0	0.0	0.0	0.0	0.0	0.0	0.0	0.0	0.0	0.0	0.0	0.07692307692307693	0.21428571428571427	0.3181818181818182	0.5294117647058824	1.0	0.0	0.0	0.0	0.0	0.0	0.0	0.0	1.0	1.0	0.0	1.0	0.0	0.0	0.0	1.0	1.0	1.0	0.5	0.22727272727272727	0.38095238095238093	0.17391304347826086	0.25925925925925924	0.06451612903225806	0.0	0.0	0.04	0.0	0.0	0.0	0.0	0.0	
Lapland Longspur	0.0	0.0	0.0	0.0	0.0	0.0	0.0	0.0	0.0	0.0	0.0	0.0	0.0	0.0	0.0	0.0	0.0	0.0	0.0	0.0	0.0	0.0	0.0	0.0	0.0	0.0	0.0	0.0	0.0	0.0	0.0	0.0	0.0	0.0	0.0	0.0	0.0	0.0	0.037037037037037035	0.0	0.043478260869565216	0.0	0.0	0.0	0.0	0.0	0.0	0.0	
Chipping Sparrow	0.0	0.0	0.0	0.0	0.0	0.0	0.0	0.0	0.0	0.0	0.0	0.0	0.0	0.0	0.045454545454545456	0.11764705882352941	0.0	0.0	0.0	0.0	0.0	0.0	0.0	0.0	0.0	0.0	0.0	0.0	0.0	0.0	0.0	0.0	0.0	0.0	0.0	0.0	0.0	0.0	0.0	0.0	0.0	0.0	0.0	0.0	0.0	0.0	0.0	0.0	
Clay-colored Sparrow	0.0	0.0	0.0	0.0	0.0	0.0	0.0	0.0	0.0	0.0	0.0	0.0	0.0	0.0	0.0	0.0	0.0	0.0	0.0	0.0	0.0	0.0	0.0	0.0	0.0	0.0	0.0	0.0	0.0	0.0	0.0	0.0	0.0	0.0	0.0	0.0	0.0	0.0	0.037037037037037035	0.0	0.0	0.0	0.0	0.0	0.0	0.0	0.0	0.0	
American Tree Sparrow	0.0	0.0	0.0	0.0	0.0	0.0	0.0	0.0	0.0	0.0	0.0	0.0	0.0	0.0	0.0	0.0	0.0	0.0	0.0	0.0	0.0	0.0	0.0	0.0	0.0	0.0	0.0	0.0	0.0	0.0	0.0	0.0	0.0	0.0	0.0	0.0	0.0	0.0	0.0	0.0	0.0	0.0	0.0	0.023255813953488372	0.0	0.0	0.0	0.0	
Fox Sparrow	0.35	0.16666666666666666	0.5263157894736842	0.15789473684210525	0.21428571428571427	0.15384615384615385	0.2777777777777778	0.25	0.34615384615384615	0.2608695652173913	0.34782608695652173	0.37037037037037035	0.34615384615384615	0.2857142857142857	0.5	0.11764705882352941	0.0	0.0	0.0	0.0	0.0	0.0	0.0	0.0	0.0	0.0	0.0	0.0	0.0	0.0	0.0	0.0	0.0	0.0	0.0	0.18181818181818182	0.19047619047619047	0.08695652173913043	0.37037037037037035	0.2903225806451613	0.30434782608695654	0.3181818181818182	0.52	0.46511627906976744	0.5238095238095238	0.7142857142857143	0.4642857142857143	0.375	
Dark-eyed Junco	0.7	0.6666666666666666	0.7368421052631579	0.5263157894736842	0.7142857142857143	0.5384615384615384	0.8333333333333334	0.7916666666666666	0.8076923076923077	0.9130434782608695	0.8695652173913043	0.9629629629629629	0.8076923076923077	0.9285714285714286	0.8636363636363636	0.9411764705882353	0.3333333333333333	0.0	0.0	0.0	0.0	0.0	0.0	0.0	0.6666666666666666	0.5	0.0	0.0	0.0	0.0	0.0	0.0	1.0	0.0	0.75	0.8636363636363636	0.8571428571428571	0.8695652173913043	0.9259259259259259	0.8064516129032258	0.9130434782608695	0.6818181818181818	1.0	0.9534883720930233	0.9047619047619048	0.9642857142857143	0.8214285714285714	0.9375	
White-crowned Sparrow	0.45	0.4444444444444444	0.5263157894736842	0.47368421052631576	0.35714285714285715	0.3076923076923077	0.5	0.5833333333333334	0.46153846153846156	0.6086956521739131	0.5652173913043478	0.8148148148148148	0.8461538461538461	1.0	1.0	1.0	1.0	0.0	0.0	0.0	0.0	0.0	0.0	0.0	1.0	1.0	0.0	1.0	0.0	0.0	0.0	1.0	1.0	1.0	0.75	0.6818181818181818	0.7142857142857143	0.43478260869565216	0.4074074074074074	0.3548387096774194	0.2608695652173913	0.4090909090909091	0.28	0.627906976744186	0.6190476190476191	0.75	0.6785714285714286	0.5	
Golden-crowned Sparrow	0.8	0.6666666666666666	0.6842105263157895	0.5789473684210527	0.6428571428571429	0.6923076923076923	0.7222222222222222	0.75	0.8076923076923077	0.782608695652174	0.6521739130434783	0.8518518518518519	0.7307692307692307	0.75	0.9090909090909091	0.9411764705882353	0.0	0.0	0.0	0.0	0.0	0.0	0.0	0.0	0.0	0.0	0.0	0.0	0.0	0.0	0.0	0.0	0.0	0.0	0.5	0.6363636363636364	0.7142857142857143	0.782608695652174	0.9629629629629629	0.8709677419354839	0.782608695652174	0.6818181818181818	1.0	0.9302325581395349	0.8571428571428571	0.8214285714285714	0.7857142857142857	0.9375	
White-throated Sparrow	0.0	0.0	0.0	0.0	0.0	0.0	0.0	0.0	0.0	0.0	0.0	0.0	0.0	0.0	0.0	0.0	0.0	0.0	0.0	0.0	0.0	0.0	0.0	0.0	0.0	0.0	0.0	0.0	0.0	0.0	0.0	0.0	0.0	0.0	0.0	0.0	0.0015	0.08695652173913043	0.037037037037037035	0.0967741935483871	0.0	0.045454545454545456	0.0	0.046511627906976744	0.0	0.0	0.0	0.0	
Zonotrichia sp.	0.0	0.0	0.0	0.0	0.0	0.0	0.0	0.0	0.0	0.0	0.0	0.0	0.0	0.03571428571428571	0.045454545454545456	0.0	0.3333333333333333	0.0	0.0	0.0	0.0	0.0	0.0	0.0	0.0	0.0	0.0	0.0	0.0	0.0	0.0	0.0	0.0	0.0	0.0	0.0	0.0	0.043478260869565216	0.0	0.0	0.0	0.0	0.0	0.0	0.0	0.0	0.0	0.0	
Savannah Sparrow	0.05	0.05555555555555555	0.05263157894736842	0.0	0.0	0.07692307692307693	0.0	0.0	0.038461538461538464	0.043478260869565216	0.0	0.2222222222222222	0.5769230769230769	0.8214285714285714	0.9090909090909091	0.8235294117647058	0.6666666666666666	0.0	0.0	0.0	0.0	0.0	0.0	0.0	0.3333333333333333	0.0	0.0	0.5	0.0	0.0	0.0	0.0	0.0	1.0	0.5	0.9090909090909091	0.9047619047619048	0.7391304347826086	0.6296296296296297	0.4838709677419355	0.30434782608695654	0.13636363636363635	0.16	0.16279069767441862	0.047619047619047616	0.21428571428571427	0.17857142857142858	0.0	
Song Sparrow	0.75	0.6111111111111112	0.7894736842105263	0.8421052631578947	0.6428571428571429	0.8461538461538461	0.8888888888888888	0.875	0.8846153846153846	0.9130434782608695	0.8260869565217391	0.7777777777777778	0.9615384615384616	0.8571428571428571	0.9090909090909091	1.0	0.6666666666666666	0.0	0.0	0.0	0.0	0.0	0.0	0.0	0.6666666666666666	1.0	0.0	0.5	0.0	0.0	0.0	0.0	1.0	1.0	0.75	0.9090909090909091	0.7142857142857143	0.8260869565217391	0.8518518518518519	0.8709677419354839	0.8260869565217391	0.6363636363636364	0.96	0.8837209302325582	0.8095238095238095	0.9285714285714286	0.8214285714285714	1.0	
Lincoln's Sparrow	0.15	0.16666666666666666	0.05263157894736842	0.05263157894736842	0.21428571428571427	0.07692307692307693	0.16666666666666666	0.041666666666666664	0.0	0.043478260869565216	0.043478260869565216	0.037037037037037035	0.07692307692307693	0.10714285714285714	0.18181818181818182	0.17647058823529413	0.0	0.0	0.0	0.0	0.0	0.0	0.0	0.0	0.0	0.0	0.0	0.0	0.0	0.0	0.0	0.0	1.0	1.0	0.0	0.2727272727272727	0.2857142857142857	0.08695652173913043	0.18518518518518517	0.0967741935483871	0.2608695652173913	0.09090909090909091	0.2	0.2558139534883721	0.14285714285714285	0.2857142857142857	0.32142857142857145	0.3125	
Swamp Sparrow	0.0	0.0	0.0	0.0	0.0	0.0	0.0	0.0	0.0	0.0	0.0	0.0	0.0	0.0	0.0	0.0	0.0	0.0	0.0	0.0	0.0	0.0	0.0	0.0	0.0	0.0	0.0	0.0	0.0	0.0	0.0	0.0	0.0	0.0	0.0	0.0	0.0	0.0	0.037037037037037035	0.0	0.0	0.0	0.0	0.0	0.0	0.0	0.0	0.0	
Spotted Towhee	0.45	0.5	0.47368421052631576	0.3157894736842105	0.5714285714285714	0.3076923076923077	0.6111111111111112	0.5416666666666666	0.7692307692307693	0.6956521739130435	0.8260869565217391	0.7777777777777778	0.7692307692307693	0.8214285714285714	0.8636363636363636	1.0	1.0	0.0	0.0	0.0	0.0	0.0	0.0	0.0	1.0	1.0	0.0	1.0	0.0	0.0	0.0	0.0	1.0	1.0	0.75	0.6818181818181818	0.5714285714285714	0.6521739130434783	0.6296296296296297	0.6451612903225806	0.782608695652174	0.45454545454545453	0.92	0.8837209302325582	0.8095238095238095	0.9285714285714286	0.75	0.8125	
sparrow sp.	0.0	0.0	0.0	0.0	0.0	0.0	0.0	0.0	0.0	0.0	0.0	0.0	0.0	0.0	0.0	0.0	0.0	0.0	0.0	0.0	0.0	0.0	0.0	0.0	0.0	0.0	0.0	0.5	0.0	0.0	0.0	0.0	0.0	0.0	0.0	0.0	0.0	0.0	0.0	0.0	0.0	0.0	0.0	0.0	0.0	0.0	0.0	0.0	
Western Meadowlark	0.1	0.16666666666666666	0.2631578947368421	0.10526315789473684	0.07142857142857142	0.15384615384615385	0.16666666666666666	0.20833333333333334	0.15384615384615385	0.0015	0.0	0.1111111111111111	0.2692307692307692	0.03571428571428571	0.045454545454545456	0.058823529411764705	0.0	0.0	0.0	0.0	0.0	0.0	0.0	0.0	0.0	0.0	0.0	0.0	0.0	0.0	0.0	0.0	0.0	0.0	0.0	0.045454545454545456	0.14285714285714285	0.17391304347826086	0.2222222222222222	0.22580645161290322	0.2608695652173913	0.13636363636363635	0.08	0.16279069767441862	0.23809523809523808	0.4642857142857143	0.42857142857142855	0.3125	
Red-winged Blackbird	0.25	0.2222222222222222	0.21052631578947367	0.15789473684210525	0.2857142857142857	0.23076923076923078	0.2777777777777778	0.2916666666666667	0.2692307692307692	0.30434782608695654	0.2608695652173913	0.37037037037037035	0.4230769230769231	0.25	0.5	0.5882352941176471	0.3333333333333333	0.0	0.0	0.0	0.0	0.0	0.0	0.0	0.3333333333333333	0.0	0.0	0.0	0.0	0.0	0.0	1.0	0.0	1.0	0.25	0.36363636363636365	0.47619047619047616	0.34782608695652173	0.37037037037037035	0.3870967741935484	0.4782608695652174	0.2727272727272727	0.68	0.27906976744186046	0.2857142857142857	0.39285714285714285	0.25	0.1875	
Brown-headed Cowbird	0.05	0.0015	0.05263157894736842	0.0	0.0	0.0	0.05555555555555555	0.0015	0.07692307692307693	0.0	0.043478260869565216	0.0	0.038461538461538464	0.10714285714285714	0.13636363636363635	0.5294117647058824	0.3333333333333333	0.0	0.0	0.0	0.0	0.0	0.0	0.0	0.3333333333333333	0.0	0.0	0.5	0.0	0.0	0.0	0.0	0.0	1.0	0.0	0.0	0.0	0.0	0.0	0.0	0.043478260869565216	0.045454545454545456	0.08	0.06976744186046512	0.09523809523809523	0.07142857142857142	0.14285714285714285	0.0	
Rusty Blackbird	0.05	0.0	0.05263157894736842	0.0	0.0	0.0	0.0	0.0	0.0	0.043478260869565216	0.0	0.0	0.0	0.0	0.0	0.0	0.0	0.0	0.0	0.0	0.0	0.0	0.0	0.0	0.0	0.0	0.0	0.0	0.0	0.0	0.0	0.0	0.0	0.0	0.0	0.0	0.0	0.0	0.0	0.0	0.0	0.0	0.0	0.023255813953488372	0.047619047619047616	0.03571428571428571	0.03571428571428571	0.0	
Brewer's Blackbird	0.25	0.1111111111111111	0.10526315789473684	0.10526315789473684	0.2857142857142857	0.23076923076923078	0.3333333333333333	0.20833333333333334	0.38461538461538464	0.43478260869565216	0.4782608695652174	0.5925925925925926	0.6923076923076923	0.7857142857142857	0.8181818181818182	0.8823529411764706	0.6666666666666666	0.0	0.0	0.0	0.0	0.0	0.0	0.0	1.0	0.0	0.0	0.0	0.0	0.0	0.0	0.0	0.0	0.0	0.0	0.13636363636363635	0.14285714285714285	0.13043478260869565	0.2222222222222222	0.3548387096774194	0.2608695652173913	0.2727272727272727	0.48	0.20930232558139536	0.2857142857142857	0.35714285714285715	0.21428571428571427	0.125	
Orange-crowned Warbler	0.0	0.0	0.0	0.0	0.0	0.0	0.0	0.0	0.0	0.0	0.043478260869565216	0.14814814814814814	0.38461538461538464	0.5357142857142857	0.5909090909090909	0.8235294117647058	1.0	0.0	0.0	0.0	0.0	0.0	0.0	0.0	1.0	1.0	0.0	1.0	0.0	0.0	0.0	0.0	1.0	0.0	0.0	0.045454545454545456	0.0	0.0	0.037037037037037035	0.0	0.0	0.0	0.0	0.0	0.0	0.0	0.0	0.0	
Common Yellowthroat	0.0	0.0	0.0	0.0	0.0	0.0	0.0	0.0	0.0	0.0	0.0	0.0	0.07692307692307693	0.14285714285714285	0.18181818181818182	0.23529411764705882	0.3333333333333333	0.0	0.0	0.0	0.0	0.0	0.0	0.0	0.6666666666666666	0.5	0.0	0.0	0.0	0.0	0.0	0.0	0.0	0.0	0.0	0.0015	0.0	0.0	0.0	0.03225806451612903	0.0	0.0	0.0	0.0	0.0	0.0	0.0	0.0	
Palm Warbler	0.0	0.0	0.0	0.0	0.0	0.0	0.0	0.0	0.0	0.0	0.0	0.0	0.0	0.0	0.0	0.0	0.0	0.0	0.0	0.0	0.0	0.0	0.0	0.0	0.0	0.0	0.0	0.0	0.0	0.0	0.0	0.0	0.0	0.0	0.0	0.045454545454545456	0.0	0.0	0.0	0.0	0.0	0.0	0.04	0.0	0.047619047619047616	0.0	0.0	0.0	
Yellow-rumped Warbler	0.0	0.0	0.0	0.0	0.07142857142857142	0.0	0.0	0.041666666666666664	0.0	0.0	0.043478260869565216	0.18518518518518517	0.23076923076923078	0.2857142857142857	0.3181818181818182	0.5882352941176471	0.3333333333333333	0.0	0.0	0.0	0.0	0.0	0.0	0.0	0.0	0.0	0.0	0.5	0.0	0.0	0.0	0.0	0.0	1.0	0.5	0.6363636363636364	0.5714285714285714	0.34782608695652173	0.18518518518518517	0.0	0.0	0.0	0.08	0.046511627906976744	0.0	0.03571428571428571	0.10714285714285714	0.0	
Black-throated Gray Warbler	0.0	0.0	0.0	0.0	0.0	0.0	0.0	0.0	0.0	0.0	0.0	0.0	0.0	0.0	0.0	0.17647058823529413	0.0	0.0	0.0	0.0	0.0	0.0	0.0	0.0	0.0	0.0	0.0	0.0	0.0	0.0	0.0	0.0	1.0	0.0	0.0	0.0	0.0	0.0	0.0	0.0	0.0	0.0	0.0	0.0	0.0	0.0	0.0	0.0	
Townsend's Warbler	0.0015	0.0	0.0	0.0	0.0	0.0	0.0	0.0	0.0	0.0	0.0	0.0	0.0	0.0	0.045454545454545456	0.17647058823529413	0.0	0.0	0.0	0.0	0.0	0.0	0.0	0.0	0.0	0.0	0.0	0.0	0.0	0.0	0.0	0.0	1.0	0.0	0.0	0.045454545454545456	0.09523809523809523	0.0	0.0	0.0	0.0	0.0	0.0	0.0	0.0	0.0	0.03571428571428571	0.0	
Wilson's Warbler	0.0	0.0	0.0	0.0	0.0	0.0	0.0	0.0	0.0	0.0	0.0	0.0	0.0	0.0	0.0	0.23529411764705882	0.0	0.0015	0.0	0.0	0.0	0.0	0.0	0.0	0.0	0.0	0.0	0.0	0.0	0.0	0.0	0.0	1.0	0.0	0.0	0.0	0.0	0.0	0.0	0.0	0.0	0.0	0.0	0.0	0.0	0.0	0.0	0.0	
Western Tanager	0.0	0.0	0.0	0.0	0.0	0.0	0.0	0.0	0.0	0.0	0.0	0.0	0.0	0.0	0.0	0.0	0.0015	0.0	0.0015	0.0	0.0	0.0	0.0	0.0	0.3333333333333333	0.5	0.0	0.5	0.0	0.0	0.0	0.0	0.0	0.0	0.0	0.0	0.0	0.0	0.0	0.0	0.0	0.0	0.0	0.0	0.0	0.0	0.0	0.0	
Black-headed Grosbeak	0.0	0.0	0.0	0.0	0.0	0.0	0.0	0.0	0.0	0.0	0.0	0.0	0.0	0.0	0.0	0.0	0.3333333333333333	0.0	0.0	0.0	0.0	0.0	0.0	0.0	0.0	0.0	0.0	0.0	0.0	0.0	0.0	0.0	1.0	0.0	0.0	0.0	0.0	0.0	0.0	0.0	0.0	0.0	0.0	0.0	0.0	0.0	0.0	0.0	
House Sparrow	0.05	0.1111111111111111	0.0	0.05263157894736842	0.07142857142857142	0.0	0.0	0.08333333333333333	0.15384615384615385	0.17391304347826086	0.13043478260869565	0.18518518518518517	0.23076923076923078	0.2857142857142857	0.18181818181818182	0.23529411764705882	0.6666666666666666	0.0	0.0	0.0	0.0	0.0	0.0	0.0	0.3333333333333333	0.0	0.0	0.0	0.0	0.0	0.0	1.0	1.0	0.0	0.25	0.0	0.0	0.13043478260869565	0.1111111111111111	0.0967741935483871	0.17391304347826086	0.09090909090909091	0.04	0.16279069767441862	0.09523809523809523	0.14285714285714285	0.21428571428571427	0.25	

