









Frequency of observations in the selected location(s).:
Number of taxa: 	217

	Jan				Feb				Mar				Apr				May				Jun				Jul				Aug				Sep				Oct				Nov				Dec				
Sample Size:	3.0	9.0	5.0	11.0	7.0	8.0	11.0	11.0	10.0	3.0	21.0	17.0	8.0	6.0	6.0	8.0	3.0	6.0	2.0	7.0	4.0	11.0	6.0	6.0	6.0	10.0	4.0	12.0	9.0	7.0	14.0	11.0	6.0	13.0	10.0	6.0	7.0	9.0	4.0	9.0	6.0	7.0	7.0	8.0	2.0	3.0	6.0	8.0	

Greater White-fronted Goose	0.0	0.1111111111111111	0.0	0.0	0.0	0.0	0.0	0.0	0.0	0.0	0.0	0.0	0.0	0.0	0.0	0.0	0.0	0.0	0.0	0.0	0.0	0.0	0.0	0.0	0.0	0.0	0.0	0.0	0.0	0.0	0.0	0.0	0.0	0.0	0.0	0.0	0.14285714285714285	0.0	0.0	0.0	0.0	0.0015	0.14285714285714285	0.125	0.0	0.0	0.0	0.125	
Brant	0.0	0.0	0.0	0.0	0.0	0.0	0.0	0.0	0.0	0.0	0.14285714285714285	0.058823529411764705	0.0	0.0	0.0	0.0	0.0	0.0	0.0	0.0	0.0	0.0	0.0	0.0	0.0	0.0	0.0	0.0	0.0	0.0	0.0	0.0	0.0	0.0	0.0	0.0	0.0	0.0	0.0	0.0	0.0	0.0	0.0	0.0	0.0	0.0	0.0	0.0	
Cackling Goose	0.0	0.0	0.0	0.0	0.0	0.0	0.0	0.0	0.0	0.0	0.0	0.0	0.0	0.0	0.0	0.0	0.0	0.0	0.0	0.0	0.0	0.0	0.0	0.0	0.0	0.0	0.0	0.0	0.0	0.0	0.0	0.0	0.0	0.0	0.0	0.0	0.14285714285714285	0.0	0.0	0.0	0.0	0.0015	0.0	0.0	0.0	0.0	0.0	0.125	
Canada Goose	0.0	0.2222222222222222	0.2	0.2727272727272727	0.42857142857142855	0.125	0.18181818181818182	0.2727272727272727	0.7	0.6666666666666666	0.2857142857142857	0.23529411764705882	0.375	0.3333333333333333	0.5	0.5	0.3333333333333333	0.16666666666666666	0.5	0.2857142857142857	0.0	0.0	0.3333333333333333	0.0	0.0015	0.1	0.0	0.08333333333333333	0.0	0.0	0.07142857142857142	0.0	0.0	0.0	0.0015	0.16666666666666666	0.14285714285714285	0.1111111111111111	0.25	0.3333333333333333	0.16666666666666666	0.14285714285714285	0.42857142857142855	0.125	0.0	0.3333333333333333	0.16666666666666666	0.0	
Trumpeter/Tundra Swan	0.0	0.0	0.0	0.0	0.0	0.0	0.0	0.09090909090909091	0.0	0.0	0.0	0.0	0.0	0.0	0.0	0.0	0.0	0.0	0.0	0.0	0.0	0.0	0.0	0.0	0.0	0.0	0.0	0.0	0.0	0.0	0.0	0.0	0.0	0.0	0.0	0.0	0.0	0.0	0.0	0.0	0.0	0.0	0.0	0.0	0.0	0.0	0.0	0.0	
Cinnamon Teal	0.0	0.0	0.0	0.0	0.0	0.0	0.0	0.0	0.0	0.0	0.0	0.0	0.0	0.0	0.16666666666666666	0.0	0.0	0.0	0.0	0.0	0.0	0.0	0.0	0.0	0.0	0.0	0.0	0.0	0.0	0.0	0.0	0.0	0.0	0.0	0.0	0.0	0.0	0.0	0.0	0.0	0.0	0.0	0.0	0.0	0.0	0.0	0.0	0.0	
Gadwall	0.0	0.0	0.0	0.0	0.0	0.0	0.0	0.09090909090909091	0.0	0.0	0.0	0.0015	0.0	0.0	0.0	0.0	0.0	0.16666666666666666	0.0	0.0	0.0	0.0	0.0	0.0	0.0	0.0	0.0	0.0	0.0	0.0	0.0	0.0	0.0	0.0	0.0	0.0	0.0	0.0	0.0	0.0	0.0	0.0	0.14285714285714285	0.0	0.0	0.0	0.0	0.0	
Eurasian Wigeon	0.3333333333333333	0.1111111111111111	0.0	0.36363636363636365	0.0	0.0	0.18181818181818182	0.0	0.4	0.0	0.047619047619047616	0.0	0.0	0.0	0.0	0.0	0.0	0.0	0.0	0.0	0.0	0.0	0.0	0.0	0.0	0.0	0.0	0.0	0.0	0.0	0.0	0.0	0.0	0.0	0.0	0.0	0.0	0.0	0.0	0.0	0.0	0.0	0.0	0.25	0.0	0.0	0.0	0.0	
American Wigeon	0.6666666666666666	0.4444444444444444	0.6	0.8181818181818182	0.5714285714285714	0.625	0.8181818181818182	0.8181818181818182	1.0	1.0	0.6666666666666666	0.23529411764705882	0.125	0.16666666666666666	0.16666666666666666	0.0	0.0	0.0	0.0	0.0	0.0	0.0	0.0	0.0	0.0	0.0	0.0	0.0	0.0	0.0	0.0	0.09090909090909091	0.0	0.0	0.0	0.0	0.0	0.0	0.0	0.1111111111111111	0.5	0.5714285714285714	0.5714285714285714	0.875	0.5	1.0	0.5	0.375	
Eurasian x American Wigeon (hybrid)	0.0	0.0	0.0	0.09090909090909091	0.0	0.0	0.0	0.0	0.1	0.0	0.0	0.0	0.0	0.0	0.0	0.0	0.0	0.0	0.0	0.0	0.0	0.0	0.0	0.0	0.0	0.0	0.0	0.0	0.0	0.0	0.0	0.0	0.0	0.0	0.0	0.0	0.0	0.0	0.0	0.0	0.0	0.0	0.0	0.0	0.0	0.0	0.0	0.0	
Eurasian/American Wigeon	0.0	0.0	0.0	0.0	0.0	0.125	0.0	0.0	0.0	0.0	0.0	0.0	0.0	0.0	0.0	0.0	0.0	0.0	0.0	0.0	0.0	0.0	0.0	0.0	0.0	0.0	0.0	0.0	0.0	0.0	0.0	0.0	0.0	0.0	0.0	0.0	0.0	0.0	0.0	0.0	0.0	0.0	0.0	0.0	0.0	0.0	0.0	0.0	
Mallard	0.3333333333333333	0.4444444444444444	0.2	0.45454545454545453	0.2857142857142857	0.25	0.36363636363636365	0.2727272727272727	0.8	0.6666666666666666	0.19047619047619047	0.23529411764705882	0.25	0.16666666666666666	0.16666666666666666	0.125	0.0015	0.0	0.0	0.0	0.0	0.0	0.0	0.0	0.0	0.0	0.0	0.0	0.1111111111111111	0.0	0.07142857142857142	0.18181818181818182	0.16666666666666666	0.0	0.2	0.0	0.14285714285714285	0.0	0.25	0.3333333333333333	0.0	0.5714285714285714	0.42857142857142855	0.5	0.5	0.6666666666666666	0.3333333333333333	0.125	
Northern Pintail	0.0	0.0	0.0	0.0	0.0	0.0	0.0	0.0	0.0	0.0	0.0	0.0	0.0	0.0	0.0	0.0	0.0	0.0	0.0	0.0	0.0	0.0	0.0	0.0	0.0	0.0	0.0	0.0	0.0	0.0	0.0	0.0	0.0	0.0	0.0	0.0	0.0	0.0	0.0	0.0	0.0	0.0	0.0	0.0	0.0	0.3333333333333333	0.0	0.0	
Green-winged Teal	0.3333333333333333	0.3333333333333333	0.2	0.09090909090909091	0.14285714285714285	0.25	0.2727272727272727	0.09090909090909091	0.4	0.0	0.09523809523809523	0.058823529411764705	0.125	0.16666666666666666	0.16666666666666666	0.0	0.0	0.0	0.0	0.0	0.0	0.0	0.0	0.0	0.0	0.0	0.0	0.0	0.0	0.0	0.0	0.0	0.0	0.0	0.1	0.0	0.14285714285714285	0.0	0.0	0.0	0.16666666666666666	0.14285714285714285	0.42857142857142855	0.125	0.0	0.3333333333333333	0.3333333333333333	0.125	
Ring-necked Duck	0.3333333333333333	0.1111111111111111	0.0	0.0	0.14285714285714285	0.0	0.0	0.09090909090909091	0.1	0.0	0.047619047619047616	0.11764705882352941	0.0	0.0	0.0	0.0	0.0	0.0	0.0	0.0	0.0	0.0	0.0	0.0	0.0	0.0	0.0	0.0	0.0	0.0	0.0	0.0	0.0	0.0	0.0	0.0	0.0	0.0	0.0	0.0	0.0	0.14285714285714285	0.0	0.0	0.0	0.0	0.0	0.0	
Greater Scaup	0.0	0.2222222222222222	0.2	0.0	0.14285714285714285	0.125	0.09090909090909091	0.09090909090909091	0.4	0.3333333333333333	0.0	0.058823529411764705	0.0	0.0	0.16666666666666666	0.0	0.0	0.0	0.0	0.0	0.0	0.0	0.0	0.0	0.0	0.0	0.0	0.0	0.0	0.0	0.0	0.0	0.0	0.0	0.0	0.0	0.14285714285714285	0.0	0.0	0.0	0.3333333333333333	0.14285714285714285	0.14285714285714285	0.0	0.0	0.3333333333333333	0.0	0.125	
Lesser Scaup	0.0	0.0	0.0	0.0	0.0	0.0	0.0	0.0	0.0	0.0	0.0	0.0	0.0	0.0	0.0	0.0	0.0	0.0	0.0	0.0	0.0	0.0	0.0	0.0	0.0	0.0	0.0	0.0	0.0	0.0	0.0	0.0	0.0	0.0	0.0	0.0	0.14285714285714285	0.0	0.25	0.0	0.0	0.0	0.0	0.0	0.0	0.0	0.16666666666666666	0.0	
Harlequin Duck	1.0	0.7777777777777778	1.0	1.0	1.0	1.0	0.9090909090909091	0.8181818181818182	1.0	1.0	0.9523809523809523	0.7647058823529411	1.0	0.8333333333333334	1.0	0.625	1.0	1.0	1.0	0.2857142857142857	0.5	0.45454545454545453	0.5	0.6666666666666666	0.6666666666666666	0.6	0.5	0.5833333333333334	0.6666666666666666	0.42857142857142855	0.2857142857142857	0.7272727272727273	0.8333333333333334	0.6923076923076923	0.9	0.6666666666666666	1.0	1.0	0.75	1.0	1.0	0.5714285714285714	1.0	1.0	0.5	1.0	1.0	0.875	
Surf Scoter	1.0	1.0	1.0	1.0	1.0	0.875	0.8181818181818182	0.9090909090909091	0.9	1.0	0.9047619047619048	0.8235294117647058	1.0	0.8333333333333334	1.0	0.75	1.0	0.5	0.5	0.0	0.25	0.09090909090909091	0.3333333333333333	0.16666666666666666	0.5	0.2	0.75	0.3333333333333333	0.3333333333333333	0.14285714285714285	0.14285714285714285	0.2727272727272727	0.5	0.5384615384615384	0.5	0.16666666666666666	0.8571428571428571	0.5555555555555556	0.5	0.8888888888888888	1.0	0.7142857142857143	0.8571428571428571	0.75	0.5	1.0	1.0	0.875	
White-winged Scoter	1.0	0.8888888888888888	0.8	0.8181818181818182	0.7142857142857143	0.5	0.7272727272727273	0.6363636363636364	0.5	1.0	0.6190476190476191	0.4117647058823529	0.25	0.6666666666666666	0.6666666666666666	0.25	0.6666666666666666	0.3333333333333333	0.5	0.14285714285714285	0.0	0.0	0.0	0.3333333333333333	0.0	0.2	0.25	0.16666666666666666	0.1111111111111111	0.0	0.0	0.0015	0.16666666666666666	0.07692307692307693	0.2	0.0	0.5714285714285714	0.5555555555555556	0.25	0.6666666666666666	0.6666666666666666	0.5714285714285714	0.5714285714285714	0.625	0.5	1.0	0.6666666666666666	0.375	
Black Scoter	0.3333333333333333	0.0	0.0	0.09090909090909091	0.42857142857142855	0.0	0.0	0.0	0.0	0.0	0.09523809523809523	0.058823529411764705	0.125	0.16666666666666666	0.16666666666666666	0.0	0.0	0.0	0.0	0.0	0.0	0.0	0.0	0.0	0.0	0.0	0.0	0.0	0.0	0.0	0.0	0.0	0.0015	0.0	0.1	0.0	0.0	0.0	0.0	0.0	0.0	0.14285714285714285	0.0	0.0	0.0	0.0	0.16666666666666666	0.0	
Surf/Black Scoter	0.0	0.0	0.0	0.0	0.0	0.125	0.09090909090909091	0.0	0.0	0.0	0.0	0.0	0.0	0.0	0.0015	0.0	0.0	0.0	0.0	0.0	0.0	0.0	0.0	0.0	0.0	0.0	0.0	0.0	0.0	0.0	0.0	0.09090909090909091	0.0	0.0	0.0	0.0	0.0	0.0	0.0	0.0	0.0	0.0	0.0	0.0	0.0	0.0	0.0	0.0	
scoter sp.	0.0	0.0	0.2	0.0	0.0	0.0	0.0	0.0	0.0	0.0	0.0	0.0	0.125	0.0	0.0	0.0	0.0	0.0	0.0	0.0	0.0	0.0	0.0	0.0	0.16666666666666666	0.0	0.0	0.0	0.0	0.0	0.0	0.0	0.0	0.07692307692307693	0.1	0.0	0.0	0.0	0.0	0.0	0.0	0.0	0.0	0.0	0.0	0.0	0.0	0.0	
Long-tailed Duck	0.0	0.3333333333333333	0.4	0.18181818181818182	0.42857142857142855	0.0	0.45454545454545453	0.18181818181818182	0.6	0.0	0.3333333333333333	0.058823529411764705	0.125	0.16666666666666666	0.16666666666666666	0.0	0.0	0.0	0.0	0.0	0.0	0.0	0.0	0.0	0.0	0.0	0.0	0.0	0.0	0.0	0.0	0.0	0.0	0.0	0.0	0.0	0.0	0.0	0.25	0.1111111111111111	0.5	0.42857142857142855	0.2857142857142857	0.5	0.5	0.0	0.16666666666666666	0.5	
Bufflehead	0.6666666666666666	0.7777777777777778	1.0	0.7272727272727273	1.0	1.0	0.8181818181818182	0.8181818181818182	0.9	1.0	0.6190476190476191	0.4117647058823529	0.875	0.8333333333333334	0.5	0.0	0.3333333333333333	0.0	0.0	0.0	0.0	0.0	0.0	0.0	0.0	0.0	0.0	0.0	0.0	0.0	0.0	0.0	0.0	0.0	0.1	0.0	0.0	0.0	0.0	0.1111111111111111	0.3333333333333333	0.5714285714285714	0.5714285714285714	0.75	0.5	0.6666666666666666	0.8333333333333334	0.5	
Common Goldeneye	0.0	0.2222222222222222	0.0	0.18181818181818182	0.5714285714285714	0.125	0.5454545454545454	0.6363636363636364	0.4	0.3333333333333333	0.14285714285714285	0.23529411764705882	0.0	0.6666666666666666	0.16666666666666666	0.125	0.0	0.0	0.0	0.0	0.0	0.0	0.0	0.0	0.0	0.0	0.0	0.0	0.0	0.0	0.0	0.0	0.0	0.0	0.0	0.0	0.0	0.0	0.0	0.0	0.0	0.14285714285714285	0.14285714285714285	0.0	0.0	0.0	0.0	0.375	
Barrow's Goldeneye	0.0	0.0	0.0	0.18181818181818182	0.0	0.0	0.0	0.0	0.0	0.0	0.0	0.11764705882352941	0.0	0.0	0.0	0.0	0.0	0.0	0.0	0.0	0.0	0.0	0.0	0.0	0.0	0.0	0.0	0.0	0.0	0.0	0.0	0.0	0.0	0.0	0.0	0.0	0.0	0.0	0.0	0.0	0.0	0.0	0.0	0.0	0.0	0.0	0.0	0.0	
Common/Barrow's Goldeneye	0.0	0.0	0.0	0.09090909090909091	0.0	0.0	0.0	0.0	0.0	0.0	0.0	0.0	0.0	0.0	0.0	0.0	0.0	0.0	0.0	0.0	0.0	0.0	0.0	0.0	0.0	0.0	0.0	0.0	0.0	0.0	0.0	0.0	0.0	0.0	0.0	0.0	0.0	0.0	0.0	0.0	0.0	0.0	0.0	0.0	0.0	0.0	0.0	0.0	
Hooded Merganser	0.0	0.1111111111111111	0.0	0.0	0.0	0.125	0.0	0.09090909090909091	0.3	0.3333333333333333	0.14285714285714285	0.058823529411764705	0.0	0.0	0.0	0.0	0.0	0.0	0.0	0.0	0.0	0.0	0.0	0.0	0.0	0.0	0.0	0.0	0.0	0.0	0.0	0.0	0.16666666666666666	0.0	0.0	0.0	0.0	0.2222222222222222	0.5	0.3333333333333333	0.16666666666666666	0.5714285714285714	0.14285714285714285	0.25	0.0	0.0	0.5	0.25	
Common Merganser	0.3333333333333333	0.1111111111111111	0.4	0.45454545454545453	0.14285714285714285	0.375	0.18181818181818182	0.7272727272727273	0.7	0.3333333333333333	0.3333333333333333	0.11764705882352941	0.125	0.16666666666666666	0.16666666666666666	0.375	0.0	0.3333333333333333	0.5	0.2857142857142857	0.25	0.18181818181818182	0.16666666666666666	0.3333333333333333	0.16666666666666666	0.1	0.25	0.0	0.0	0.14285714285714285	0.0	0.09090909090909091	0.0	0.07692307692307693	0.1	0.0	0.14285714285714285	0.0	0.25	0.1111111111111111	0.0	0.0	0.0	0.125	0.0	0.3333333333333333	0.16666666666666666	0.0	
Red-breasted Merganser	0.0	0.3333333333333333	0.6	0.2727272727272727	0.7142857142857143	0.125	0.36363636363636365	0.36363636363636365	0.5	0.6666666666666666	0.38095238095238093	0.17647058823529413	0.375	0.6666666666666666	0.16666666666666666	0.125	0.3333333333333333	0.0	0.0	0.0	0.0	0.0	0.0	0.0	0.0	0.0	0.0	0.0	0.0	0.0	0.0	0.0	0.0	0.0	0.0	0.16666666666666666	0.0	0.0	0.25	1.0	0.6666666666666666	0.2857142857142857	0.5714285714285714	0.625	0.0	0.3333333333333333	0.16666666666666666	0.625	
Common/Red-breasted Merganser	0.0	0.0	0.0	0.0	0.0	0.0	0.0	0.0	0.0	0.0	0.0	0.0	0.0	0.0	0.0	0.0	0.3333333333333333	0.0	0.0	0.0	0.0	0.0	0.0	0.0	0.0	0.0	0.0	0.08333333333333333	0.0	0.0	0.0	0.0	0.0	0.0	0.0	0.0	0.0	0.0	0.0	0.0	0.0	0.0	0.14285714285714285	0.0	0.0	0.0	0.0	0.0	
Ruddy Duck	0.0	0.0	0.0	0.0	0.0	0.0	0.0	0.0	0.0	0.0	0.0	0.0	0.0	0.0	0.0	0.0	0.0	0.0	0.0	0.0	0.0	0.0	0.0	0.0	0.0	0.0	0.0	0.0	0.0	0.0	0.0	0.0015	0.0	0.0	0.0	0.0	0.0	0.0	0.0	0.0	0.0	0.0	0.0	0.0	0.0	0.0	0.0	0.0	
duck sp.	0.0	0.0	0.0	0.0	0.0	0.0	0.0	0.0	0.0	0.0	0.0	0.0	0.0	0.0	0.0	0.0	0.0	0.0	0.0	0.0	0.0	0.0	0.0	0.0	0.0	0.0	0.0	0.0	0.0	0.0	0.0	0.09090909090909091	0.0	0.0	0.0	0.0	0.0	0.0	0.0	0.0	0.0	0.0	0.0	0.0	0.0	0.0	0.0	0.0	
California Quail	0.0	0.1111111111111111	0.2	0.0	0.0	0.0	0.0	0.0	0.0	0.0	0.0	0.0	0.0	0.0	0.0	0.0	0.0	0.0	0.0	0.0	0.25	0.0	0.0	0.0	0.0	0.0	0.0	0.0	0.0	0.0	0.0015	0.0	0.0	0.0	0.0	0.0	0.0	0.0	0.25	0.1111111111111111	0.0	0.0	0.14285714285714285	0.0	0.0	0.0	0.0	0.0	
Ring-necked Pheasant	0.0	0.0	0.0	0.0	0.0	0.0	0.0	0.0	0.0	0.0	0.0	0.0	0.0	0.0	0.0	0.0	0.0	0.0	0.0015	0.0	0.0	0.0	0.0	0.0	0.0	0.0	0.0	0.0	0.0	0.0	0.0	0.0	0.0	0.0	0.0	0.0	0.0	0.0	0.0	0.0	0.0	0.0	0.0	0.0	0.0	0.0	0.0	0.0	
Ruffed Grouse	0.0	0.0	0.0	0.0	0.0	0.0	0.0	0.0	0.0	0.0	0.0	0.0	0.0	0.0	0.0	0.0	0.0	0.0	0.0	0.0	0.0	0.0	0.0	0.0	0.0	0.0	0.0	0.0	0.0	0.14285714285714285	0.0	0.0	0.0	0.0	0.0	0.0	0.0	0.0	0.0	0.1111111111111111	0.0	0.0	0.0	0.0	0.0	0.0	0.0	0.125	
Sooty Grouse	0.0	0.0	0.0	0.0	0.0	0.0	0.0	0.0	0.1	0.0	0.0	0.0	0.0	0.0	0.0	0.0	0.0	0.0	0.0	0.0	0.0	0.0	0.0	0.0	0.0	0.0	0.0	0.0	0.0	0.0	0.0	0.0	0.0	0.0	0.0	0.0	0.0	0.0	0.0	0.0	0.0	0.0	0.0	0.0	0.0	0.0	0.0	0.0	
Wild Turkey	0.0	0.0	0.0	0.0	0.0	0.0	0.0	0.0	0.0	0.0	0.047619047619047616	0.058823529411764705	0.0	0.0	0.0	0.0	0.0	0.0	0.0	0.0	0.0	0.0	0.0	0.0	0.0	0.0	0.0	0.0	0.0	0.0	0.0	0.0	0.0	0.0	0.0	0.0	0.0	0.0	0.0	0.0	0.0	0.0	0.0	0.0	0.0	0.0	0.0	0.0	
Pied-billed Grebe	0.0	0.2222222222222222	0.0	0.0	0.0	0.0	0.0	0.0	0.0	0.0	0.047619047619047616	0.058823529411764705	0.0	0.0	0.0	0.0	0.0	0.0	0.0	0.0	0.0	0.0	0.0	0.0	0.0	0.0	0.0	0.08333333333333333	0.0	0.0	0.0	0.0	0.0	0.0	0.0	0.0	0.14285714285714285	0.0	0.0	0.0	0.0	0.0	0.0	0.125	0.0	0.0	0.0	0.0	
Horned Grebe	0.3333333333333333	0.6666666666666666	0.8	1.0	0.8571428571428571	0.875	0.9090909090909091	0.9090909090909091	1.0	1.0	0.7142857142857143	0.4117647058823529	0.75	0.8333333333333334	0.6666666666666666	0.875	0.6666666666666666	0.0	0.0	0.0	0.0	0.0	0.0	0.0	0.0	0.1	0.0	0.0	0.0	0.0	0.0	0.0	0.0015	0.23076923076923078	0.2	0.5	0.7142857142857143	0.6666666666666666	0.5	0.7777777777777778	0.8333333333333334	0.5714285714285714	0.8571428571428571	0.75	0.5	1.0	1.0	0.75	
Red-necked Grebe	0.6666666666666666	0.1111111111111111	0.6	0.2727272727272727	0.42857142857142855	0.5	0.2727272727272727	0.36363636363636365	0.6	0.6666666666666666	0.3333333333333333	0.29411764705882354	0.375	0.6666666666666666	0.3333333333333333	0.0	0.0	0.0	0.0	0.0	0.0	0.0	0.0	0.0	0.0	0.0	0.0	0.0	0.0	0.14285714285714285	0.0	0.09090909090909091	0.0	0.23076923076923078	0.3	0.5	0.5714285714285714	0.3333333333333333	0.75	0.4444444444444444	0.5	0.5714285714285714	0.2857142857142857	0.5	0.5	0.3333333333333333	0.3333333333333333	0.5	
Eared Grebe	0.0	0.0	0.0	0.09090909090909091	0.0	0.0	0.0	0.09090909090909091	0.0	0.0	0.0	0.0	0.25	0.0	0.0	0.0	0.0	0.0	0.0	0.0	0.0	0.0	0.0	0.0	0.0	0.0	0.0	0.0	0.0	0.0	0.0	0.0	0.0	0.0	0.0	0.0	0.0	0.0	0.0	0.0	0.16666666666666666	0.0	0.0	0.0	0.0	0.0	0.0	0.0	
Horned/Eared Grebe	0.0	0.0	0.0	0.0	0.0	0.0	0.0	0.0	0.0	0.0	0.0	0.0	0.125	0.16666666666666666	0.0015	0.0	0.0	0.0	0.0	0.0	0.0	0.0	0.0	0.0	0.0	0.0	0.0	0.0	0.0	0.0	0.0	0.0	0.0	0.0	0.0	0.0	0.0	0.0	0.0	0.1111111111111111	0.0	0.0	0.0	0.0	0.0	0.0	0.0	0.125	
Western Grebe	0.6666666666666666	0.7777777777777778	0.8	0.36363636363636365	0.5714285714285714	0.5	0.5454545454545454	0.36363636363636365	0.5	0.3333333333333333	0.42857142857142855	0.47058823529411764	0.375	0.0	0.16666666666666666	0.25	0.3333333333333333	0.0	0.0	0.0	0.0	0.0	0.0	0.0	0.0	0.0	0.0	0.0	0.0	0.0	0.0	0.09090909090909091	0.0	0.0	0.1	0.16666666666666666	0.14285714285714285	0.4444444444444444	0.5	0.4444444444444444	0.5	0.42857142857142855	0.14285714285714285	0.5	0.5	0.0	0.16666666666666666	0.375	
Western/Clark's Grebe	0.0	0.0	0.0	0.0	0.0	0.125	0.0	0.0	0.0	0.0	0.0	0.0	0.0	0.0	0.0	0.0	0.0	0.0	0.0	0.0	0.0	0.0	0.0	0.0	0.0	0.0	0.0	0.0	0.0	0.0	0.0	0.0	0.0	0.0	0.0	0.0	0.0	0.0	0.0	0.0	0.0	0.0	0.0	0.0	0.0	0.0	0.0	0.0	
Rock Pigeon	0.0	0.1111111111111111	0.0	0.0	0.0	0.0	0.18181818181818182	0.0	0.0	0.0	0.0	0.0	0.0	0.0	0.0	0.0	0.0	0.0	0.0	0.0	0.0	0.0	0.0	0.0	0.16666666666666666	0.0	0.0	0.08333333333333333	0.1111111111111111	0.0	0.0	0.0	0.0	0.0	0.0015	0.0	0.0	0.0	0.0	0.0	0.0	0.0	0.14285714285714285	0.0	0.0	0.0	0.0	0.0	
Band-tailed Pigeon	0.0	0.0	0.0	0.0	0.0	0.0	0.0	0.0	0.0	0.0	0.0	0.058823529411764705	0.0	0.0	0.0	0.125	0.0	0.0	0.0	0.14285714285714285	0.0	0.09090909090909091	0.0	0.16666666666666666	0.0	0.1	0.25	0.16666666666666666	0.0	0.0015	0.14285714285714285	0.09090909090909091	0.0	0.0	0.0	0.0	0.0	0.0	0.0	0.0	0.0	0.0	0.0	0.0	0.0	0.0	0.0	0.0	
Mourning Dove	0.0	0.0	0.0	0.0	0.0	0.0	0.0	0.0	0.0	0.0	0.0	0.0	0.0	0.0	0.0	0.0	0.0	0.16666666666666666	0.0	0.0	0.0	0.0	0.0	0.0	0.16666666666666666	0.0	0.0	0.0	0.1111111111111111	0.0	0.0	0.09090909090909091	0.0	0.0	0.0	0.0	0.0	0.0	0.0	0.0	0.0	0.0	0.0	0.0	0.0	0.0	0.0	0.0	
pigeon/dove sp.	0.0	0.0	0.0	0.0	0.0	0.0	0.0	0.0	0.0	0.0	0.0	0.0	0.0	0.0	0.0	0.0	0.0	0.0	0.0	0.0	0.0	0.09090909090909091	0.0	0.0	0.0	0.0	0.0	0.0	0.0	0.0	0.0	0.0	0.0	0.0	0.0	0.0	0.0	0.0	0.0	0.0	0.0	0.0	0.0	0.0	0.0	0.0	0.0	0.0	
Vaux's Swift	0.0	0.0	0.0	0.0	0.0	0.0	0.0	0.0	0.0	0.0	0.0	0.0	0.0	0.0	0.0	0.0	0.0	0.0	0.0	0.0	0.0	0.0	0.0	0.0	0.0	0.1	0.0	0.0	0.0	0.0	0.0	0.0	0.16666666666666666	0.0	0.1	0.0	0.0	0.0	0.0	0.0	0.0	0.0	0.0	0.0	0.0	0.0	0.0	0.0	
Anna's Hummingbird	0.0	0.0	0.0	0.09090909090909091	0.0	0.125	0.0	0.09090909090909091	0.2	0.0	0.0	0.11764705882352941	0.0	0.0	0.0	0.125	0.0	0.0	0.0	0.0	0.0	0.09090909090909091	0.0	0.16666666666666666	0.0	0.0	0.0	0.08333333333333333	0.0	0.0	0.0	0.0	0.0	0.0	0.0	0.0	0.0	0.0	0.25	0.0	0.0	0.0	0.0	0.0	0.0	0.0	0.0	0.0	
Rufous Hummingbird	0.0	0.0	0.0	0.0	0.0	0.0	0.0	0.0	0.0	0.0	0.047619047619047616	0.11764705882352941	0.125	0.16666666666666666	0.0	0.375	0.0	0.0	0.0	0.0	0.0	0.0	0.0	0.0	0.0	0.1	0.0	0.08333333333333333	0.0	0.0	0.0	0.0	0.0	0.0	0.0	0.0	0.0	0.0	0.0	0.0	0.0	0.0	0.0	0.0	0.0	0.0	0.0	0.0	
hummingbird sp.	0.0	0.0	0.0	0.0	0.0	0.0	0.0	0.0	0.0	0.0	0.0	0.0	0.0	0.0	0.0	0.25	0.0	0.0	0.0	0.0	0.0	0.0	0.0	0.0	0.0	0.0	0.0	0.08333333333333333	0.0	0.0	0.0	0.0	0.0	0.0	0.0	0.0	0.0	0.0	0.0	0.0	0.0	0.0	0.0	0.0	0.0	0.0	0.0	0.0	
Virginia Rail	0.0	0.0	0.0	0.0	0.0	0.0	0.0	0.0	0.0	0.0	0.047619047619047616	0.0	0.0	0.0	0.0	0.0	0.0	0.0	0.0	0.0	0.0	0.0	0.0	0.0	0.0	0.0	0.0	0.0	0.0	0.0	0.0	0.0	0.0	0.0	0.0	0.0	0.0	0.0	0.0	0.0	0.0	0.0	0.0	0.0	0.0	0.0	0.0	0.0	
American Coot	0.0	0.0	0.0	0.0	0.0	0.0	0.0	0.0	0.0	0.0	0.0	0.058823529411764705	0.0	0.0	0.0	0.0	0.0	0.0	0.0	0.0	0.0	0.0	0.0	0.0	0.0	0.0	0.0	0.0	0.0	0.0	0.0	0.0	0.0	0.0	0.0	0.0	0.0	0.0	0.0	0.0	0.0	0.0	0.0	0.0	0.0	0.0	0.0	0.0	
Black Oystercatcher	1.0	0.7777777777777778	1.0	0.9090909090909091	1.0	0.875	0.9090909090909091	0.9090909090909091	0.7	1.0	0.8095238095238095	0.7647058823529411	0.625	0.8333333333333334	0.5	0.25	0.3333333333333333	0.6666666666666666	0.0	0.0015	0.5	0.0	0.0	0.0	0.16666666666666666	0.2	0.25	0.08333333333333333	0.3333333333333333	0.14285714285714285	0.42857142857142855	0.6363636363636364	0.5	0.6153846153846154	0.6	0.8333333333333334	1.0	0.7777777777777778	0.75	0.8888888888888888	1.0	0.5714285714285714	1.0	1.0	0.5	1.0	1.0	0.75	
Black-bellied Plover	0.0	0.0	0.0	0.0	0.0	0.0	0.0	0.0	0.0	0.0	0.0	0.0	0.0	0.0	0.0	0.0	0.0	0.0	0.0	0.0	0.0	0.0	0.0	0.0	0.0	0.0	0.0	0.0	0.1111111111111111	0.0	0.0	0.0	0.0	0.0	0.0015	0.0	0.0	0.0	0.0	0.0	0.0	0.0	0.0	0.0	0.0	0.0	0.0	0.0	
Semipalmated Plover	0.0	0.0	0.0	0.0	0.0	0.0	0.0	0.0	0.0	0.0	0.0	0.0	0.0	0.0	0.0	0.0	0.0	0.0	0.0	0.0	0.0	0.0	0.0	0.0	0.0	0.0	0.0	0.16666666666666666	0.1111111111111111	0.14285714285714285	0.14285714285714285	0.0	0.0	0.0	0.0	0.0	0.0	0.0	0.0	0.0	0.0	0.0	0.0	0.0	0.0	0.0	0.0	0.0	
Killdeer	0.0	0.0	0.0	0.0	0.0	0.0	0.0	0.0	0.0	0.3333333333333333	0.047619047619047616	0.058823529411764705	0.125	0.0	0.0	0.0	0.0	0.16666666666666666	0.0	0.0	0.0	0.09090909090909091	0.0	0.0	0.0	0.0	0.0	0.0	0.1111111111111111	0.14285714285714285	0.0	0.0	0.0	0.07692307692307693	0.0	0.0	0.2857142857142857	0.0	0.0	0.1111111111111111	0.0	0.0	0.0	0.0	0.0	0.3333333333333333	0.16666666666666666	0.0	
Whimbrel	0.0	0.0	0.0	0.0	0.0	0.0	0.0	0.0	0.0	0.0	0.0	0.058823529411764705	0.0	0.0	0.16666666666666666	0.0	0.0015	0.0	0.0	0.0	0.0	0.0	0.0	0.0	0.0	0.0	0.0	0.0	0.0	0.0	0.0	0.0	0.0	0.0	0.0	0.0	0.0	0.0	0.0	0.0	0.0	0.0	0.0	0.0	0.0	0.0	0.0	0.0	
Marbled Godwit	0.0	0.0	0.0	0.0	0.0	0.0	0.0	0.0	0.0	0.0	0.0	0.0	0.0	0.0	0.0	0.0	0.0	0.0	0.0	0.0	0.0	0.0	0.0	0.0	0.0	0.0	0.0	0.0	0.0	0.0	0.0	0.0	0.0	0.0	0.0	0.0	0.0	0.0	0.0	0.0	0.16666666666666666	0.0	0.0	0.0	0.0	0.0	0.0	0.0	
Ruddy Turnstone	0.0	0.0	0.0	0.0	0.0	0.0	0.0	0.0	0.0	0.0	0.0	0.0	0.0	0.0	0.0	0.0	0.0	0.0	0.0	0.0	0.0	0.0	0.0	0.0	0.0	0.0	0.0	0.0	0.0	0.0	0.0	0.0	0.0	0.0	0.0015	0.0	0.0	0.0	0.0	0.0	0.0	0.0	0.0	0.0	0.0	0.0	0.0	0.0	
Black Turnstone	0.6666666666666666	0.4444444444444444	0.0015	0.6363636363636364	0.7142857142857143	0.625	0.6363636363636364	0.45454545454545453	0.3	0.6666666666666666	0.7142857142857143	0.4117647058823529	0.375	0.5	0.3333333333333333	0.0	0.0015	0.0	0.0	0.0	0.0	0.0	0.0	0.0	0.0	0.0	0.0	0.0	0.1111111111111111	0.0	0.0	0.09090909090909091	0.0	0.15384615384615385	0.3	0.5	0.5714285714285714	0.3333333333333333	0.75	0.2222222222222222	0.5	0.42857142857142855	0.5714285714285714	0.625	0.5	1.0	0.6666666666666666	0.5	
Surfbird	0.0	0.0	0.0	0.0	0.0	0.125	0.0	0.0	0.1	0.0	0.0	0.058823529411764705	0.125	0.0	0.0	0.0	0.0	0.0	0.0	0.0	0.0	0.0	0.0	0.0	0.0	0.0	0.0	0.0	0.0	0.0	0.0	0.0	0.0	0.0	0.0	0.16666666666666666	0.0	0.0	0.0	0.0	0.0	0.2857142857142857	0.14285714285714285	0.0	0.0	0.0	0.0	0.125	
Sanderling	0.0	0.0	0.0	0.0	0.0	0.0	0.0	0.0	0.0	0.0	0.0	0.058823529411764705	0.0	0.0	0.0	0.0	0.0015	0.0	0.0	0.0	0.0	0.0	0.0	0.0	0.0	0.0	0.0	0.08333333333333333	0.0	0.0	0.0	0.0	0.0	0.0	0.0015	0.0	0.0	0.0	0.0	0.0	0.0	0.0	0.0	0.0	0.0	0.0	0.0	0.0	
Dunlin	0.0	0.0	0.0	0.0	0.0	0.0	0.0	0.0	0.0	0.0	0.0	0.0	0.0	0.0	0.0015	0.0	0.0	0.0	0.0	0.0	0.0	0.0	0.0	0.0	0.0	0.0	0.0	0.0	0.0	0.0	0.07142857142857142	0.0	0.0	0.0	0.0	0.0	0.0	0.0	0.0	0.0	0.0	0.0	0.0	0.0	0.0	0.0	0.0	0.0	
Rock Sandpiper	0.0	0.0	0.0	0.0	0.0	0.0015	0.0	0.0	0.0	0.0	0.19047619047619047	0.11764705882352941	0.0015	0.0	0.0	0.0	0.0	0.0	0.0	0.0	0.0	0.0	0.0	0.0	0.0	0.0	0.0	0.0	0.0	0.0	0.0	0.0	0.0	0.0	0.0	0.0	0.0	0.0	0.0	0.0	0.0	0.0	0.0015	0.0	0.0	0.0	0.0	0.0	
Baird's Sandpiper	0.0	0.0	0.0	0.0	0.0	0.0	0.0	0.0	0.0	0.0	0.0	0.0	0.0	0.0	0.0	0.0	0.0	0.0	0.0	0.0	0.0	0.0	0.0	0.0	0.0	0.0	0.0	0.0	0.1111111111111111	0.0	0.07142857142857142	0.0	0.0	0.0	0.0	0.0	0.0	0.0	0.0	0.0	0.0	0.0	0.0	0.0	0.0	0.0	0.0	0.0	
Least Sandpiper	0.3333333333333333	0.0	0.0	0.0	0.0	0.0	0.0	0.0	0.0	0.0	0.0	0.0	0.0	0.0	0.0	0.0	0.0	0.0	0.0	0.0	0.0	0.0	0.0	0.0	0.16666666666666666	0.1	0.0	0.16666666666666666	0.2222222222222222	0.14285714285714285	0.07142857142857142	0.09090909090909091	0.0	0.0	0.0015	0.0	0.0	0.0	0.0	0.0	0.0	0.0	0.0	0.0	0.0	0.0	0.0	0.0	
Semipalmated Sandpiper	0.0	0.0	0.0	0.0	0.0	0.0	0.0	0.0	0.0	0.0	0.0	0.0	0.0	0.0	0.0	0.0	0.0	0.0	0.0	0.0	0.0	0.0	0.0	0.0	0.16666666666666666	0.0	0.0	0.0	0.0	0.0	0.0	0.0	0.0	0.0	0.0	0.0	0.0	0.0	0.0	0.0	0.0	0.0	0.0	0.0	0.0	0.0	0.0	0.0	
Western Sandpiper	0.0	0.0	0.0	0.0	0.0	0.0	0.0	0.0	0.0	0.0	0.0	0.0	0.0	0.0	0.0	0.0	0.0	0.0	0.0	0.0	0.0	0.0	0.0	0.0	0.0	0.0	0.25	0.25	0.1111111111111111	0.0	0.21428571428571427	0.09090909090909091	0.0	0.0	0.0	0.0	0.0	0.0	0.0	0.0	0.0	0.0	0.0	0.0	0.0	0.0	0.0	0.0	
peep sp.	0.0	0.0	0.0	0.0	0.0	0.0	0.0	0.0	0.0	0.0	0.0	0.0	0.0	0.0	0.0	0.0	0.0	0.0	0.0	0.0	0.0	0.0	0.0	0.0	0.0	0.2	0.0	0.0	0.0	0.0	0.0	0.0	0.0	0.0	0.0	0.0	0.0	0.0	0.0	0.0	0.0	0.0	0.0	0.0	0.0	0.0	0.0	0.0	
Short-billed Dowitcher	0.0	0.0	0.0	0.0	0.0	0.0	0.0	0.0	0.0	0.0	0.0	0.0	0.0	0.0	0.0	0.0	0.0	0.0	0.0	0.0	0.0	0.0	0.0	0.0	0.0	0.0	0.0	0.0	0.1111111111111111	0.0	0.0	0.0	0.0	0.0	0.0	0.0	0.0	0.0	0.0	0.0	0.0	0.0	0.0	0.0	0.0	0.0	0.0	0.0	
Long-billed Dowitcher	0.0	0.0	0.0	0.0	0.0	0.0	0.0	0.0	0.0	0.0	0.0	0.0	0.0	0.0	0.0	0.0	0.0	0.0	0.0	0.0	0.0	0.0	0.0	0.0	0.0	0.1	0.0	0.0	0.0	0.0	0.0	0.0	0.0	0.07692307692307693	0.0	0.0	0.0	0.0	0.0	0.0	0.0	0.0	0.0	0.0	0.0	0.0	0.0	0.0	
Red-necked Phalarope	0.0	0.0	0.0	0.0	0.0	0.0	0.0	0.0	0.0	0.0	0.0	0.0	0.0	0.0	0.0	0.0	0.0	0.0	0.0	0.0	0.0	0.0	0.0	0.0	0.0	0.0	0.0	0.0	0.0	0.0	0.0	0.0	0.0015	0.07692307692307693	0.0	0.0	0.0	0.0	0.0	0.0	0.0	0.0	0.0	0.0	0.0	0.0	0.0	0.0	
Red Phalarope	0.0	0.0	0.0	0.0	0.0	0.0	0.0	0.0	0.0	0.0	0.0	0.0	0.0	0.0	0.0	0.0	0.0	0.0	0.0	0.0	0.0	0.0	0.0	0.0	0.0	0.0	0.0	0.0	0.0	0.0	0.0	0.0	0.0	0.0	0.0015	0.0	0.0	0.0	0.0	0.0	0.0	0.0	0.0015	0.0	0.0	0.0	0.0	0.0	
Spotted Sandpiper	0.0	0.0	0.0	0.0	0.0	0.0	0.0	0.0	0.0	0.0	0.0	0.0	0.0	0.0	0.0	0.0	0.0	0.16666666666666666	0.0	0.0	0.0	0.0	0.0	0.0	0.0	0.0	0.0	0.0	0.2222222222222222	0.2857142857142857	0.14285714285714285	0.0	0.0015	0.0	0.1	0.0	0.0	0.0	0.0	0.0	0.0	0.0	0.0	0.0	0.0	0.0	0.0	0.0	
Wandering Tattler	0.0	0.0	0.0	0.0	0.0	0.0	0.0	0.0	0.0	0.0	0.0	0.0	0.0	0.0	0.0	0.0015	0.0	0.0	0.0	0.0	0.0	0.0	0.0	0.0	0.0	0.0	0.0	0.08333333333333333	0.1111111111111111	0.0	0.0	0.0	0.0	0.0	0.1	0.0	0.0	0.0	0.0	0.0	0.0	0.0	0.0	0.0	0.0	0.0	0.0	0.0	
Greater Yellowlegs	0.0	0.0	0.0	0.0	0.0	0.0	0.0	0.0	0.0	0.0	0.0	0.0	0.0	0.0	0.16666666666666666	0.0	0.0	0.0	0.0	0.0	0.0	0.0	0.0	0.0	0.0	0.0	0.0	0.0	0.1111111111111111	0.0	0.0	0.09090909090909091	0.0	0.0	0.0	0.0	0.0	0.0	0.0	0.0	0.0	0.0	0.0	0.0	0.0	0.0	0.0	0.0	
Lesser Yellowlegs	0.0	0.0	0.0	0.0	0.0	0.0	0.0	0.0	0.0	0.0	0.0	0.0	0.0	0.0	0.0	0.0	0.0	0.0	0.0	0.0	0.0	0.0	0.0	0.0	0.0	0.0	0.0	0.08333333333333333	0.0	0.0	0.0	0.0	0.16666666666666666	0.0	0.0	0.0	0.0	0.0	0.0	0.0	0.0	0.0	0.0	0.0	0.0	0.0	0.0	0.0	
Common Murre	0.0	0.1111111111111111	0.4	0.18181818181818182	0.14285714285714285	0.125	0.09090909090909091	0.09090909090909091	0.2	0.0	0.23809523809523808	0.17647058823529413	0.125	0.3333333333333333	0.0	0.0015	0.0015	0.16666666666666666	0.0	0.0	0.0	0.0	0.16666666666666666	0.0	0.16666666666666666	0.0	0.0	0.16666666666666666	0.2222222222222222	0.0	0.2857142857142857	0.18181818181818182	0.3333333333333333	0.15384615384615385	0.3	0.3333333333333333	1.0	0.4444444444444444	0.75	0.2222222222222222	0.3333333333333333	0.2857142857142857	0.14285714285714285	0.375	0.0	0.3333333333333333	0.16666666666666666	0.25	
Pigeon Guillemot	0.0	0.5555555555555556	0.6	0.36363636363636365	0.5714285714285714	0.5	0.7272727272727273	0.6363636363636364	0.7	0.6666666666666666	0.6666666666666666	0.4117647058823529	0.875	1.0	0.8333333333333334	0.375	1.0	0.6666666666666666	1.0	0.2857142857142857	0.75	0.6363636363636364	0.8333333333333334	0.8333333333333334	1.0	0.7	0.5	0.5833333333333334	0.8888888888888888	0.5714285714285714	0.42857142857142855	0.2727272727272727	0.0	0.15384615384615385	0.2	0.16666666666666666	0.5714285714285714	0.1111111111111111	0.25	0.5555555555555556	0.5	0.7142857142857143	0.2857142857142857	0.5	0.0	0.0	0.5	0.5	
Marbled Murrelet	0.3333333333333333	0.1111111111111111	0.2	0.18181818181818182	0.42857142857142855	0.25	0.2727272727272727	0.36363636363636365	0.2	0.0	0.19047619047619047	0.11764705882352941	0.25	0.5	0.6666666666666666	0.25	0.6666666666666666	0.5	0.5	0.0015	0.0	0.0015	0.3333333333333333	0.0	0.3333333333333333	0.4	0.25	0.3333333333333333	0.1111111111111111	0.14285714285714285	0.21428571428571427	0.09090909090909091	0.16666666666666666	0.07692307692307693	0.2	0.0	0.2857142857142857	0.1111111111111111	0.25	0.5555555555555556	0.3333333333333333	0.42857142857142855	0.5714285714285714	0.625	0.5	0.0	0.6666666666666666	0.25	
Ancient Murrelet	0.0	0.0	0.0	0.09090909090909091	0.0	0.0	0.0	0.09090909090909091	0.0	0.0	0.0	0.0015	0.0	0.0	0.0	0.0	0.0	0.16666666666666666	0.0	0.0	0.0	0.09090909090909091	0.0	0.0	0.0	0.0	0.0	0.0	0.0	0.0	0.0	0.0	0.0	0.0	0.0	0.0	0.14285714285714285	0.0	0.0	0.0	0.0	0.0	0.14285714285714285	0.0	0.0	0.0	0.0	0.125	
murrelet sp.	0.0	0.0	0.0	0.0	0.0	0.0	0.0	0.0	0.0	0.0	0.0	0.0	0.0	0.0	0.0	0.0	0.0	0.0	0.0	0.0	0.0	0.0	0.0	0.0	0.0	0.0	0.0	0.0	0.0	0.0	0.0	0.0	0.0	0.0	0.1	0.0	0.0	0.0	0.0	0.0	0.0	0.0	0.0	0.0	0.0	0.0	0.0	0.0	
Cassin's Auklet	0.0	0.0	0.0	0.0	0.0	0.0	0.0	0.0	0.0	0.0	0.0	0.0	0.0	0.0	0.0	0.0	0.0	0.0	0.0	0.0	0.0	0.0	0.0	0.0	0.0	0.0	0.0	0.0	0.1111111111111111	0.0	0.0	0.0	0.0	0.0	0.0	0.0	0.0	0.0	0.0	0.0	0.0	0.0	0.0	0.0	0.0	0.0	0.0	0.0	
Rhinoceros Auklet	0.0	0.1111111111111111	0.2	0.18181818181818182	0.0	0.125	0.2727272727272727	0.36363636363636365	0.2	0.3333333333333333	0.3333333333333333	0.23529411764705882	0.5	0.6666666666666666	0.3333333333333333	0.25	0.0015	0.3333333333333333	1.0	0.0	0.0	0.2727272727272727	0.16666666666666666	0.0	0.5	0.5	0.25	0.4166666666666667	0.4444444444444444	0.14285714285714285	0.2857142857142857	0.2727272727272727	0.16666666666666666	0.38461538461538464	0.3	0.3333333333333333	0.7142857142857143	0.2222222222222222	0.25	0.5555555555555556	0.16666666666666666	0.42857142857142855	0.14285714285714285	0.125	0.0	0.0	0.3333333333333333	0.125	
alcid sp.	0.0	0.0	0.2	0.0	0.0	0.0	0.0	0.0	0.0	0.0	0.0	0.0	0.0	0.16666666666666666	0.0	0.0	0.0	0.0	0.0	0.0	0.0	0.0	0.0	0.0	0.16666666666666666	0.0	0.0	0.0	0.0	0.0	0.0	0.0	0.0	0.07692307692307693	0.0	0.0	0.0	0.0	0.0	0.0	0.0	0.0	0.0	0.0	0.0	0.0	0.0	0.0	
Bonaparte's Gull	0.0	0.0	0.0	0.0	0.0	0.0	0.0	0.0	0.0	0.0	0.0	0.0	0.0	0.0	0.0	0.0	0.0	0.0	0.0	0.0	0.0	0.0	0.0	0.0	0.0	0.0	0.0	0.0	0.0	0.0	0.0	0.0	0.0	0.07692307692307693	0.0	0.0	0.0	0.1111111111111111	0.0	0.0	0.0	0.0	0.14285714285714285	0.125	0.0	0.0	0.0	0.0	
Heermann's Gull	0.0	0.0	0.0	0.0	0.0	0.0	0.0	0.0	0.0	0.0	0.0	0.0	0.0	0.0	0.0	0.0	0.0	0.0	0.0	0.0	0.0	0.0	0.16666666666666666	0.16666666666666666	0.5	0.5	0.0015	0.5833333333333334	0.6666666666666666	0.14285714285714285	0.35714285714285715	0.18181818181818182	0.6666666666666666	0.6153846153846154	0.6	0.6666666666666666	0.7142857142857143	0.3333333333333333	0.75	0.5555555555555556	0.0	0.14285714285714285	0.0	0.0	0.0	0.0	0.0	0.0	
Mew Gull	0.3333333333333333	0.4444444444444444	0.6	0.2727272727272727	0.42857142857142855	0.25	0.45454545454545453	0.2727272727272727	0.6	0.3333333333333333	0.19047619047619047	0.11764705882352941	0.0	0.16666666666666666	0.16666666666666666	0.0	0.0	0.0	0.0	0.0	0.0	0.0	0.0	0.0	0.0	0.0	0.0	0.0	0.2222222222222222	0.14285714285714285	0.07142857142857142	0.2727272727272727	0.3333333333333333	0.07692307692307693	0.2	0.5	0.5714285714285714	0.4444444444444444	0.75	0.8888888888888888	0.5	0.5714285714285714	0.7142857142857143	0.5	0.5	0.6666666666666666	0.8333333333333334	0.625	
Ring-billed Gull	0.0	0.0	0.0	0.0	0.0	0.0	0.0	0.09090909090909091	0.0	0.0	0.0	0.0	0.0	0.0	0.0	0.0	0.0	0.0	0.0	0.0	0.0	0.0	0.0	0.16666666666666666	0.16666666666666666	0.2	0.0	0.08333333333333333	0.1111111111111111	0.0	0.07142857142857142	0.18181818181818182	0.16666666666666666	0.0015	0.2	0.0	0.0	0.0	0.0	0.0	0.0	0.0	0.0	0.0	0.0	0.0	0.0	0.0	
Western Gull	0.0	0.2222222222222222	0.2	0.09090909090909091	0.0	0.0	0.0	0.0	0.1	0.3333333333333333	0.14285714285714285	0.0015	0.25	0.3333333333333333	0.0015	0.0	0.3333333333333333	0.0	0.0	0.0	0.0	0.0	0.0	0.16666666666666666	0.16666666666666666	0.1	0.25	0.16666666666666666	0.1111111111111111	0.0	0.07142857142857142	0.36363636363636365	0.0	0.23076923076923078	0.1	0.3333333333333333	0.14285714285714285	0.2222222222222222	0.0	0.1111111111111111	0.16666666666666666	0.2857142857142857	0.0	0.125	0.0	0.0	0.0	0.0	
California Gull	0.0	0.0	0.0	0.09090909090909091	0.0	0.0	0.0	0.0	0.0	0.0	0.0	0.11764705882352941	0.0	0.0	0.0	0.0	0.0	0.0	0.0	0.0	0.0	0.0	0.0	0.16666666666666666	0.0	0.4	0.25	0.4166666666666667	0.6666666666666666	0.42857142857142855	0.2857142857142857	0.36363636363636365	0.5	0.3076923076923077	0.5	0.6666666666666666	0.7142857142857143	0.5555555555555556	0.5	0.5555555555555556	0.5	0.42857142857142855	0.2857142857142857	0.125	0.0	0.0	0.0	0.0	
Herring Gull	0.0015	0.0	0.0	0.0	0.0	0.0	0.0	0.09090909090909091	0.0	0.0	0.047619047619047616	0.0	0.0	0.0	0.0	0.0	0.0	0.0	0.0	0.0	0.0	0.0	0.0	0.0	0.0	0.0	0.0	0.0	0.1111111111111111	0.0015	0.0	0.0	0.0	0.0	0.0	0.16666666666666666	0.0	0.0	0.0	0.1111111111111111	0.0	0.0	0.0	0.0	0.0	0.0	0.0	0.0	
Iceland Gull	0.3333333333333333	0.1111111111111111	0.0	0.18181818181818182	0.0	0.125	0.0	0.0	0.2	0.3333333333333333	0.0	0.0	0.0	0.0	0.0	0.0	0.0	0.0	0.0	0.0	0.0	0.0	0.0	0.0	0.0	0.0	0.0	0.0	0.0	0.0	0.0	0.0	0.0	0.0	0.1	0.0	0.0	0.0	0.5	0.1111111111111111	0.0	0.0	0.0	0.0	0.0	0.0	0.16666666666666666	0.0	
Glaucous-winged Gull	1.0	0.8888888888888888	0.8	0.6363636363636364	0.8571428571428571	0.875	0.7272727272727273	0.36363636363636365	0.6	1.0	0.5714285714285714	0.35294117647058826	0.625	0.6666666666666666	0.6666666666666666	0.625	0.3333333333333333	0.6666666666666666	0.5	0.2857142857142857	0.75	0.09090909090909091	0.6666666666666666	0.5	0.6666666666666666	0.8	0.25	0.75	0.6666666666666666	0.2857142857142857	0.21428571428571427	0.6363636363636364	0.5	0.46153846153846156	0.6	0.5	0.5714285714285714	0.5555555555555556	0.25	0.5555555555555556	0.6666666666666666	0.7142857142857143	0.7142857142857143	0.75	0.5	1.0	0.8333333333333334	0.625	
Western x Glaucous-winged Gull (hybrid)	0.0	0.3333333333333333	0.6	0.2727272727272727	0.42857142857142855	0.125	0.45454545454545453	0.09090909090909091	0.2	0.3333333333333333	0.14285714285714285	0.11764705882352941	0.0	0.0	0.16666666666666666	0.0	0.0015	0.0	0.5	0.14285714285714285	0.0	0.09090909090909091	0.16666666666666666	0.0	0.0	0.1	0.25	0.0	0.1111111111111111	0.14285714285714285	0.0	0.18181818181818182	0.0	0.23076923076923078	0.2	0.0	0.2857142857142857	0.2222222222222222	0.0	0.2222222222222222	0.16666666666666666	0.14285714285714285	0.0	0.5	0.0	0.3333333333333333	0.5	0.0	
Western/Glaucous-winged Gull	0.3333333333333333	0.0	0.0	0.0	0.0	0.0	0.18181818181818182	0.18181818181818182	0.0	0.0	0.14285714285714285	0.058823529411764705	0.125	0.0	0.0	0.25	0.0	0.0	0.5	0.0	0.0	0.0	0.0	0.0	0.16666666666666666	0.2	0.5	0.25	0.3333333333333333	0.14285714285714285	0.0	0.09090909090909091	0.16666666666666666	0.0	0.0	0.0	0.0	0.1111111111111111	0.0	0.1111111111111111	0.0	0.0	0.14285714285714285	0.0	0.0	0.0	0.0	0.0	
Larus sp.	0.0	0.0	0.0	0.09090909090909091	0.14285714285714285	0.0	0.0	0.0	0.2	0.3333333333333333	0.047619047619047616	0.0	0.125	0.0	0.0	0.25	0.0	0.0	0.0	0.0	0.0	0.0	0.0	0.0	0.0	0.0	0.0	0.0	0.0	0.0	0.0	0.09090909090909091	0.0	0.0	0.0	0.0	0.0	0.0	0.0	0.1111111111111111	0.0	0.14285714285714285	0.14285714285714285	0.125	0.0	0.0	0.0	0.125	
gull sp.	0.0	0.3333333333333333	0.0	0.36363636363636365	0.0	0.25	0.09090909090909091	0.36363636363636365	0.2	0.0	0.14285714285714285	0.058823529411764705	0.25	0.16666666666666666	0.3333333333333333	0.125	0.3333333333333333	0.0	0.0	0.14285714285714285	0.0	0.18181818181818182	0.16666666666666666	0.16666666666666666	0.3333333333333333	0.2	0.0	0.3333333333333333	0.0	0.14285714285714285	0.14285714285714285	0.18181818181818182	0.3333333333333333	0.38461538461538464	0.0	0.0	0.14285714285714285	0.2222222222222222	0.0	0.2222222222222222	0.16666666666666666	0.0015	0.2857142857142857	0.25	0.0	0.0	0.0	0.25	
Caspian Tern	0.0	0.0	0.0	0.0	0.0	0.0	0.0	0.0	0.0	0.0	0.0	0.0	0.0	0.0	0.16666666666666666	0.0	0.0	0.0	0.0	0.0	0.0	0.0	0.16666666666666666	0.0	0.0	0.1	0.0	0.16666666666666666	0.1111111111111111	0.0	0.0	0.09090909090909091	0.0	0.0	0.0	0.0	0.0	0.0	0.0	0.0	0.0	0.0	0.0	0.0	0.0	0.0	0.0	0.0	
Elegant Tern	0.0	0.0	0.0	0.0	0.0	0.0	0.0	0.0	0.0	0.0	0.0	0.0	0.0	0.0	0.0	0.0	0.0	0.0	0.0	0.0	0.0	0.0	0.0	0.0	0.0	0.0	0.0	0.0	0.0	0.0	0.0	0.09090909090909091	0.0	0.0	0.0	0.0	0.0	0.0	0.0	0.0	0.0	0.0	0.0	0.0	0.0	0.0	0.0	0.0	
Red-throated Loon	0.6666666666666666	0.1111111111111111	0.2	0.09090909090909091	0.14285714285714285	0.125	0.18181818181818182	0.18181818181818182	0.5	0.0	0.2857142857142857	0.058823529411764705	0.375	0.0	0.0	0.125	0.0	0.0	0.0	0.0	0.0	0.0	0.16666666666666666	0.0	0.0	0.0	0.25	0.08333333333333333	0.0	0.0	0.0	0.0	0.0	0.15384615384615385	0.0015	0.3333333333333333	0.42857142857142855	0.2222222222222222	0.0	0.0	0.5	0.5714285714285714	0.42857142857142855	0.625	0.0	0.6666666666666666	0.3333333333333333	0.125	
Pacific Loon	0.0	0.3333333333333333	0.2	0.36363636363636365	0.42857142857142855	0.125	0.5454545454545454	0.5454545454545454	0.1	0.0	0.2857142857142857	0.058823529411764705	0.25	0.3333333333333333	0.3333333333333333	0.125	0.3333333333333333	0.16666666666666666	0.0	0.0	0.0	0.0	0.16666666666666666	0.0	0.0	0.0	0.25	0.0	0.0	0.14285714285714285	0.0	0.18181818181818182	0.16666666666666666	0.15384615384615385	0.2	0.16666666666666666	0.42857142857142855	0.6666666666666666	0.75	0.7777777777777778	0.3333333333333333	0.5714285714285714	0.5714285714285714	0.375	0.5	0.6666666666666666	0.6666666666666666	0.625	
Common Loon	0.3333333333333333	0.7777777777777778	0.6	0.8181818181818182	0.5714285714285714	0.625	0.5454545454545454	0.9090909090909091	0.9	0.6666666666666666	0.6190476190476191	0.5294117647058824	0.875	0.5	0.5	0.5	1.0	0.5	0.0	0.0	0.0	0.09090909090909091	0.0	0.0	0.0015	0.0015	0.25	0.0	0.1111111111111111	0.14285714285714285	0.0	0.18181818181818182	0.16666666666666666	0.5384615384615384	0.4	0.5	0.7142857142857143	0.7777777777777778	0.75	0.8888888888888888	0.8333333333333334	0.5714285714285714	0.5714285714285714	0.625	0.5	1.0	0.6666666666666666	0.625	
Yellow-billed Loon	0.0	0.0	0.0	0.0	0.0	0.0	0.18181818181818182	0.0	0.0	0.0	0.0	0.0	0.0	0.0	0.0	0.0	0.0	0.0	0.0	0.0	0.0	0.0	0.0	0.0	0.0	0.0	0.0	0.0	0.0	0.0	0.0	0.0	0.0	0.0	0.0	0.0	0.0	0.0	0.0	0.0	0.0	0.0	0.0	0.0	0.0	0.0	0.0	0.0	
loon sp.	0.0	0.0	0.0	0.09090909090909091	0.0	0.0	0.0	0.18181818181818182	0.0	0.0	0.0	0.0	0.0	0.0	0.0	0.0	0.0	0.0	0.0	0.0	0.0	0.0	0.0	0.0	0.0	0.0015	0.0	0.08333333333333333	0.0	0.0	0.07142857142857142	0.0	0.16666666666666666	0.0	0.0	0.0	0.0	0.1111111111111111	0.0	0.0	0.0	0.0	0.0	0.25	0.0	0.0	0.0	0.0	
Sooty Shearwater	0.0	0.0	0.0	0.0	0.0	0.0	0.0	0.0	0.0	0.0	0.0	0.0	0.0	0.0	0.0	0.0	0.0	0.0	0.0	0.0	0.0	0.0	0.0	0.0	0.0	0.0	0.0015	0.0	0.0	0.0	0.0	0.0	0.0	0.0	0.0	0.0	0.0	0.0	0.0	0.0	0.0	0.0	0.0	0.0	0.0	0.0	0.0	0.0	
Brandt's Cormorant	0.3333333333333333	0.1111111111111111	0.4	0.2727272727272727	0.2857142857142857	0.5	0.09090909090909091	0.09090909090909091	0.2	0.6666666666666666	0.38095238095238093	0.29411764705882354	0.25	0.16666666666666666	0.3333333333333333	0.0015	0.3333333333333333	0.3333333333333333	0.0	0.0	0.0	0.09090909090909091	0.0	0.16666666666666666	0.0	0.1	0.0	0.0	0.1111111111111111	0.0	0.21428571428571427	0.18181818181818182	0.16666666666666666	0.15384615384615385	0.3	0.16666666666666666	0.0	0.3333333333333333	0.0	0.2222222222222222	0.0	0.42857142857142855	0.0	0.25	0.5	0.0	0.16666666666666666	0.125	
Pelagic Cormorant	1.0	1.0	0.4	0.5454545454545454	1.0	0.75	0.7272727272727273	0.5454545454545454	0.9	1.0	0.5714285714285714	0.4117647058823529	0.875	1.0	0.6666666666666666	0.5	1.0	0.8333333333333334	1.0	0.14285714285714285	0.0	0.2727272727272727	0.5	0.5	0.5	0.6	0.25	0.5	0.6666666666666666	0.2857142857142857	0.35714285714285715	0.09090909090909091	0.5	0.46153846153846156	0.5	0.6666666666666666	0.7142857142857143	0.6666666666666666	0.25	0.8888888888888888	0.6666666666666666	0.7142857142857143	1.0	0.875	0.5	1.0	0.8333333333333334	0.625	
Double-crested Cormorant	0.3333333333333333	0.8888888888888888	1.0	0.8181818181818182	1.0	0.875	0.8181818181818182	0.7272727272727273	0.7	1.0	0.6190476190476191	0.5882352941176471	0.5	0.5	0.16666666666666666	0.0	0.6666666666666666	0.16666666666666666	0.0	0.0	0.0	0.0	0.0	0.0	0.0	0.2	0.0	0.0015	0.0	0.0	0.0	0.09090909090909091	0.0	0.15384615384615385	0.2	0.3333333333333333	0.42857142857142855	0.8888888888888888	0.5	1.0	0.8333333333333334	0.7142857142857143	1.0	0.875	0.5	1.0	1.0	0.625	
cormorant sp.	0.0	0.0	0.0	0.18181818181818182	0.0	0.125	0.0	0.18181818181818182	0.0	0.0	0.0	0.11764705882352941	0.0	0.3333333333333333	0.0	0.0	0.0	0.0	0.0	0.0	0.0	0.0	0.16666666666666666	0.0	0.16666666666666666	0.0015	0.0	0.08333333333333333	0.0	0.0	0.14285714285714285	0.09090909090909091	0.16666666666666666	0.07692307692307693	0.1	0.16666666666666666	0.0	0.0	0.0	0.1111111111111111	0.16666666666666666	0.0	0.14285714285714285	0.0	0.0	0.0	0.0	0.0	
Brown Pelican	0.0	0.0	0.0	0.0	0.0	0.0	0.0	0.0	0.0	0.0	0.0	0.0	0.0	0.0	0.0	0.0	0.0	0.0	0.0	0.0	0.0	0.0	0.0	0.0	0.0	0.0	0.0	0.0	0.0	0.0	0.0	0.09090909090909091	0.16666666666666666	0.0	0.0	0.0	0.0015	0.0	0.0	0.0	0.0	0.0	0.0	0.0	0.0	0.0	0.0	0.0	
Great Blue Heron	0.3333333333333333	0.3333333333333333	0.6	0.36363636363636365	0.2857142857142857	0.375	0.36363636363636365	0.2727272727272727	0.4	0.6666666666666666	0.14285714285714285	0.058823529411764705	0.0	0.0	0.0	0.0	0.0015	0.16666666666666666	0.0	0.0	0.0	0.18181818181818182	0.0	0.0	0.16666666666666666	0.3	0.25	0.25	0.4444444444444444	0.0015	0.14285714285714285	0.5454545454545454	0.5	0.5384615384615384	0.8	0.3333333333333333	0.5714285714285714	0.5555555555555556	0.0	0.7777777777777778	0.6666666666666666	0.7142857142857143	0.8571428571428571	0.625	0.5	0.6666666666666666	0.6666666666666666	0.375	
Green Heron	0.0	0.0	0.0	0.0	0.0	0.0	0.0	0.0	0.0	0.0	0.0	0.0	0.0	0.0	0.0	0.0	0.0	0.0	0.0	0.0	0.0	0.0	0.0	0.0	0.0	0.0	0.0	0.0	0.0	0.0	0.0	0.0	0.0	0.07692307692307693	0.0	0.0	0.0	0.0	0.0	0.0	0.0	0.0	0.0	0.0	0.0	0.0	0.0	0.0	
Turkey Vulture	0.0	0.0	0.0	0.09090909090909091	0.0	0.0	0.09090909090909091	0.0	0.1	0.3333333333333333	0.23809523809523808	0.058823529411764705	0.125	0.5	0.0	0.25	0.0015	0.16666666666666666	0.5	0.14285714285714285	0.25	0.0015	0.16666666666666666	0.0	0.16666666666666666	0.2	0.25	0.16666666666666666	0.1111111111111111	0.0	0.0	0.0	0.0	0.07692307692307693	0.2	0.16666666666666666	0.2857142857142857	0.0	0.0	0.0	0.0	0.0	0.0	0.0	0.0	0.0	0.0	0.0	
Osprey	0.0	0.0	0.0	0.0	0.0	0.0	0.0	0.0	0.0	0.0	0.0	0.0	0.0	0.0	0.0	0.0	0.0	0.16666666666666666	0.0	0.0	0.0	0.0015	0.0	0.0	0.0	0.1	0.0	0.0015	0.0	0.0015	0.0	0.0	0.0	0.0	0.0	0.0	0.0	0.0	0.25	0.0	0.0	0.0	0.0	0.0	0.0	0.0	0.0	0.0	
Northern Harrier	0.0	0.0	0.0	0.0	0.0	0.0	0.0	0.0	0.1	0.0	0.0	0.0	0.0	0.0	0.0	0.0	0.0	0.0	0.0	0.0	0.0	0.0	0.0	0.0	0.0	0.0	0.0	0.0	0.0	0.0015	0.0	0.0	0.0	0.0	0.0	0.0	0.0	0.0	0.0	0.0	0.0	0.0	0.0	0.0	0.0	0.0	0.0	0.0	
Sharp-shinned Hawk	0.0	0.0	0.0	0.0	0.14285714285714285	0.0	0.0	0.0	0.0	0.0	0.0	0.0	0.0015	0.0	0.0	0.0	0.0	0.0	0.0	0.0	0.0	0.0	0.0	0.0	0.0	0.0	0.0	0.0	0.0	0.0	0.0	0.09090909090909091	0.0	0.0	0.0	0.0	0.14285714285714285	0.0	0.0	0.0	0.0	0.0	0.0	0.0	0.0	0.0	0.0	0.125	
Cooper's Hawk	0.0	0.0	0.0	0.0	0.0	0.0	0.09090909090909091	0.0	0.0	0.0	0.0	0.0	0.0	0.0	0.0	0.0	0.0	0.0	0.0	0.0	0.0	0.0	0.0	0.0	0.0	0.0	0.0	0.0	0.0	0.0	0.0	0.09090909090909091	0.0	0.0	0.0	0.0	0.14285714285714285	0.0	0.0	0.0	0.3333333333333333	0.0	0.0	0.0	0.0	0.0	0.0	0.0	
Bald Eagle	0.6666666666666666	0.6666666666666666	0.8	0.5454545454545454	1.0	0.75	0.7272727272727273	0.8181818181818182	0.9	1.0	0.5238095238095238	0.5294117647058824	0.75	0.3333333333333333	0.5	0.75	0.6666666666666666	0.5	0.0	0.5714285714285714	0.75	0.2727272727272727	0.5	0.5	0.3333333333333333	0.8	0.5	0.5	0.4444444444444444	0.7142857142857143	0.14285714285714285	0.09090909090909091	0.0	0.0	0.1	0.16666666666666666	0.2857142857142857	0.4444444444444444	0.75	0.5555555555555556	0.16666666666666666	0.5714285714285714	0.7142857142857143	0.625	0.0	0.3333333333333333	0.5	0.5	
Red-tailed Hawk	0.0	0.1111111111111111	0.0	0.18181818181818182	0.0	0.0	0.09090909090909091	0.09090909090909091	0.3	0.3333333333333333	0.2857142857142857	0.11764705882352941	0.125	0.0	0.0	0.375	0.0	0.16666666666666666	0.0	0.0	0.0	0.0	0.0	0.0	0.16666666666666666	0.0	0.0	0.08333333333333333	0.0	0.0	0.07142857142857142	0.0	0.0	0.07692307692307693	0.0	0.0	0.2857142857142857	0.0	0.25	0.0	0.0	0.14285714285714285	0.14285714285714285	0.0	0.0	0.0	0.0	0.0	
Short-eared Owl	0.0	0.0	0.0	0.0	0.0	0.125	0.0	0.0	0.0	0.0	0.0	0.0	0.0	0.0	0.0	0.0	0.0	0.0	0.0	0.0	0.0	0.0	0.0	0.0	0.0	0.0	0.0	0.0	0.0	0.0	0.0	0.0	0.0	0.0	0.0	0.0	0.0	0.0	0.0	0.0	0.0	0.0	0.0	0.0	0.0	0.0	0.0	0.0	
Northern Saw-whet Owl	0.0	0.0	0.0	0.0	0.0	0.0	0.0	0.0	0.0	0.0	0.047619047619047616	0.0	0.0	0.0	0.0	0.0	0.0	0.0	0.0	0.0	0.0	0.0	0.0	0.0	0.0	0.0	0.0	0.0	0.0	0.0	0.0	0.0	0.0	0.0	0.0	0.0	0.0	0.0	0.0	0.0	0.0	0.0	0.0	0.0	0.0	0.0	0.0	0.0	
Belted Kingfisher	0.6666666666666666	0.2222222222222222	0.2	0.36363636363636365	0.2857142857142857	0.25	0.2727272727272727	0.2727272727272727	0.5	0.3333333333333333	0.19047619047619047	0.29411764705882354	0.5	0.3333333333333333	0.16666666666666666	0.5	0.3333333333333333	0.16666666666666666	0.0	0.0	0.5	0.09090909090909091	0.16666666666666666	0.5	0.0	0.6	0.25	0.16666666666666666	0.4444444444444444	0.42857142857142855	0.42857142857142855	0.36363636363636365	0.5	0.46153846153846156	0.3	0.3333333333333333	0.2857142857142857	0.3333333333333333	0.5	0.7777777777777778	0.8333333333333334	0.14285714285714285	0.42857142857142855	0.75	0.5	0.0	0.16666666666666666	0.375	
Red-breasted Sapsucker	0.0	0.2222222222222222	0.0	0.0	0.0	0.0	0.0	0.09090909090909091	0.3	0.0	0.09523809523809523	0.17647058823529413	0.0	0.0	0.0	0.125	0.0	0.3333333333333333	0.0015	0.0	0.25	0.0	0.0	0.0	0.0	0.0	0.0	0.0	0.0	0.0	0.0	0.0	0.0	0.0	0.0	0.16666666666666666	0.0	0.0	0.0	0.1111111111111111	0.0	0.2857142857142857	0.0	0.0	0.0	0.0	0.16666666666666666	0.0	
sapsucker sp.	0.0	0.1111111111111111	0.0	0.0	0.0	0.0	0.0	0.0	0.0	0.0	0.0	0.0	0.0	0.0	0.0	0.0	0.0	0.0	0.0	0.0	0.0	0.0	0.0	0.0	0.0	0.0	0.0	0.0	0.0	0.0	0.0	0.0	0.0	0.0	0.0	0.0	0.0	0.0	0.0	0.0	0.0	0.0	0.0	0.0	0.0	0.0	0.0	0.0	
Downy Woodpecker	0.0	0.1111111111111111	0.0	0.09090909090909091	0.0	0.0	0.09090909090909091	0.0	0.0	0.0	0.0	0.11764705882352941	0.0	0.5	0.0	0.0	0.0	0.0	0.0	0.0	0.0	0.0	0.0	0.0	0.0	0.0	0.0	0.08333333333333333	0.0	0.0015	0.0	0.0	0.16666666666666666	0.07692307692307693	0.1	0.0	0.14285714285714285	0.1111111111111111	0.0	0.1111111111111111	0.0	0.0	0.0	0.0	0.0	0.0	0.16666666666666666	0.0	
Hairy Woodpecker	0.0	0.2222222222222222	0.0	0.09090909090909091	0.14285714285714285	0.0	0.09090909090909091	0.0	0.2	0.0	0.0	0.0	0.0	0.0	0.0	0.125	0.0	0.0	0.0	0.0	0.0	0.0	0.0	0.0	0.0	0.1	0.0	0.08333333333333333	0.0	0.0	0.0	0.09090909090909091	0.0	0.07692307692307693	0.1	0.16666666666666666	0.14285714285714285	0.0	0.25	0.0	0.3333333333333333	0.0	0.0	0.0	0.0	0.3333333333333333	0.0	0.0	
Pileated Woodpecker	0.0	0.0	0.0	0.0	0.0	0.0	0.0	0.0	0.1	0.0	0.0	0.0	0.0	0.0	0.0	0.0	0.0	0.0	0.0	0.0	0.0	0.0	0.16666666666666666	0.0	0.0	0.0	0.0	0.0	0.0	0.0	0.0	0.0	0.0	0.0	0.0	0.0	0.0	0.0	0.0	0.0	0.0	0.0	0.0	0.0	0.0	0.0	0.0	0.0	
Northern Flicker	0.0	0.4444444444444444	0.0	0.2727272727272727	0.0	0.375	0.2727272727272727	0.18181818181818182	0.4	0.3333333333333333	0.09523809523809523	0.4117647058823529	0.375	0.0	0.0	0.0	0.0	0.16666666666666666	0.0	0.0	0.0	0.0	0.0	0.0	0.0	0.0	0.0	0.16666666666666666	0.3333333333333333	0.0	0.0	0.0	0.0	0.0015	0.2	0.3333333333333333	0.42857142857142855	0.1111111111111111	0.25	0.2222222222222222	0.3333333333333333	0.5714285714285714	0.2857142857142857	0.0	1.0	0.3333333333333333	0.16666666666666666	0.375	
woodpecker sp.	0.0	0.0	0.0	0.0	0.0	0.125	0.0	0.0	0.1	0.0	0.0	0.0	0.0	0.0	0.0	0.0	0.0	0.0	0.0	0.0	0.0	0.0	0.0	0.0	0.0	0.0	0.0	0.0	0.1111111111111111	0.0	0.0	0.0	0.0	0.0	0.0	0.0	0.0	0.0	0.0	0.0	0.0	0.0	0.0	0.0	0.0	0.0	0.0	0.0	
American Kestrel	0.0	0.0	0.0	0.0	0.0	0.0	0.0	0.0	0.0	0.0	0.0	0.0	0.0	0.0	0.0	0.0	0.0	0.0	0.0	0.0	0.25	0.0	0.0	0.0	0.0	0.0	0.0	0.08333333333333333	0.0	0.0	0.0	0.0	0.0	0.0	0.0	0.0	0.0	0.0	0.0	0.0	0.0	0.0	0.0	0.0	0.0	0.0	0.0	0.0	
Merlin	0.0	0.1111111111111111	0.0	0.0	0.0	0.0	0.0	0.0	0.0	0.0	0.047619047619047616	0.058823529411764705	0.0	0.0	0.0	0.0	0.0	0.0	0.0	0.0	0.0015	0.09090909090909091	0.0	0.0	0.0	0.0	0.0	0.0	0.0	0.0	0.07142857142857142	0.0	0.0	0.0	0.0	0.0	0.0	0.0	0.0	0.0	0.0	0.0	0.0	0.0	0.0	0.0	0.0	0.125	
Peregrine Falcon	0.0	0.0	0.0	0.0	0.0	0.0	0.0	0.0	0.0	0.0	0.047619047619047616	0.0	0.0	0.0	0.16666666666666666	0.0	0.0	0.0	0.0	0.14285714285714285	0.0	0.0	0.0	0.0	0.0	0.0	0.0	0.0	0.0	0.0	0.07142857142857142	0.0	0.0	0.07692307692307693	0.1	0.0	0.0	0.0	0.0	0.0	0.0	0.0	0.0	0.125	0.0	0.0	0.0	0.0	
Olive-sided Flycatcher	0.0	0.0	0.0	0.0	0.0	0.0	0.0	0.0	0.0	0.0	0.0	0.0	0.0	0.0	0.0	0.0	0.0	0.0	0.0	0.0	0.0	0.18181818181818182	0.0	0.0	0.0	0.0	0.0	0.0	0.0	0.0	0.0	0.0	0.0	0.0	0.0	0.0	0.0	0.0	0.0	0.0	0.0	0.0	0.0	0.0	0.0	0.0	0.0	0.0	
Willow Flycatcher	0.0	0.0	0.0	0.0	0.0	0.0	0.0	0.0	0.0	0.0	0.0	0.0	0.0	0.0	0.0	0.0	0.0	0.0	0.0	0.0	0.0	0.0	0.0	0.0	0.0	0.0	0.0	0.08333333333333333	0.0	0.0	0.0	0.0	0.0	0.0	0.0	0.0	0.0	0.0	0.0	0.0	0.0	0.0	0.0	0.0	0.0	0.0	0.0	0.0	
Hammond's Flycatcher	0.0	0.0	0.0	0.0	0.0	0.0	0.0	0.0	0.0	0.0	0.0	0.0	0.0	0.0	0.0	0.125	0.0	0.0	0.0	0.14285714285714285	0.0	0.0	0.0	0.16666666666666666	0.0	0.0	0.0	0.08333333333333333	0.0	0.0	0.0	0.0	0.0	0.0	0.0	0.0	0.0	0.0	0.0	0.0	0.0	0.0	0.0	0.0	0.0	0.0	0.0	0.0	
Pacific-slope Flycatcher	0.0	0.0	0.0	0.0	0.0	0.0	0.0	0.0	0.0	0.0	0.0	0.0	0.0	0.0	0.0	0.125	0.0	0.5	0.5	0.2857142857142857	0.0	0.18181818181818182	0.16666666666666666	0.3333333333333333	0.5	0.4	0.0	0.4166666666666667	0.1111111111111111	0.14285714285714285	0.0	0.0	0.0	0.0	0.0	0.0	0.0	0.0	0.0	0.0	0.0	0.0	0.0	0.0	0.0	0.0	0.0	0.0	
Hutton's Vireo	0.0	0.0	0.0	0.0	0.0	0.0	0.0	0.0	0.1	0.0	0.0	0.058823529411764705	0.125	0.0	0.0	0.0	0.0	0.16666666666666666	0.0	0.0	0.0	0.0	0.0	0.0	0.0	0.1	0.0	0.08333333333333333	0.0	0.0	0.07142857142857142	0.0	0.0	0.0	0.0	0.0	0.0	0.1111111111111111	0.0	0.0	0.0	0.14285714285714285	0.0	0.0	0.0	0.0	0.0	0.0	
Cassin's Vireo	0.0	0.0	0.0	0.0	0.0	0.0	0.0	0.0	0.0	0.0	0.0	0.0	0.0	0.0	0.0	0.0	0.0	0.16666666666666666	0.0	0.0	0.0	0.0	0.0	0.0	0.0	0.0	0.0	0.0	0.0	0.0	0.0	0.0	0.0	0.0	0.0	0.0	0.0	0.0	0.0	0.0	0.0	0.0	0.0	0.0	0.0	0.0	0.0	0.0	
Warbling Vireo	0.0	0.0	0.0	0.0	0.0	0.0	0.0	0.0	0.0	0.0	0.0	0.0	0.0	0.0	0.0	0.25	0.0	0.0	0.0	0.0	0.0	0.18181818181818182	0.0	0.0	0.16666666666666666	0.0	0.0	0.0	0.0	0.0	0.0	0.0	0.0	0.0	0.0	0.0	0.0	0.0	0.0	0.0	0.0	0.0	0.0	0.0	0.0	0.0	0.0	0.0	
Canada Jay	0.0	0.0	0.0	0.09090909090909091	0.0	0.0	0.09090909090909091	0.0	0.1	0.0	0.0	0.0	0.0	0.0	0.0	0.0	0.0	0.0	0.0	0.0	0.0	0.0	0.0	0.0	0.0	0.0	0.0	0.0	0.0	0.0	0.0015	0.0	0.0	0.0	0.1	0.0	0.0	0.0	0.0	0.0	0.0	0.0	0.0	0.0	0.0	0.0	0.0	0.0	
Steller's Jay	0.0	0.2222222222222222	0.0	0.18181818181818182	0.0	0.25	0.18181818181818182	0.18181818181818182	0.4	0.6666666666666666	0.23809523809523808	0.23529411764705882	0.125	0.16666666666666666	0.16666666666666666	0.625	0.0015	0.16666666666666666	0.0	0.14285714285714285	0.25	0.0015	0.16666666666666666	0.0	0.16666666666666666	0.2	0.0	0.25	0.0	0.14285714285714285	0.2857142857142857	0.18181818181818182	0.5	0.23076923076923078	0.2	0.5	0.2857142857142857	0.1111111111111111	0.25	0.2222222222222222	0.16666666666666666	0.14285714285714285	0.14285714285714285	0.125	0.0	0.6666666666666666	0.0	0.125	
California Scrub-Jay	0.0	0.0	0.0	0.0	0.0	0.0	0.0	0.0	0.0	0.0	0.0	0.0	0.0	0.0	0.0	0.0	0.0	0.0	0.0	0.0	0.0	0.0	0.0	0.0	0.0	0.0	0.0	0.0	0.0	0.0	0.0	0.0	0.0	0.0	0.0	0.0	0.0	0.0	0.0	0.0	0.0	0.0015	0.0	0.0	0.0	0.0	0.0	0.0	
American Crow	0.3333333333333333	0.1111111111111111	0.2	0.18181818181818182	0.2857142857142857	0.25	0.2727272727272727	0.18181818181818182	0.1	0.0	0.47619047619047616	0.35294117647058826	0.75	0.16666666666666666	0.6666666666666666	0.25	0.3333333333333333	0.3333333333333333	0.0	0.14285714285714285	0.0	0.18181818181818182	0.5	0.3333333333333333	0.16666666666666666	0.4	0.0	0.16666666666666666	0.1111111111111111	0.2857142857142857	0.14285714285714285	0.2727272727272727	0.5	0.07692307692307693	0.2	0.16666666666666666	0.14285714285714285	0.3333333333333333	0.0	0.4444444444444444	0.3333333333333333	0.5714285714285714	0.14285714285714285	0.125	0.0	0.0	0.3333333333333333	0.125	
Northwestern Crow	0.3333333333333333	0.0	0.0	0.09090909090909091	0.0	0.0	0.09090909090909091	0.18181818181818182	0.3	0.3333333333333333	0.19047619047619047	0.35294117647058826	0.25	0.3333333333333333	0.0	0.375	0.6666666666666666	0.6666666666666666	0.0	0.14285714285714285	0.5	0.18181818181818182	0.0	0.16666666666666666	0.3333333333333333	0.4	0.25	0.4166666666666667	0.5555555555555556	0.14285714285714285	0.14285714285714285	0.18181818181818182	0.16666666666666666	0.23076923076923078	0.4	0.5	0.14285714285714285	0.1111111111111111	0.25	0.1111111111111111	0.3333333333333333	0.0015	0.42857142857142855	0.25	0.0	0.6666666666666666	0.0	0.125	
American/Northwestern Crow	0.0	0.4444444444444444	0.2	0.2727272727272727	0.42857142857142855	0.25	0.45454545454545453	0.36363636363636365	0.6	0.6666666666666666	0.3333333333333333	0.23529411764705882	0.0015	0.16666666666666666	0.16666666666666666	0.375	0.0015	0.0	0.5	0.42857142857142855	0.5	0.18181818181818182	0.3333333333333333	0.3333333333333333	0.16666666666666666	0.3	0.5	0.4166666666666667	0.4444444444444444	0.14285714285714285	0.14285714285714285	0.2727272727272727	0.16666666666666666	0.15384615384615385	0.2	0.16666666666666666	0.14285714285714285	0.2222222222222222	0.25	0.3333333333333333	0.0	0.2857142857142857	0.14285714285714285	0.375	0.0	0.3333333333333333	0.3333333333333333	0.25	
Common Raven	0.0	0.4444444444444444	0.0	0.18181818181818182	0.14285714285714285	0.125	0.36363636363636365	0.18181818181818182	0.4	0.6666666666666666	0.23809523809523808	0.35294117647058826	0.125	0.0	0.0	0.375	0.0	0.0	0.0	0.2857142857142857	0.0	0.0	0.0	0.3333333333333333	0.0	0.3	0.0	0.16666666666666666	0.1111111111111111	0.0	0.35714285714285715	0.2727272727272727	0.0	0.15384615384615385	0.0	0.3333333333333333	0.2857142857142857	0.1111111111111111	0.25	0.2222222222222222	0.0	0.14285714285714285	0.42857142857142855	0.125	0.5	0.0	0.0	0.375	
crow/raven sp.	0.0	0.0	0.2	0.0	0.0	0.0	0.0	0.0	0.0	0.0	0.0	0.0	0.0	0.0	0.0	0.0	0.0	0.0	0.0	0.0	0.0	0.0	0.0	0.0	0.0	0.0	0.0	0.0	0.0	0.0	0.0	0.0	0.0	0.0	0.0	0.0	0.0	0.0	0.0	0.0	0.0	0.0	0.0	0.0	0.0	0.0	0.0	0.0	
Northern Rough-winged Swallow	0.0	0.0	0.0	0.0	0.0	0.0	0.0	0.0	0.0	0.0	0.0	0.0	0.0	0.0	0.0	0.125	0.0	0.16666666666666666	0.0	0.0	0.0	0.36363636363636365	0.3333333333333333	0.16666666666666666	0.16666666666666666	0.5	0.25	0.25	0.2222222222222222	0.2857142857142857	0.07142857142857142	0.0	0.0	0.0	0.0	0.0	0.0	0.0	0.0	0.0	0.0	0.0	0.0	0.0	0.0	0.0	0.0	0.0	
Purple Martin	0.0	0.0	0.0	0.0	0.0	0.0	0.0	0.0	0.0	0.0	0.0	0.0	0.0	0.0	0.0	0.0	0.0	0.0	0.0	0.0	0.0	0.0	0.0	0.0	0.0	0.0	0.0	0.0	0.0	0.14285714285714285	0.0	0.0	0.0	0.0	0.0	0.0	0.0	0.0	0.0	0.0	0.0	0.0	0.0	0.0	0.0	0.0	0.0	0.0	
Tree Swallow	0.0	0.0	0.0	0.0	0.0	0.0	0.0	0.0	0.0	0.0	0.047619047619047616	0.0	0.0	0.16666666666666666	0.0	0.0	0.0	0.0	0.0	0.0	0.0	0.18181818181818182	0.0	0.0	0.0015	0.0	0.0	0.0	0.0	0.0	0.14285714285714285	0.0	0.0	0.0	0.0	0.0	0.0	0.0	0.0	0.0	0.0	0.0	0.0	0.0	0.0	0.0	0.0	0.0	
Violet-green Swallow	0.0	0.0	0.0	0.0	0.0	0.0	0.0	0.0	0.0	0.0	0.047619047619047616	0.058823529411764705	0.0	0.0	0.0	0.5	0.0	0.3333333333333333	0.0	0.42857142857142855	0.5	0.09090909090909091	0.16666666666666666	0.3333333333333333	0.3333333333333333	0.3	0.25	0.08333333333333333	0.0	0.14285714285714285	0.21428571428571427	0.18181818181818182	0.3333333333333333	0.07692307692307693	0.1	0.0	0.0	0.0	0.0	0.0	0.0	0.0	0.0	0.0	0.0	0.0	0.0	0.0	
Tree/Violet-green Swallow	0.0	0.0	0.0	0.0	0.0	0.0	0.0	0.0	0.0	0.0	0.0	0.0	0.0	0.0	0.0	0.125	0.0	0.0	0.0	0.0	0.0	0.0	0.0	0.0	0.0	0.0	0.0	0.0	0.0	0.0	0.0	0.0	0.0	0.0	0.0	0.0	0.0	0.0	0.0	0.0	0.0	0.0	0.0	0.0	0.0	0.0	0.0	0.0	
Barn Swallow	0.0	0.0	0.0	0.0	0.0	0.0	0.0	0.0	0.0	0.0	0.0	0.0	0.0	0.16666666666666666	0.0	0.375	0.0	0.16666666666666666	0.5	0.7142857142857143	0.5	0.18181818181818182	0.3333333333333333	0.3333333333333333	0.3333333333333333	0.5	0.25	0.3333333333333333	0.6666666666666666	0.5714285714285714	0.35714285714285715	0.45454545454545453	0.5	0.0	0.0	0.0	0.0	0.0	0.0	0.0	0.0	0.0	0.0	0.0	0.0	0.0	0.0	0.0	
Cliff Swallow	0.0	0.0	0.0	0.0	0.0	0.0	0.0	0.0	0.0	0.0	0.0	0.0	0.0	0.0	0.0	0.0	0.0	0.0	0.0	0.0	0.0	0.0	0.0	0.16666666666666666	0.0	0.1	0.0	0.08333333333333333	0.0	0.14285714285714285	0.14285714285714285	0.0	0.0	0.0	0.0	0.0	0.0	0.0	0.0	0.0	0.0	0.0	0.0	0.0	0.0	0.0	0.0	0.0	
swallow sp.	0.0	0.0	0.0	0.0	0.0	0.0	0.0	0.0	0.0	0.0	0.0	0.0	0.0	0.0	0.0	0.0	0.0	0.0	0.0	0.0	0.0	0.09090909090909091	0.0	0.0	0.0	0.0	0.0	0.0	0.0	0.0	0.0	0.0	0.16666666666666666	0.0	0.0	0.0	0.0	0.0	0.0	0.0	0.0	0.0	0.0	0.0	0.0	0.0	0.0	0.0	
Black-capped Chickadee	0.0	0.1111111111111111	0.0	0.0	0.42857142857142855	0.125	0.0	0.09090909090909091	0.1	0.0	0.047619047619047616	0.058823529411764705	0.125	0.16666666666666666	0.0	0.0	0.0	0.16666666666666666	0.0	0.0	0.0	0.0	0.0	0.0	0.0	0.0	0.0	0.08333333333333333	0.0	0.0015	0.07142857142857142	0.18181818181818182	0.0	0.0	0.5	0.16666666666666666	0.0015	0.1111111111111111	0.0	0.3333333333333333	0.5	0.14285714285714285	0.0	0.125	0.0	0.3333333333333333	0.16666666666666666	0.125	
Chestnut-backed Chickadee	0.3333333333333333	0.4444444444444444	0.2	0.5454545454545454	0.42857142857142855	0.125	0.45454545454545453	0.2727272727272727	0.7	0.3333333333333333	0.23809523809523808	0.5882352941176471	0.0	0.8333333333333334	0.16666666666666666	0.625	0.6666666666666666	0.5	0.5	0.0	0.0	0.09090909090909091	0.3333333333333333	0.3333333333333333	0.3333333333333333	0.4	0.25	0.75	0.4444444444444444	0.2857142857142857	0.2857142857142857	0.36363636363636365	0.16666666666666666	0.23076923076923078	0.3	0.3333333333333333	0.42857142857142855	0.3333333333333333	0.25	0.6666666666666666	0.3333333333333333	0.42857142857142855	0.42857142857142855	0.375	1.0	0.3333333333333333	0.5	0.375	
chickadee sp.	0.3333333333333333	0.0	0.0	0.0	0.0	0.0	0.0	0.0	0.0	0.0	0.0	0.0	0.0	0.0	0.0	0.0	0.0	0.0	0.0	0.0	0.0	0.0	0.0	0.0	0.0	0.0	0.0	0.0	0.0	0.0	0.0	0.0	0.0	0.0	0.0	0.0	0.0	0.1111111111111111	0.0	0.0	0.0	0.0	0.0	0.0	0.0	0.0	0.0	0.0	
Bushtit	0.0	0.1111111111111111	0.0	0.0	0.0	0.0	0.09090909090909091	0.0	0.0	0.0	0.0	0.11764705882352941	0.0	0.0	0.0	0.0	0.0	0.16666666666666666	0.0	0.0	0.0	0.0	0.0	0.0	0.0	0.0	0.0	0.16666666666666666	0.0	0.0	0.0	0.0	0.0	0.0	0.0	0.0	0.0	0.0	0.0	0.2222222222222222	0.0	0.2857142857142857	0.0	0.125	0.0	0.3333333333333333	0.16666666666666666	0.125	
Red-breasted Nuthatch	0.0	0.1111111111111111	0.0	0.0	0.0	0.0	0.0	0.0	0.1	0.3333333333333333	0.09523809523809523	0.058823529411764705	0.0	0.5	0.0	0.0	0.0	0.16666666666666666	0.0	0.0	0.0	0.0	0.0	0.0	0.16666666666666666	0.3	0.0	0.16666666666666666	0.1111111111111111	0.0	0.2857142857142857	0.09090909090909091	0.16666666666666666	0.07692307692307693	0.1	0.16666666666666666	0.14285714285714285	0.0	0.25	0.1111111111111111	0.16666666666666666	0.14285714285714285	0.14285714285714285	0.125	0.0	0.0	0.0	0.125	
Brown Creeper	0.0	0.2222222222222222	0.2	0.18181818181818182	0.2857142857142857	0.0	0.09090909090909091	0.0	0.3	0.3333333333333333	0.047619047619047616	0.17647058823529413	0.0	0.5	0.0	0.375	0.0	0.3333333333333333	0.0	0.0	0.0	0.2727272727272727	0.0	0.0	0.0	0.3	0.0	0.08333333333333333	0.1111111111111111	0.0015	0.21428571428571427	0.09090909090909091	0.0	0.15384615384615385	0.0	0.5	0.0	0.2222222222222222	0.25	0.3333333333333333	0.0	0.14285714285714285	0.42857142857142855	0.125	0.0	0.0	0.16666666666666666	0.25	
House Wren	0.0	0.0	0.0	0.0	0.0	0.0	0.0	0.0	0.0	0.0	0.0	0.0	0.0	0.0	0.0	0.125	0.0	0.16666666666666666	0.0	0.0	0.0	0.0	0.0	0.0	0.0	0.0	0.0	0.08333333333333333	0.0	0.0	0.0	0.0	0.0	0.0	0.0	0.0	0.0	0.0	0.0	0.0	0.0	0.0	0.0	0.0	0.0	0.0	0.0	0.0	
Pacific Wren	0.3333333333333333	0.5555555555555556	0.6	0.6363636363636364	0.42857142857142855	0.5	0.36363636363636365	0.45454545454545453	0.7	0.3333333333333333	0.5714285714285714	0.47058823529411764	0.5	0.3333333333333333	0.3333333333333333	0.5	0.6666666666666666	0.5	0.5	0.2857142857142857	0.25	0.18181818181818182	0.16666666666666666	0.3333333333333333	0.0	0.1	0.0	0.08333333333333333	0.0	0.14285714285714285	0.2857142857142857	0.0	0.0	0.07692307692307693	0.1	0.3333333333333333	0.5714285714285714	0.5555555555555556	0.5	0.7777777777777778	0.5	0.5714285714285714	0.8571428571428571	0.5	1.0	0.6666666666666666	1.0	0.625	
Marsh Wren	0.0	0.0	0.0	0.0	0.0	0.0	0.0	0.0	0.0	0.0	0.047619047619047616	0.0	0.0	0.0	0.0	0.0	0.0	0.0	0.0	0.0	0.0	0.0	0.0	0.0	0.0	0.0	0.0	0.0	0.0	0.0	0.0	0.0	0.0	0.0	0.0	0.0	0.0	0.0	0.0	0.0	0.0	0.0015	0.0	0.0	0.0	0.0	0.0	0.0	
Bewick's Wren	0.0	0.0	0.0	0.0	0.0	0.0	0.09090909090909091	0.0	0.0	0.0	0.0	0.0	0.0	0.0	0.0	0.0	0.0	0.16666666666666666	0.0	0.0	0.0	0.0	0.0	0.0	0.0	0.0	0.0	0.08333333333333333	0.0	0.0	0.0	0.0	0.0	0.0	0.0	0.0	0.0015	0.0	0.0	0.1111111111111111	0.0	0.0	0.14285714285714285	0.0	0.0	0.0	0.0	0.0	
wren sp.	0.0	0.0	0.0	0.0	0.0	0.0	0.0	0.0	0.0	0.0	0.0	0.0	0.0	0.0	0.0	0.0	0.0	0.0	0.0	0.0	0.0	0.0	0.0	0.0	0.0	0.0	0.0	0.0	0.0	0.0	0.0	0.0	0.0	0.0	0.0	0.0	0.0	0.1111111111111111	0.0	0.0	0.0	0.0	0.0	0.0	0.0	0.0	0.0	0.0	
American Dipper	0.0	0.0	0.0	0.09090909090909091	0.0	0.0	0.0	0.0	0.0	0.0	0.0	0.0	0.0	0.0	0.0	0.0	0.0	0.0	0.0	0.0	0.0	0.0	0.0	0.0	0.0	0.0	0.0	0.0	0.0	0.0	0.0	0.0	0.0	0.0	0.0	0.0	0.0	0.0	0.0	0.0	0.0	0.0	0.0	0.25	0.0	0.0	0.0	0.0	
Golden-crowned Kinglet	0.3333333333333333	0.5555555555555556	0.6	0.45454545454545453	0.5714285714285714	0.25	0.36363636363636365	0.2727272727272727	0.4	0.3333333333333333	0.38095238095238093	0.5882352941176471	0.0	0.0	0.16666666666666666	0.25	0.0015	0.16666666666666666	1.0	0.14285714285714285	0.0	0.09090909090909091	0.16666666666666666	0.16666666666666666	0.16666666666666666	0.3	0.0	0.08333333333333333	0.2222222222222222	0.14285714285714285	0.35714285714285715	0.09090909090909091	0.16666666666666666	0.38461538461538464	0.2	0.3333333333333333	0.2857142857142857	0.2222222222222222	0.25	0.7777777777777778	0.5	0.5714285714285714	0.42857142857142855	0.5	0.5	0.3333333333333333	0.3333333333333333	0.5	
Ruby-crowned Kinglet	0.3333333333333333	0.3333333333333333	0.8	0.5454545454545454	0.42857142857142855	0.375	0.36363636363636365	0.18181818181818182	0.6	0.0	0.2857142857142857	0.23529411764705882	0.25	0.16666666666666666	0.0	0.0	0.0	0.0	0.0	0.0	0.0	0.0	0.0	0.0	0.0	0.0	0.0	0.0	0.0	0.0	0.0	0.0	0.0	0.0	0.1	0.3333333333333333	0.0	0.1111111111111111	0.25	0.7777777777777778	0.6666666666666666	0.5714285714285714	0.5714285714285714	0.625	1.0	0.3333333333333333	0.8333333333333334	0.25	
Western Bluebird	0.0	0.0	0.0	0.0	0.0	0.0	0.0	0.0	0.1	0.0	0.0	0.0	0.0	0.0	0.0	0.0	0.0	0.0	0.0	0.0	0.0	0.0	0.0	0.0	0.0	0.0	0.0	0.0	0.0	0.0	0.0	0.0	0.0	0.0	0.0	0.0	0.0	0.0	0.0	0.0	0.0	0.0	0.0	0.0	0.0	0.0	0.0	0.0	
Townsend's Solitaire	0.0	0.0	0.0	0.0	0.0	0.0	0.0	0.0	0.0	0.0	0.047619047619047616	0.0	0.0	0.0	0.3333333333333333	0.0	0.0	0.0	0.0	0.0	0.0	0.0	0.0	0.0	0.0	0.0	0.0	0.0	0.0	0.0	0.0	0.0	0.0	0.0	0.0	0.0	0.0	0.0	0.0	0.0	0.0	0.0	0.0	0.0	0.0	0.0	0.0	0.0	
Varied Thrush	0.3333333333333333	0.5555555555555556	0.6	0.5454545454545454	0.0	0.5	0.2727272727272727	0.5454545454545454	0.5	0.3333333333333333	0.3333333333333333	0.47058823529411764	0.125	0.3333333333333333	0.3333333333333333	0.125	0.3333333333333333	0.0	0.0	0.0	0.0	0.0	0.0	0.0	0.0	0.0	0.0	0.0	0.0	0.0	0.0	0.09090909090909091	0.0	0.0	0.0	0.16666666666666666	0.0	0.0	0.0	0.1111111111111111	0.0	0.42857142857142855	0.5714285714285714	0.125	0.0	0.3333333333333333	0.5	0.25	
Swainson's Thrush	0.0	0.0	0.0	0.0	0.0	0.0	0.0	0.0	0.0	0.0	0.0	0.0	0.0	0.0	0.0	0.0	0.0	0.0	0.5	0.14285714285714285	0.0	0.2727272727272727	0.3333333333333333	0.3333333333333333	0.3333333333333333	0.6	0.0	0.25	0.0	0.0	0.0	0.0	0.0	0.0	0.0	0.0	0.0	0.0	0.0	0.0	0.0	0.0	0.0	0.0	0.0	0.0	0.0	0.0	
Hermit Thrush	0.3333333333333333	0.5555555555555556	0.2	0.09090909090909091	0.0	0.0	0.0	0.36363636363636365	0.0	0.3333333333333333	0.047619047619047616	0.058823529411764705	0.0	0.0	0.0	0.0	0.3333333333333333	0.3333333333333333	0.0	0.0	0.0	0.0	0.0	0.16666666666666666	0.0	0.0	0.0	0.0	0.0	0.0	0.0	0.0	0.0	0.0	0.0	0.0	0.0	0.0	0.0	0.0	0.0	0.2857142857142857	0.14285714285714285	0.125	0.0	0.0	0.3333333333333333	0.25	
Catharus sp.	0.0	0.0	0.0	0.0	0.0	0.0	0.0	0.0	0.0	0.0	0.0	0.0	0.0	0.0	0.0	0.0	0.0	0.0	0.0	0.0	0.0	0.0	0.0	0.0	0.0	0.0015	0.0	0.0	0.0	0.0	0.0	0.0	0.0	0.0	0.0	0.0	0.0	0.0	0.0	0.0	0.0	0.0	0.0	0.0	0.0	0.0	0.0	0.0	
American Robin	0.6666666666666666	0.3333333333333333	0.4	0.09090909090909091	0.2857142857142857	0.75	0.7272727272727273	0.45454545454545453	0.9	1.0	0.8571428571428571	0.7647058823529411	0.75	0.6666666666666666	1.0	0.875	1.0	0.8333333333333334	1.0	1.0	0.75	0.6363636363636364	0.5	1.0	0.5	0.6	0.5	0.75	0.4444444444444444	0.0015	0.07142857142857142	0.09090909090909091	0.0	0.07692307692307693	0.2	0.3333333333333333	0.14285714285714285	0.5555555555555556	0.25	0.2222222222222222	0.0	0.2857142857142857	0.7142857142857143	0.375	0.0	0.3333333333333333	0.3333333333333333	0.375	
European Starling	0.0	0.0	0.0	0.0	0.0	0.0	0.09090909090909091	0.0015	0.4	0.3333333333333333	0.14285714285714285	0.058823529411764705	0.0	0.16666666666666666	0.0	0.25	0.0	0.5	0.5	0.0	0.0	0.09090909090909091	0.16666666666666666	0.0	0.3333333333333333	0.2	0.0	0.08333333333333333	0.1111111111111111	0.0	0.07142857142857142	0.0	0.0	0.0	0.0	0.16666666666666666	0.14285714285714285	0.1111111111111111	0.0	0.1111111111111111	0.0	0.14285714285714285	0.14285714285714285	0.125	0.0	0.3333333333333333	0.16666666666666666	0.25	
American Pipit	0.0	0.0	0.0	0.0	0.0	0.0	0.0	0.0	0.0	0.0	0.0	0.0	0.0	0.0	0.0	0.0	0.0	0.0	0.0	0.0	0.0	0.0	0.0	0.0	0.0	0.0	0.0	0.0	0.1111111111111111	0.0	0.0	0.0	0.0	0.0	0.0	0.0	0.0	0.0	0.0	0.0	0.0	0.0	0.0	0.0	0.0	0.0	0.0	0.0	
Cedar Waxwing	0.0	0.0	0.0	0.0	0.0	0.0	0.0	0.0	0.0	0.0	0.0	0.0	0.0	0.0	0.0	0.0	0.0	0.0	0.0	0.0	0.0	0.0	0.0	0.3333333333333333	0.0	0.1	0.0	0.3333333333333333	0.1111111111111111	0.14285714285714285	0.07142857142857142	0.18181818181818182	0.16666666666666666	0.0	0.0	0.16666666666666666	0.14285714285714285	0.0	0.25	0.0	0.0	0.0	0.0	0.0	0.0	0.0	0.0	0.0	
Evening Grosbeak	0.0	0.1111111111111111	0.0	0.0	0.0	0.0	0.09090909090909091	0.0	0.0	0.0	0.0	0.058823529411764705	0.0	0.0	0.0	0.0	0.0	0.0	0.0	0.0	0.0	0.0	0.0	0.0	0.0	0.0	0.0	0.0	0.0	0.0	0.0	0.0	0.0	0.0	0.0	0.0	0.0	0.0	0.0	0.0	0.0	0.0	0.0	0.0	0.0	0.0	0.0	0.0	
Pine Grosbeak	0.0	0.0	0.0	0.0	0.0	0.0	0.09090909090909091	0.0	0.1	0.0	0.0	0.0	0.0	0.0	0.0	0.0	0.0	0.0	0.0	0.0	0.0	0.0	0.0	0.0	0.0	0.0	0.0	0.0	0.0	0.0	0.0	0.0	0.0	0.0	0.0	0.0	0.0	0.0	0.0	0.0	0.0	0.0	0.0	0.0	0.0	0.0	0.0	0.0	
House Finch	0.0	0.0	0.0	0.09090909090909091	0.0	0.0	0.0	0.0	0.0	0.0	0.047619047619047616	0.0	0.0	0.0	0.0	0.25	0.0015	0.16666666666666666	0.0	0.0	0.0	0.0	0.0	0.0	0.16666666666666666	0.0	0.0	0.0	0.1111111111111111	0.0	0.07142857142857142	0.0	0.0	0.0	0.0	0.0	0.14285714285714285	0.0	0.0	0.1111111111111111	0.0	0.0	0.0	0.125	0.0	0.0	0.0	0.0	
Purple Finch	0.0	0.0	0.0	0.0	0.0	0.0	0.18181818181818182	0.09090909090909091	0.0	0.0	0.0	0.058823529411764705	0.0	0.0	0.0	0.125	0.0	0.0	0.0	0.0	0.0	0.18181818181818182	0.0	0.0	0.0	0.1	0.0	0.0	0.0	0.0	0.0	0.0	0.0	0.0	0.0	0.0	0.0	0.0	0.0	0.1111111111111111	0.0	0.0015	0.0	0.0	0.0	0.0	0.0	0.0	
Common Redpoll	0.0	0.0	0.0	0.0	0.0	0.0	0.0	0.0	0.0	0.0	0.0	0.0	0.0	0.0	0.0	0.0	0.0	0.0	0.0	0.0	0.0	0.0	0.0	0.0	0.0	0.0	0.0	0.0	0.0	0.0	0.0	0.0	0.0	0.0	0.0	0.0	0.0	0.0	0.0	0.0	0.0	0.0	0.0	0.0	0.0	0.0	0.0	0.125	
Red Crossbill	0.0	0.0	0.0	0.0	0.0	0.0	0.0	0.0	0.0	0.0	0.0	0.0015	0.0	0.0	0.0	0.0	0.0	0.0	0.0	0.0	0.0	0.0	0.0	0.16666666666666666	0.16666666666666666	0.0	0.25	0.08333333333333333	0.0	0.0	0.14285714285714285	0.0	0.0	0.07692307692307693	0.1	0.0	0.14285714285714285	0.1111111111111111	0.0	0.2222222222222222	0.16666666666666666	0.14285714285714285	0.0	0.125	0.0	0.0	0.0	0.0	
Pine Siskin	0.0	0.3333333333333333	0.0	0.0	0.0	0.0	0.0	0.0	0.2	0.0	0.09523809523809523	0.11764705882352941	0.0	0.0	0.0	0.125	0.0	0.0	0.0	0.14285714285714285	0.0	0.0	0.0	0.16666666666666666	0.0015	0.1	0.0	0.08333333333333333	0.1111111111111111	0.0	0.0	0.0	0.0	0.0	0.0	0.0	0.0	0.1111111111111111	0.0	0.1111111111111111	0.3333333333333333	0.0	0.14285714285714285	0.0	0.0	0.3333333333333333	0.0	0.125	
American Goldfinch	0.0	0.0	0.0	0.0	0.0	0.0	0.0	0.0	0.0	0.0	0.0	0.0	0.0	0.0	0.0	0.0	0.0	0.16666666666666666	0.5	0.0	0.0	0.18181818181818182	0.0	0.0	0.0015	0.1	0.0	0.0	0.0	0.0	0.07142857142857142	0.09090909090909091	0.0	0.0	0.0	0.0	0.0	0.0	0.0	0.1111111111111111	0.0	0.0	0.0	0.0	0.0	0.0	0.0	0.0	
Chipping Sparrow	0.0	0.0	0.0	0.0	0.0	0.0	0.0	0.0	0.0	0.0	0.0	0.0	0.0	0.0	0.0	0.0	0.0	0.0	0.0	0.0	0.0	0.09090909090909091	0.0	0.0	0.0	0.0	0.0	0.0	0.0	0.0	0.0	0.0	0.0	0.0	0.0	0.0	0.0	0.0	0.0	0.0	0.0	0.0	0.0	0.0	0.0	0.0	0.0	0.0	
Fox Sparrow	0.3333333333333333	0.1111111111111111	0.4	0.09090909090909091	0.0	0.0	0.18181818181818182	0.09090909090909091	0.1	0.3333333333333333	0.0	0.23529411764705882	0.125	0.0	0.0	0.0015	0.0	0.0	0.0	0.0	0.0	0.0	0.0	0.0	0.0	0.0	0.0	0.0	0.0	0.0	0.0	0.0	0.0	0.0	0.1	0.0	0.14285714285714285	0.0	0.0	0.1111111111111111	0.0	0.14285714285714285	0.2857142857142857	0.125	0.0	0.3333333333333333	0.0	0.0	
Dark-eyed Junco	0.0	0.4444444444444444	0.2	0.36363636363636365	0.5714285714285714	0.25	0.36363636363636365	0.2727272727272727	0.7	0.3333333333333333	0.5238095238095238	0.35294117647058826	0.25	0.5	0.3333333333333333	0.375	0.0	0.16666666666666666	0.0	0.14285714285714285	0.5	0.09090909090909091	0.3333333333333333	0.0	0.16666666666666666	0.1	0.0	0.16666666666666666	0.1111111111111111	0.0	0.14285714285714285	0.0	0.0	0.0	0.3	0.0	0.2857142857142857	0.3333333333333333	0.25	0.5555555555555556	0.5	0.42857142857142855	0.5714285714285714	0.125	0.5	1.0	0.5	0.375	
White-crowned Sparrow	0.0	0.0	0.0	0.0	0.0	0.0	0.0	0.0	0.0	0.0	0.0	0.0	0.0	0.8333333333333334	0.3333333333333333	0.75	0.6666666666666666	0.5	1.0	0.2857142857142857	0.5	0.2727272727272727	0.16666666666666666	0.5	0.3333333333333333	0.5	0.0	0.3333333333333333	0.4444444444444444	0.5714285714285714	0.0	0.09090909090909091	0.16666666666666666	0.07692307692307693	0.4	0.0	0.14285714285714285	0.0	0.0	0.1111111111111111	0.0	0.0	0.0	0.0	0.0	0.0	0.0	0.0	
Golden-crowned Sparrow	0.0	0.0	0.2	0.0	0.0	0.0	0.09090909090909091	0.0	0.3	0.3333333333333333	0.047619047619047616	0.0	0.0	0.0	0.16666666666666666	0.375	0.3333333333333333	0.16666666666666666	0.5	0.0	0.0	0.0	0.0	0.0	0.0	0.0	0.0	0.0	0.0	0.0	0.0	0.0	0.0	0.0	0.0015	0.0	0.0	0.0	0.0	0.0	0.0	0.14285714285714285	0.2857142857142857	0.375	0.0	0.0	0.0	0.125	
White-throated Sparrow	0.0	0.0	0.0	0.0	0.0	0.0	0.0	0.0	0.0	0.0	0.0	0.0	0.0	0.0	0.0	0.0	0.0	0.0	0.0	0.14285714285714285	0.0	0.0	0.0	0.0	0.0	0.0	0.0	0.0	0.0	0.0	0.0	0.0	0.0	0.0	0.0	0.0	0.0	0.0	0.0	0.0	0.0	0.0	0.0	0.0	0.0	0.0	0.0	0.0	
Savannah Sparrow	0.0	0.0	0.0	0.0	0.0	0.0	0.0	0.0	0.1	0.0	0.0	0.0	0.0	0.0	0.0	0.125	0.0	0.0	0.0	0.14285714285714285	0.0	0.0	0.0	0.0	0.0	0.0	0.0	0.08333333333333333	0.0	0.0	0.0	0.0	0.3333333333333333	0.15384615384615385	0.0015	0.16666666666666666	0.7142857142857143	0.1111111111111111	0.0	0.1111111111111111	0.16666666666666666	0.0	0.0	0.0	0.0	0.0	0.0	0.0	
Song Sparrow	0.3333333333333333	0.6666666666666666	0.8	0.7272727272727273	1.0	0.375	0.5454545454545454	0.2727272727272727	0.8	1.0	0.6666666666666666	0.7058823529411765	0.75	0.8333333333333334	0.16666666666666666	0.75	0.3333333333333333	0.5	1.0	0.42857142857142855	1.0	0.2727272727272727	0.5	0.6666666666666666	0.8333333333333334	0.9	0.25	0.5833333333333334	0.3333333333333333	0.2857142857142857	0.35714285714285715	0.18181818181818182	0.5	0.15384615384615385	0.6	0.3333333333333333	0.5714285714285714	0.4444444444444444	0.25	0.6666666666666666	0.6666666666666666	0.7142857142857143	0.8571428571428571	0.625	0.5	1.0	0.5	0.625	
Lincoln's Sparrow	0.0	0.0	0.0	0.0	0.0	0.0	0.0	0.0	0.0	0.0	0.0	0.0	0.0	0.0	0.0	0.125	0.0	0.0	0.0	0.0	0.0	0.0	0.0	0.0	0.0	0.0	0.0	0.0	0.0	0.0	0.0	0.0	0.0	0.0	0.0	0.0	0.0	0.0	0.0	0.0	0.0	0.0	0.0	0.0	0.0	0.0	0.0	0.0	
Spotted Towhee	0.0	0.1111111111111111	0.6	0.18181818181818182	0.0	0.125	0.18181818181818182	0.18181818181818182	0.0	0.3333333333333333	0.09523809523809523	0.11764705882352941	0.125	0.16666666666666666	0.0	0.25	0.0015	0.0	0.0	0.0	0.0	0.0	0.16666666666666666	0.16666666666666666	0.0	0.0	0.0	0.08333333333333333	0.0	0.0	0.07142857142857142	0.09090909090909091	0.0	0.07692307692307693	0.0	0.0	0.0	0.0	0.25	0.0	0.3333333333333333	0.2857142857142857	0.42857142857142855	0.25	0.0	0.3333333333333333	0.16666666666666666	0.0	
Western Meadowlark	0.0	0.0	0.0	0.0	0.0	0.0	0.0	0.0	0.0	0.0	0.0	0.0	0.0	0.0	0.0	0.0	0.0	0.0	0.0	0.0	0.0	0.0	0.0	0.0	0.0	0.0	0.0	0.0	0.0	0.0	0.0	0.0	0.0	0.0	0.0	0.16666666666666666	0.0	0.0	0.0	0.0	0.0	0.0	0.0	0.0	0.0	0.0	0.0	0.0	
Red-winged Blackbird	0.0	0.2222222222222222	0.0	0.09090909090909091	0.0	0.0	0.0	0.0	0.4	0.3333333333333333	0.14285714285714285	0.17647058823529413	0.125	0.16666666666666666	0.16666666666666666	0.125	0.0	0.0	0.0	0.2857142857142857	0.25	0.0	0.16666666666666666	0.16666666666666666	0.16666666666666666	0.0	0.0	0.0	0.1111111111111111	0.14285714285714285	0.0	0.0	0.0	0.0	0.0	0.0	0.0	0.0	0.0	0.0	0.0	0.0	0.0	0.0	0.0	0.0	0.0	0.0	
Brown-headed Cowbird	0.0	0.0	0.0	0.0	0.0	0.0	0.0	0.0	0.0	0.0	0.0	0.0	0.0	0.0	0.0	0.125	0.0	0.0	0.0	0.0	0.0	0.0	0.0	0.16666666666666666	0.0	0.1	0.0	0.0	0.0	0.0	0.0	0.0	0.0	0.0	0.0	0.0	0.0	0.0	0.0	0.0	0.0	0.0	0.0	0.0	0.0	0.0	0.0	0.0	
Brewer's Blackbird	0.0	0.0	0.0	0.0	0.0	0.0	0.0	0.0	0.0	0.0	0.047619047619047616	0.0	0.125	0.0	0.0	0.0	0.0015	0.0	0.0	0.0	0.0	0.0	0.0	0.0	0.0	0.0	0.0	0.0	0.0	0.0	0.0	0.0	0.0	0.0	0.0	0.0	0.0	0.0	0.0	0.0	0.0	0.0	0.0	0.0	0.0	0.0	0.0	0.0	
Orange-crowned Warbler	0.0	0.0	0.0	0.0	0.0	0.0	0.0	0.0	0.0	0.0	0.0	0.0	0.0	0.3333333333333333	0.0	0.75	0.0	0.16666666666666666	0.0	0.14285714285714285	0.0	0.09090909090909091	0.16666666666666666	0.3333333333333333	0.0	0.0	0.0	0.08333333333333333	0.1111111111111111	0.0	0.0	0.0	0.0	0.0	0.1	0.0	0.0	0.0	0.0	0.0	0.0	0.0	0.0	0.0	0.0	0.0	0.0	0.0	
MacGillivray's Warbler	0.0	0.0	0.0	0.0	0.0	0.0	0.0	0.0	0.0	0.0	0.0	0.0	0.0	0.0	0.0	0.0	0.0	0.0	0.0	0.0	0.0	0.0	0.0	0.0	0.0	0.0	0.0	0.08333333333333333	0.0	0.0	0.0	0.0	0.0	0.0	0.0	0.0	0.0	0.0	0.0	0.0	0.0	0.0	0.0	0.0	0.0	0.0	0.0	0.0	
Common Yellowthroat	0.0	0.0	0.0	0.0	0.0	0.0	0.0	0.0	0.0	0.0	0.0	0.0	0.0	0.0	0.0	0.25	0.0	0.0	0.0	0.0	0.0	0.0	0.0	0.0	0.0	0.1	0.0	0.0	0.0	0.0	0.0	0.0	0.0	0.0	0.0	0.0	0.0	0.0	0.0	0.0	0.0	0.0	0.0	0.0	0.0	0.0	0.0	0.0	
Yellow Warbler	0.0	0.0	0.0	0.0	0.0	0.0	0.0	0.0	0.0	0.0	0.0	0.0	0.0	0.0	0.0	0.0	0.0	0.0	0.0	0.0	0.0	0.0	0.0	0.0	0.0	0.0	0.0	0.0	0.0	0.0	0.0015	0.0	0.0	0.0	0.0	0.0	0.0	0.0	0.0	0.0	0.0	0.0	0.0	0.0	0.0	0.0	0.0	0.0	
Yellow-rumped Warbler	0.0	0.0	0.0	0.0	0.0	0.0	0.0	0.0	0.0	0.0	0.0	0.11764705882352941	0.0	0.0	0.0	0.375	0.0	0.16666666666666666	0.0	0.0	0.0	0.0015	0.3333333333333333	0.0	0.0	0.0	0.0	0.0	0.0	0.0	0.0	0.0	0.0	0.0	0.1	0.0	0.0	0.0	0.0	0.0	0.0	0.0015	0.0	0.0	0.0	0.0	0.0	0.0	
Black-throated Gray Warbler	0.0	0.0	0.0	0.0	0.0	0.0	0.0	0.0	0.0	0.0	0.0	0.0	0.0	0.0	0.0	0.125	0.0	0.0	0.0	0.0	0.0	0.18181818181818182	0.0	0.0	0.0	0.0	0.0	0.08333333333333333	0.0	0.0	0.0	0.0	0.0	0.0	0.0015	0.0	0.0	0.1111111111111111	0.0	0.0	0.0	0.0	0.0	0.0	0.0	0.0	0.0	0.0	
Townsend's Warbler	0.0	0.1111111111111111	0.0	0.0	0.0	0.0	0.0	0.0	0.0	0.0	0.0	0.0	0.0	0.3333333333333333	0.0	0.0	0.0	0.16666666666666666	0.0	0.0	0.0	0.0	0.0	0.16666666666666666	0.0	0.0	0.0	0.0	0.0	0.0	0.0	0.0	0.0	0.0	0.0015	0.0	0.14285714285714285	0.1111111111111111	0.0	0.1111111111111111	0.0	0.0	0.0	0.0	0.0	0.0	0.0	0.0	
Wilson's Warbler	0.0	0.0	0.0	0.0	0.0	0.0	0.0	0.0	0.0	0.0	0.0	0.0	0.0	0.0	0.0	0.625	0.3333333333333333	0.3333333333333333	1.0	0.2857142857142857	0.0	0.2727272727272727	0.3333333333333333	0.5	0.5	0.2	0.0	0.08333333333333333	0.1111111111111111	0.0015	0.07142857142857142	0.09090909090909091	0.16666666666666666	0.07692307692307693	0.0	0.0	0.0	0.0	0.0	0.0	0.0	0.0	0.0	0.0	0.0	0.0	0.0	0.0	
Western Tanager	0.0	0.0	0.0	0.0	0.0	0.0	0.0	0.0	0.0	0.0	0.0	0.0	0.0	0.0	0.0	0.0	0.0	0.0	0.0	0.0	0.0	0.0	0.0	0.0	0.0	0.0015	0.0	0.08333333333333333	0.0	0.0	0.0	0.0	0.0	0.0	0.0	0.0	0.0	0.0	0.0	0.0	0.0	0.0	0.0	0.0	0.0	0.0	0.0	0.0	
Black-headed Grosbeak	0.0	0.0	0.0	0.0	0.0	0.0	0.0	0.0	0.0	0.0	0.0	0.0	0.0	0.0	0.0	0.0	0.0	0.0	0.5	0.14285714285714285	0.0	0.09090909090909091	0.0	0.16666666666666666	0.0	0.1	0.0	0.08333333333333333	0.1111111111111111	0.0	0.0	0.0	0.0	0.0	0.0	0.0	0.0	0.0	0.0	0.0	0.0	0.0	0.0	0.0	0.0	0.0	0.0	0.0	
House Sparrow	0.0	0.0	0.0	0.0	0.0	0.0	0.0	0.0	0.0	0.0	0.0	0.0	0.0	0.0	0.0	0.0	0.0	0.16666666666666666	0.0	0.0	0.0	0.0	0.0	0.0	0.0	0.0	0.0	0.0015	0.1111111111111111	0.0	0.07142857142857142	0.0	0.16666666666666666	0.0	0.0015	0.0	0.0	0.0	0.0	0.0	0.0	0.14285714285714285	0.0	0.0	0.0	0.0	0.0	0.0	

