









Frequency of observations in the selected location(s).:
Number of taxa: 	215

	Jan				Feb				Mar				Apr				May				Jun				Jul				Aug				Sep				Oct				Nov				Dec				
Sample Size:	3.0	2.0	3.0	4.0	0.0	6.0	3.0	3.0	4.0	3.0	4.0	10.0	3.0	4.0	6.0	2.0	3.0	10.0	5.0	5.0	1.0	5.0	3.0	9.0	5.0	15.0	15.0	22.0	18.0	17.0	22.0	23.0	17.0	17.0	22.0	29.0	8.0	21.0	12.0	17.0	6.0	9.0	4.0	4.0	1.0	1.0	2.0	7.0	

Greater White-fronted Goose	0.0	0.0	0.0	0.0	0.0	0.0	0.0	0.0	0.0	0.0	0.0	0.0	0.0	0.0	0.0	0.0	0.0	0.0	0.0	0.0	0.0	0.0	0.0	0.0	0.0	0.0	0.0	0.0	0.0	0.0	0.0	0.043478260869565216	0.0	0.058823529411764705	0.0	0.13793103448275862	0.375	0.14285714285714285	0.08333333333333333	0.0	0.0	0.0	0.0	0.0	0.0	0.0	0.0	0.0	
Brant	0.0	0.0	0.0	0.25	0.0	0.16666666666666666	0.0	0.0	0.0	0.0	0.0	0.1	0.6666666666666666	0.0	0.0	0.5	0.0	0.0	0.0	0.0	0.0	0.0	0.0	0.0	0.0	0.0	0.0	0.0	0.0	0.0	0.0	0.0	0.0	0.0	0.0	0.0	0.0	0.0	0.0	0.0	0.0	0.0	0.0	0.0	0.0	0.0	0.0	0.0	
Cackling Goose	0.0	0.0	0.0	0.0	0.0	0.0	0.0	0.0	0.0	0.0	0.0	0.0	0.0	0.0	0.0	0.0	0.0	0.0	0.0	0.0	0.0	0.0	0.0	0.0	0.0	0.0	0.0	0.0	0.0	0.0	0.0	0.0	0.0	0.0	0.0	0.034482758620689655	0.0	0.047619047619047616	0.0	0.0	0.0	0.1111111111111111	0.0	0.0	0.0	0.0	0.0	0.0	
Canada Goose	0.0	0.0	0.3333333333333333	0.25	0.0	0.3333333333333333	0.0	0.6666666666666666	0.0	0.0	0.25	0.1	0.6666666666666666	1.0	0.5	1.0	0.6666666666666666	0.5	0.4	0.4	1.0	0.0	0.0	0.0	0.2	0.6	0.6666666666666666	0.6818181818181818	0.2777777777777778	0.47058823529411764	0.4090909090909091	0.21739130434782608	0.11764705882352941	0.11764705882352941	0.0	0.13793103448275862	0.125	0.047619047619047616	0.16666666666666666	0.0	0.16666666666666666	0.0	0.0	0.0	0.0	0.0	0.0	0.0	
Cackling/Canada Goose	0.0	0.0	0.0	0.0	0.0	0.0	0.0	0.0	0.0	0.0	0.0	0.0	0.0	0.0	0.0	0.0	0.0	0.0	0.0	0.0	0.0	0.0	0.0	0.0	0.0	0.0	0.0	0.0	0.0	0.0	0.0	0.0	0.0	0.0	0.0	0.0	0.0	0.0	0.0	0.0	0.0	0.1111111111111111	0.0	0.0	0.0	0.0	0.0	0.0	
Wood Duck	0.0	0.0	0.0	0.0	0.0	0.0	0.0	0.0	0.0	0.0	0.0	0.0	0.0	0.0	0.0	0.0	0.0	0.0	0.0	0.0	0.0	0.0	0.0	0.0	0.0	0.06666666666666667	0.0	0.0	0.0	0.0	0.18181818181818182	0.0	0.0	0.0	0.0	0.034482758620689655	0.0	0.0	0.0015	0.0	0.0	0.0	0.0	0.25	0.0	0.0	0.0	0.0	
Blue-winged Teal	0.0	0.0	0.0	0.0	0.0	0.0	0.0	0.0	0.0	0.0	0.0	0.0	0.0	0.0	0.0	0.0	0.0	0.1	0.4	0.0	0.0	0.0	0.0	0.0	0.0	0.0	0.0	0.0	0.0	0.0	0.0	0.08695652173913043	0.11764705882352941	0.0	0.09090909090909091	0.06896551724137931	0.0	0.0	0.0	0.0	0.0	0.0	0.0	0.0	0.0	0.0	0.0	0.0	
Cinnamon Teal	0.0	0.0	0.0	0.0	0.0	0.0	0.0	0.0	0.0	0.0	0.0	0.0	0.0	0.0	0.0	0.0	0.0	0.0	0.0	0.0	0.0	0.0	0.0	0.0	0.0	0.0	0.0	0.0	0.0	0.0	0.0	0.0	0.0	0.0	0.09090909090909091	0.0	0.0	0.0	0.0	0.0	0.0	0.0	0.0	0.0	0.0	0.0	0.0	0.0	
Blue-winged/Cinnamon Teal	0.0	0.0	0.0	0.0	0.0	0.0	0.0	0.0	0.0	0.0	0.0	0.0	0.0	0.0	0.0	0.0	0.0	0.0	0.0	0.0	0.0	0.0	0.0	0.0	0.0	0.0	0.0	0.0	0.0	0.058823529411764705	0.0	0.0	0.0	0.058823529411764705	0.0	0.0	0.0	0.0	0.0	0.0	0.0	0.0	0.0	0.0	0.0	0.0	0.0	0.0	
Northern Shoveler	0.0	0.0	0.0	0.0	0.0	0.0	0.0	0.0	0.0	0.0	0.0	0.0	0.0	0.0	0.0	0.0	0.0	0.1	0.4	0.2	0.0	0.0	0.0	0.0	0.0	0.0	0.06666666666666667	0.18181818181818182	0.0	0.11764705882352941	0.045454545454545456	0.30434782608695654	0.35294117647058826	0.23529411764705882	0.22727272727272727	0.3448275862068966	0.0	0.14285714285714285	0.0	0.0	0.0	0.2222222222222222	0.0	0.0	0.0	1.0	0.0	0.0	
Gadwall	0.0	0.0	0.0	0.0	0.0	0.0	0.0	0.0	0.0	0.0	0.0	0.0	0.0	0.25	0.0	0.0	0.3333333333333333	0.0	0.0	0.0	0.0	0.0	0.0	0.0	0.0	0.06666666666666667	0.0	0.0	0.0	0.058823529411764705	0.09090909090909091	0.043478260869565216	0.058823529411764705	0.17647058823529413	0.09090909090909091	0.034482758620689655	0.0	0.09523809523809523	0.0015	0.058823529411764705	0.0	0.2222222222222222	0.0	0.25	0.0	0.0	0.0	0.0	
Eurasian Wigeon	0.0	0.0	0.0	0.25	0.0	0.0	0.0	0.0	0.0015	0.0	0.0	0.1	0.0	0.0	0.0	0.0	0.0	0.0	0.0	0.0	0.0	0.0	0.0	0.0	0.0	0.0	0.0	0.0	0.0	0.0	0.0	0.0	0.0	0.0	0.0	0.0	0.125	0.047619047619047616	0.25	0.17647058823529413	0.0	0.1111111111111111	0.0	0.0	0.0	0.0	0.0	0.0	
American Wigeon	0.3333333333333333	1.0	0.6666666666666666	0.5	0.0	0.8333333333333334	0.3333333333333333	1.0	0.5	0.3333333333333333	0.75	0.6	0.6666666666666666	0.25	0.16666666666666666	0.0	0.0	0.0	0.0	0.2	0.0	0.0	0.0	0.0	0.0	0.06666666666666667	0.0	0.09090909090909091	0.3333333333333333	0.11764705882352941	0.3181818181818182	0.391304347826087	0.47058823529411764	0.9411764705882353	0.9090909090909091	0.896551724137931	1.0	1.0	0.75	0.7058823529411765	0.8333333333333334	1.0	0.5	1.0	0.0	1.0	1.0	0.5714285714285714	
Eurasian x American Wigeon (hybrid)	0.0	0.0	0.0	0.0	0.0	0.0	0.0	0.0	0.0	0.0	0.0	0.0	0.0	0.0	0.0	0.0	0.0	0.0	0.0	0.0	0.0	0.0	0.0	0.0	0.0	0.0	0.0	0.0	0.0	0.0	0.0	0.0	0.0	0.0	0.0	0.034482758620689655	0.0	0.0	0.0	0.0	0.0	0.0	0.0	0.0	0.0	0.0	0.0	0.0	
Mallard	0.6666666666666666	1.0	0.3333333333333333	0.5	0.0	0.8333333333333334	1.0	1.0	0.75	1.0	0.75	0.9	1.0	0.75	0.6666666666666666	1.0	0.6666666666666666	0.9	1.0	0.8	1.0	0.6	1.0	0.6666666666666666	0.6	0.6666666666666666	0.7333333333333333	0.8181818181818182	0.9444444444444444	0.8823529411764706	0.9545454545454546	0.8695652173913043	0.8235294117647058	0.9411764705882353	1.0	0.896551724137931	0.75	1.0	0.9166666666666666	0.7058823529411765	1.0	0.8888888888888888	0.75	1.0	0.0	1.0	1.0	0.8571428571428571	
Mallard (Domestic type)	0.0	0.0	0.0	0.0	0.0	0.0	0.0	0.0	0.0	0.3333333333333333	0.0	0.0	0.0	0.0	0.0	0.0	0.0	0.1	0.0	0.0	0.0	0.0	0.0	0.0	0.0	0.0	0.13333333333333333	0.18181818181818182	0.05555555555555555	0.23529411764705882	0.18181818181818182	0.043478260869565216	0.11764705882352941	0.11764705882352941	0.13636363636363635	0.06896551724137931	0.125	0.047619047619047616	0.08333333333333333	0.0	0.0	0.1111111111111111	0.0	0.0	0.0	0.0	0.0	0.0	
Northern Pintail	0.0	0.0	0.0	0.0	0.0	0.0	0.3333333333333333	0.3333333333333333	0.25	0.3333333333333333	0.0	0.0	0.0	0.25	0.0	0.0	0.0	0.1	0.0	0.0	0.0	0.0	0.0	0.0	0.0	0.06666666666666667	0.06666666666666667	0.0	0.0	0.0	0.18181818181818182	0.4782608695652174	0.35294117647058826	0.7058823529411765	0.7272727272727273	0.6551724137931034	0.75	0.7619047619047619	0.5833333333333334	0.4117647058823529	0.5	0.5555555555555556	0.75	0.0	0.0	1.0	0.5	0.0	
Green-winged Teal	0.0	0.0	0.3333333333333333	0.0	0.0	0.0	0.0	0.0	0.0	0.0	0.0	0.0	0.0	0.5	0.3333333333333333	0.0	0.0	0.2	0.2	0.0	0.0	0.0	0.0	0.0	0.0	0.0	0.0	0.0	0.0	0.4117647058823529	0.5	0.6521739130434783	0.47058823529411764	0.8235294117647058	0.8636363636363636	0.8275862068965517	1.0	0.7619047619047619	0.75	0.7058823529411765	0.5	0.1111111111111111	0.25	0.25	0.0	0.0	1.0	0.14285714285714285	
dabbling duck sp.	0.0	0.0	0.0	0.0	0.0	0.0	0.0	0.0	0.0	0.0	0.0	0.0	0.0	0.0	0.0	0.0	0.0	0.0	0.0	0.0	0.0	0.0	0.0	0.0	0.0	0.0	0.0	0.0	0.0	0.0	0.045454545454545456	0.0	0.0	0.0	0.0	0.0	0.0	0.0	0.0	0.0	0.0	0.0	0.0	0.0	0.0	0.0	0.0	0.0	
Ring-necked Duck	0.0	0.0	0.0	0.0	0.0	0.0	0.0	0.0	0.0	0.0	0.0	0.0	0.0	0.0	0.0	0.0	0.0	0.1	0.4	0.0	0.0	0.0	0.0	0.0	0.0	0.0	0.0	0.0	0.0	0.0	0.0	0.0	0.0	0.0	0.0	0.0	0.0	0.0	0.0	0.0015	0.0	0.0	0.0	0.0	0.0	0.0	0.0	0.0	
Greater Scaup	0.0	0.0	0.3333333333333333	0.0	0.0	0.0	0.0	0.0	0.0015	0.0	0.0	0.1	0.0	0.0	0.3333333333333333	0.0	0.0	0.0	0.0	0.0	0.0	0.0	0.0	0.0	0.0	0.0	0.0	0.0	0.0	0.0	0.0	0.0	0.0	0.0	0.0	0.0	0.0	0.0015	0.0	0.0	0.3333333333333333	0.0	0.0	0.0	1.0	0.0	0.0	0.0	
Lesser Scaup	0.0	0.0	0.0	0.0	0.0	0.0	0.0	0.3333333333333333	0.0	0.0	0.0	0.0	0.0	0.0	0.0	0.0	0.0	0.1	0.0	0.0	0.0	0.0	0.0	0.0	0.0	0.0	0.0	0.0	0.0	0.0	0.0	0.0	0.0	0.0	0.045454545454545456	0.034482758620689655	0.0	0.0	0.0	0.11764705882352941	0.0	0.0	0.25	0.0	0.0	0.0	0.0	0.0	
Greater/Lesser Scaup	0.0	0.0	0.0	0.0	0.0	0.0	0.0	0.0	0.0	0.0	0.0	0.0	0.0	0.25	0.0	0.0	0.0	0.0	0.0	0.0	0.0	0.0	0.0	0.0	0.0	0.0	0.0	0.0	0.0	0.0	0.0	0.0	0.0	0.0	0.0	0.0	0.0	0.0	0.0	0.0	0.0	0.1111111111111111	0.0	0.0	0.0	0.0	0.0	0.14285714285714285	
Harlequin Duck	0.0	0.0	0.0	0.0	0.0	0.0	0.0	0.0	0.0	0.0	0.0	0.0	0.0	0.0	0.0	0.0	0.0	0.0	0.0	0.0	0.0	0.0	0.0	0.0	0.0	0.0	0.0	0.045454545454545456	0.0	0.0	0.0	0.0	0.0	0.0	0.0	0.0	0.0	0.0	0.0	0.0	0.0	0.0	0.0	0.0	0.0	0.0	0.0	0.0	
Surf Scoter	0.6666666666666666	0.5	1.0	0.5	0.0	0.5	0.6666666666666666	1.0	0.75	1.0	1.0	0.9	1.0	1.0	0.6666666666666666	1.0	1.0	0.7	0.8	0.6	1.0	0.2	0.3333333333333333	0.8888888888888888	0.4	0.4666666666666667	0.4	0.4090909090909091	0.6111111111111112	0.5882352941176471	0.4090909090909091	0.4782608695652174	0.47058823529411764	0.8235294117647058	0.7272727272727273	0.9655172413793104	0.875	0.8095238095238095	0.8333333333333334	0.8235294117647058	0.8333333333333334	0.8888888888888888	0.75	1.0	1.0	1.0	0.5	0.2857142857142857	
White-winged Scoter	0.3333333333333333	0.0	0.3333333333333333	0.25	0.0	0.0015	0.3333333333333333	0.3333333333333333	0.0	0.6666666666666666	0.25	0.5	0.3333333333333333	0.25	0.16666666666666666	0.0	0.0	0.2	0.0	0.0	0.0	0.0	0.0	0.0015	0.0	0.2	0.13333333333333333	0.0	0.05555555555555555	0.058823529411764705	0.0	0.08695652173913043	0.058823529411764705	0.17647058823529413	0.2727272727272727	0.5172413793103449	0.625	0.42857142857142855	0.5	0.47058823529411764	0.16666666666666666	0.4444444444444444	0.0	0.25	0.0	0.0	0.5	0.14285714285714285	
Black Scoter	0.3333333333333333	0.0	0.3333333333333333	0.25	0.0	0.16666666666666666	0.3333333333333333	0.3333333333333333	0.25	0.6666666666666666	0.75	0.7	0.3333333333333333	0.25	0.3333333333333333	0.5	0.3333333333333333	0.2	0.2	0.0	0.0	0.0	0.0	0.0	0.0	0.06666666666666667	0.06666666666666667	0.0	0.0	0.0	0.0	0.0	0.058823529411764705	0.058823529411764705	0.09090909090909091	0.13793103448275862	0.5	0.42857142857142855	0.5833333333333334	0.35294117647058826	0.16666666666666666	0.3333333333333333	0.0	0.5	1.0	0.0	0.0	0.14285714285714285	
scoter sp.	0.0	0.0	0.0	0.0	0.0	0.0	0.0	0.0	0.25	0.0	0.0	0.0	0.0	0.0	0.0	0.0	0.0	0.0	0.0	0.0	0.0	0.0	0.0	0.0	0.0	0.0	0.0	0.0	0.0	0.0	0.0	0.0	0.0	0.0	0.0	0.0	0.0	0.0	0.0	0.0	0.0	0.0	0.0	0.0	0.0	0.0	0.0	0.0	
Long-tailed Duck	0.0	0.0	0.0	0.0	0.0	0.0	0.3333333333333333	0.0	0.0	0.0	0.0	0.1	0.0	0.0	0.0	0.0	0.0	0.0	0.0	0.0	0.0	0.0	0.0	0.0	0.0	0.0	0.0	0.0	0.0	0.0	0.0	0.0	0.0	0.0	0.0	0.0	0.0	0.0	0.0	0.0	0.0	0.0	0.0	0.0	0.0	0.0	0.0	0.14285714285714285	
Bufflehead	1.0	0.5	1.0	0.5	0.0	0.8333333333333334	1.0	1.0	0.75	1.0	0.75	0.9	1.0	1.0	0.5	1.0	1.0	0.2	0.2	0.2	0.0	0.4	0.0	0.0	0.0	0.0	0.0	0.0	0.0	0.0	0.0	0.0	0.0	0.0	0.0	0.034482758620689655	0.0	0.0	0.16666666666666666	0.11764705882352941	0.6666666666666666	0.7777777777777778	1.0	1.0	1.0	1.0	1.0	0.5714285714285714	
Common Goldeneye	0.3333333333333333	0.5	1.0	0.5	0.0	0.5	0.6666666666666666	1.0	0.75	0.3333333333333333	0.75	0.3	0.6666666666666666	0.0	0.3333333333333333	0.0	0.0	0.1	0.0	0.2	0.0	0.0	0.0	0.0	0.0	0.0	0.0	0.0	0.0	0.0	0.0	0.0	0.0	0.0	0.0	0.0	0.0	0.0	0.0	0.0	0.0	0.4444444444444444	0.5	0.75	1.0	1.0	1.0	0.2857142857142857	
Barrow's Goldeneye	0.0	0.0	0.0	0.0	0.0	0.0	0.0	0.3333333333333333	0.25	0.3333333333333333	0.0	0.2	0.6666666666666666	0.25	0.3333333333333333	0.0	0.0	0.0	0.0	0.0	0.0	0.0	0.0	0.0	0.0	0.0	0.0	0.0	0.0	0.0	0.0	0.0	0.0	0.0	0.0	0.0	0.0	0.0	0.0	0.0	0.0	0.4444444444444444	0.25	0.5	0.0	0.0	0.0	0.0	
Common/Barrow's Goldeneye	0.0	0.0	0.0	0.0	0.0	0.0	0.0	0.0	0.0	0.0	0.0	0.0	0.3333333333333333	0.25	0.16666666666666666	0.0	0.0	0.0	0.0	0.0	0.0	0.0	0.0	0.0	0.0	0.0	0.0	0.0	0.0	0.0	0.0	0.0	0.0	0.0	0.0	0.0	0.0	0.0	0.0	0.0	0.0	0.0	0.0	0.25	0.0	0.0	0.0	0.0	
Hooded Merganser	0.0	0.0	0.3333333333333333	0.0	0.0	0.16666666666666666	0.3333333333333333	0.3333333333333333	0.5	0.0	0.25	0.0	0.3333333333333333	0.0	0.3333333333333333	0.0	0.0	0.5	0.4	0.6	1.0	0.6	1.0	0.6666666666666666	0.6	0.7333333333333333	0.6666666666666666	0.5	0.8333333333333334	0.6470588235294118	0.6363636363636364	0.782608695652174	0.47058823529411764	0.7058823529411765	0.6363636363636364	0.3793103448275862	0.5	0.5238095238095238	0.5	0.35294117647058826	1.0	0.6666666666666666	0.5	0.0	0.0	1.0	0.0	0.2857142857142857	
Common Merganser	0.0	0.0	0.3333333333333333	0.0	0.0	0.0	0.0	0.0	0.0	0.0	0.0	0.1	0.3333333333333333	0.0	0.0	0.0	0.0	0.0	0.2	0.0	0.0	0.0	0.0	0.0	0.0	0.06666666666666667	0.06666666666666667	0.0	0.0	0.0	0.0	0.0	0.17647058823529413	0.0	0.045454545454545456	0.13793103448275862	0.0	0.42857142857142855	0.16666666666666666	0.23529411764705882	0.16666666666666666	0.3333333333333333	0.0	0.0	0.0	0.0	0.0	0.0015	
Red-breasted Merganser	0.0	0.0	0.3333333333333333	0.25	0.0	0.5	0.6666666666666666	0.6666666666666666	0.5	0.6666666666666666	0.75	0.4	1.0	1.0	0.6666666666666666	0.5	0.6666666666666666	0.0	0.0	0.0	0.0	0.0	0.0	0.0	0.0	0.0	0.0	0.0	0.0	0.0	0.0	0.0	0.0	0.0	0.045454545454545456	0.034482758620689655	0.0	0.09523809523809523	0.5833333333333334	0.6470588235294118	0.16666666666666666	0.3333333333333333	0.5	0.5	0.0	0.0	0.5	0.42857142857142855	
Common/Red-breasted Merganser	0.0	0.0	0.0	0.0	0.0	0.16666666666666666	0.0	0.0	0.0	0.0	0.0	0.0	0.0	0.0	0.0	0.0	0.0	0.0	0.0	0.0	0.0	0.0	0.0	0.0	0.0	0.0	0.0	0.0	0.0	0.0	0.045454545454545456	0.0	0.058823529411764705	0.0	0.0	0.0	0.0	0.0	0.0	0.0	0.0	0.0	0.0	0.0	0.0	0.0	0.0	0.14285714285714285	
duck sp.	0.0	0.0	0.0	0.0	0.0	0.0	0.0	0.0	0.0	0.0	0.0	0.0	0.0	0.0	0.0	0.0	0.0	0.0	0.0	0.0	0.0	0.0	0.3333333333333333	0.0	0.0	0.0	0.06666666666666667	0.09090909090909091	0.0	0.058823529411764705	0.045454545454545456	0.0	0.0	0.0	0.0	0.034482758620689655	0.0	0.0	0.0	0.0	0.0	0.0	0.25	0.0	0.0	0.0	0.0	0.0	
waterfowl sp.	0.0	0.0	0.0	0.0	0.0	0.0	0.0	0.0	0.0	0.0	0.0	0.0	0.0	0.0	0.0	0.0	0.0	0.0	0.0	0.0	0.0	0.0	0.0	0.0	0.0	0.0	0.0	0.0	0.0	0.0	0.045454545454545456	0.0	0.0	0.0	0.0	0.0	0.0	0.0	0.0	0.0	0.0	0.0	0.0	0.0	0.0	0.0	0.0	0.14285714285714285	
California Quail	0.0	0.0	0.0	0.0	0.0	0.0	0.0	0.0	0.0	0.0	0.0	0.0	0.0	0.0	0.0	0.0	0.0	0.0	0.0	0.0	0.0	0.0	0.0	0.0	0.0015	0.0	0.0	0.0	0.0	0.0	0.0	0.0	0.0	0.0	0.0	0.0	0.0	0.0	0.0	0.0	0.0	0.0	0.0	0.0	0.0	0.0	0.5	0.0	
Ring-necked Pheasant	0.3333333333333333	0.0	0.0	0.0	0.0	0.0	0.0	0.0	0.0	0.0	0.0	0.0	0.0	0.0	0.0	0.0	0.0	0.0	0.0	0.0	0.0	0.0	0.0	0.0	0.0	0.0	0.0	0.0	0.0	0.0	0.0	0.0	0.0	0.0	0.045454545454545456	0.0	0.0	0.0	0.08333333333333333	0.0	0.0	0.0	0.0	0.0	0.0	0.0	0.0	0.0	
Ruffed Grouse	0.0	0.0	0.0	0.0	0.0	0.0	0.0	0.0	0.0	0.0	0.0	0.0	0.0	0.0	0.0	0.0	0.0	0.0	0.0	0.0	0.0	0.0	0.0	0.0015	0.0	0.0	0.0	0.0	0.0	0.0	0.0	0.0	0.0	0.0	0.0	0.0	0.0	0.0	0.0	0.0	0.0	0.0	0.0	0.0	0.0	0.0	0.0	0.0	
Pied-billed Grebe	0.0	0.0	0.0	0.0	0.0	0.0	0.0	0.0	0.0	0.0	0.0	0.2	0.0	0.0	0.0	0.0	0.0	0.1	0.0	0.0	0.0	0.0	0.0	0.0	0.0	0.0	0.0	0.045454545454545456	0.3333333333333333	0.17647058823529413	0.2727272727272727	0.17391304347826086	0.11764705882352941	0.29411764705882354	0.22727272727272727	0.034482758620689655	0.125	0.14285714285714285	0.16666666666666666	0.23529411764705882	0.5	0.0	0.25	0.0	0.0	0.0	0.0	0.0	
Horned Grebe	0.0	0.5	1.0	0.5	0.0	0.3333333333333333	0.6666666666666666	1.0	0.25	0.6666666666666666	0.75	0.6	1.0	0.75	0.6666666666666666	0.5	0.6666666666666666	0.1	0.0	0.0	0.0	0.0	0.0	0.0	0.0	0.0	0.0	0.045454545454545456	0.0	0.0	0.09090909090909091	0.2608695652173913	0.47058823529411764	0.6470588235294118	0.7272727272727273	0.7931034482758621	0.875	0.7142857142857143	0.9166666666666666	0.8235294117647058	0.6666666666666666	0.6666666666666666	0.5	0.75	0.0	1.0	1.0	0.42857142857142855	
Red-necked Grebe	0.0	0.0	0.0	0.25	0.0	0.16666666666666666	0.0	0.6666666666666666	0.25	0.3333333333333333	0.25	0.0	1.0	0.75	0.16666666666666666	0.5	0.3333333333333333	0.5	0.2	0.0	0.0	0.0	0.0	0.0	0.0	0.0	0.0	0.2727272727272727	0.2777777777777778	0.4117647058823529	0.5	0.6956521739130435	0.7058823529411765	0.6470588235294118	0.7727272727272727	0.8275862068965517	0.625	0.5714285714285714	0.5833333333333334	0.5294117647058824	0.3333333333333333	0.4444444444444444	0.25	0.75	0.0	1.0	0.5	0.0	
Eared Grebe	0.0	0.0	0.0	0.0	0.0	0.0	0.0	0.0	0.0	0.0	0.0	0.1	0.0	0.0	0.0	0.0	0.0	0.0	0.0	0.0	0.0	0.0	0.0	0.0	0.0	0.0	0.0	0.0	0.0	0.0	0.0	0.0	0.0	0.058823529411764705	0.0	0.0	0.0015	0.0	0.08333333333333333	0.11764705882352941	0.0	0.0015	0.0	0.0	0.0	0.0	0.0	0.0	
Western Grebe	0.0	0.0	0.0	0.0	0.0	0.0	0.0	0.0	0.0	0.0	0.25	0.2	0.3333333333333333	0.25	0.3333333333333333	0.5	0.0	0.3	0.2	0.0	0.0	0.0	0.0	0.0	0.0	0.0	0.0	0.0	0.0	0.0	0.0	0.0	0.0	0.058823529411764705	0.09090909090909091	0.1724137931034483	0.0	0.09523809523809523	0.08333333333333333	0.0	0.16666666666666666	0.2222222222222222	0.0	0.0	0.0	0.0	0.5	0.14285714285714285	
Clark's Grebe	0.0	0.0	0.0	0.0	0.0	0.0	0.0	0.0	0.0	0.0	0.0	0.0	0.0	0.0	0.0	0.0	0.0	0.0	0.0	0.0	0.0	0.0	0.0	0.0	0.0	0.0	0.0	0.0	0.0	0.0	0.0	0.0	0.0	0.0	0.0	0.034482758620689655	0.0	0.0	0.0	0.0	0.0	0.0	0.0	0.0	0.0	0.0	0.0	0.0	
grebe sp.	0.0	0.0	0.0	0.0	0.0	0.0	0.0	0.0	0.0	0.0	0.0	0.0	0.0	0.0	0.0	0.0	0.0	0.0	0.0	0.0	0.0	0.0	0.0	0.0	0.0	0.0	0.06666666666666667	0.0	0.0	0.0	0.045454545454545456	0.0	0.0	0.0	0.0	0.0	0.0	0.0	0.0	0.0	0.0	0.0	0.0	0.0	0.0	0.0	0.0	0.0	
Rock Pigeon	0.0	0.0	0.0	0.0	0.0	0.0	0.0	0.0	0.0	0.0	0.0	0.1	0.0	0.0	0.0	0.0	0.0	0.0	0.0	0.0	0.0	0.0	0.0	0.1111111111111111	0.0	0.06666666666666667	0.13333333333333333	0.0	0.0	0.058823529411764705	0.0	0.0	0.0	0.058823529411764705	0.0	0.0	0.125	0.0	0.25	0.0	0.16666666666666666	0.0	0.0	0.0	0.0	0.0	0.0	0.0	
Band-tailed Pigeon	0.0	0.0	0.0	0.0	0.0	0.0	0.0	0.0	0.0	0.0	0.0	0.0	0.0	0.25	0.16666666666666666	0.0	0.0	0.0	0.2	0.4	1.0	0.0	0.3333333333333333	0.4444444444444444	0.4	0.2	0.3333333333333333	0.13636363636363635	0.16666666666666666	0.11764705882352941	0.13636363636363635	0.0	0.058823529411764705	0.058823529411764705	0.0	0.034482758620689655	0.0	0.0	0.0	0.0	0.16666666666666666	0.0	0.0	0.0	0.0	0.0	0.5	0.0	
Eurasian Collared-Dove	0.0	0.0	0.0	0.0	0.0	0.0	0.0	0.0	0.0	0.0	0.25	0.0	0.0	0.0	0.0	0.0	0.0	0.0	0.0	0.0	0.0	0.2	0.0	0.0	0.0	0.06666666666666667	0.06666666666666667	0.045454545454545456	0.0	0.058823529411764705	0.13636363636363635	0.0	0.0	0.0	0.09090909090909091	0.0	0.0	0.0	0.0	0.0	0.0	0.0	0.0	0.0	0.0	0.0	0.0	0.0	
Mourning Dove	0.0	0.0	0.3333333333333333	0.0	0.0	0.16666666666666666	0.0	0.0	0.0	0.0	0.25	0.0	0.6666666666666666	0.25	0.0	0.0	0.3333333333333333	0.2	0.0	0.2	0.0	0.4	0.6666666666666666	0.4444444444444444	0.0	0.3333333333333333	0.4	0.13636363636363635	0.2222222222222222	0.29411764705882354	0.13636363636363635	0.0	0.058823529411764705	0.0	0.09090909090909091	0.0	0.0	0.0	0.0	0.058823529411764705	0.0	0.0	0.0	0.0	0.0	0.0	0.0	0.0	
pigeon/dove sp.	0.0	0.0	0.0	0.0	0.0	0.0	0.0	0.0	0.0	0.3333333333333333	0.0	0.0	0.0	0.0	0.0	0.0	0.0	0.0	0.0	0.0	0.0	0.0	0.0	0.0	0.0	0.0	0.0	0.0	0.0	0.0	0.0	0.0	0.0	0.0	0.0	0.0	0.0	0.0	0.0	0.0	0.0	0.0	0.0	0.0	0.0	0.0	0.0	0.0	
Vaux's Swift	0.0	0.0	0.0	0.0	0.0	0.0	0.0	0.0	0.0	0.0	0.0	0.0	0.0	0.0	0.0	0.0	0.0	0.0	0.0	0.0	0.0	0.0	0.0	0.0	0.0	0.0	0.0	0.0	0.0	0.0	0.0	0.0	0.0	0.058823529411764705	0.045454545454545456	0.0	0.0	0.0	0.0	0.0	0.0	0.0	0.0	0.0	0.0	0.0	0.0	0.0	
Anna's Hummingbird	0.0	0.0	0.0	0.0	0.0	0.16666666666666666	0.0	0.6666666666666666	0.25	0.0	0.0	0.0	0.6666666666666666	0.0	0.16666666666666666	0.0	0.0	0.1	0.2	0.4	0.0	0.0	0.0	0.1111111111111111	0.0	0.0	0.0	0.045454545454545456	0.0	0.0	0.13636363636363635	0.08695652173913043	0.29411764705882354	0.17647058823529413	0.13636363636363635	0.13793103448275862	0.0	0.047619047619047616	0.08333333333333333	0.11764705882352941	0.0	0.0	0.25	0.0	0.0	0.0	0.5	0.14285714285714285	
Rufous Hummingbird	0.0	0.0	0.0	0.0	0.0	0.0	0.0	0.0	0.0	0.0	0.0	0.0	0.3333333333333333	0.0	0.0	0.0	0.3333333333333333	0.0	0.0	0.4	0.0	0.2	0.3333333333333333	0.1111111111111111	0.6	0.06666666666666667	0.06666666666666667	0.045454545454545456	0.0	0.0	0.0	0.0	0.0	0.0	0.0	0.0	0.0	0.0	0.0	0.0	0.0	0.0	0.0	0.0	0.0	0.0	0.0	0.0	
hummingbird sp.	0.0	0.0	0.0	0.0	0.0	0.0	0.0	0.0	0.0	0.0	0.0	0.0	0.0	0.0	0.0	0.0	0.0	0.0	0.0	0.0	1.0	0.0	0.0	0.0	0.0	0.0	0.0	0.09090909090909091	0.0	0.11764705882352941	0.0	0.0	0.0	0.0	0.0	0.0	0.0	0.0	0.0	0.0	0.0	0.0	0.0	0.0	0.0	0.0	0.0	0.0	
Virginia Rail	0.0	0.0	0.0	0.0	0.0	0.0	0.0	0.3333333333333333	0.0	0.0	0.0	0.3	0.0	0.0	0.0	0.0	0.3333333333333333	0.3	0.2	0.4	1.0	0.2	0.0	0.4444444444444444	0.2	0.5333333333333333	0.3333333333333333	0.5	0.3333333333333333	0.11764705882352941	0.09090909090909091	0.391304347826087	0.29411764705882354	0.17647058823529413	0.3181818181818182	0.2413793103448276	0.125	0.3333333333333333	0.08333333333333333	0.17647058823529413	0.16666666666666666	0.1111111111111111	0.0	0.25	0.0	0.0	0.0	0.2857142857142857	
Sora	0.0	0.0	0.0	0.0	0.0	0.0	0.0	0.0	0.0	0.0	0.0	0.0	0.0	0.0	0.0	0.0	0.0	0.0	0.0	0.0	0.0	0.0	0.0	0.0	0.0	0.06666666666666667	0.0	0.0	0.0	0.058823529411764705	0.0	0.0	0.0	0.0	0.0	0.0	0.0	0.0	0.0	0.0	0.0	0.0	0.0	0.0	0.0	0.0	0.0	0.0	
American Coot	0.0	0.0	0.0	0.0	0.0	0.0	0.0	0.0	0.0	0.0	0.0	0.0	0.0	0.0	0.0	0.0	0.0	0.0	0.0	0.0	0.0	0.0	0.0	0.0	0.0	0.0	0.0	0.0	0.0	0.0	0.0	0.0	0.0	0.0	0.09090909090909091	0.0	0.0	0.0	0.0	0.0	0.0	0.0	0.0	0.25	0.0	0.0	0.0	0.0	
Sandhill Crane	0.0	0.0	0.0	0.0	0.0	0.0	0.0	0.0	0.0	0.0	0.0	0.0	0.0	0.0	0.0	0.0	0.0	0.0	0.0	0.0	0.0	0.0	0.0	0.0	0.0	0.0	0.0	0.0	0.0	0.0	0.0	0.0	0.0	0.0	0.0	0.0015	0.0	0.0	0.0	0.0	0.0	0.0	0.0	0.0	0.0	0.0	0.0	0.0	
Black-bellied Plover	0.3333333333333333	0.5	0.0	0.0	0.0	0.3333333333333333	0.6666666666666666	0.0	0.25	0.3333333333333333	0.5	0.3	0.3333333333333333	0.25	0.16666666666666666	0.0	0.0	0.0	0.0	0.0	0.0	0.0	0.0	0.0	0.0	0.0	0.0	0.09090909090909091	0.0	0.0	0.0	0.0	0.0	0.0	0.045454545454545456	0.13793103448275862	0.0	0.0	0.08333333333333333	0.058823529411764705	0.0	0.0	0.0	0.0	0.0	0.0	0.5	0.0	
Semipalmated Plover	0.0	0.0	0.0	0.0	0.0	0.0	0.0	0.0	0.0	0.0	0.0	0.0	0.0	0.0	0.0	0.0	0.3333333333333333	0.1	0.0	0.0	0.0	0.0	0.0	0.0	0.0	0.0	0.0	0.045454545454545456	0.0	0.058823529411764705	0.0	0.30434782608695654	0.17647058823529413	0.11764705882352941	0.2727272727272727	0.1724137931034483	0.0	0.0	0.0	0.0	0.0	0.0	0.0	0.0	0.0	0.0	0.0	0.0	
Killdeer	0.3333333333333333	0.0	0.3333333333333333	0.0	0.0	0.0	0.3333333333333333	0.3333333333333333	0.5	0.3333333333333333	0.25	0.2	0.3333333333333333	0.25	0.16666666666666666	0.0	0.3333333333333333	0.4	0.6	1.0	1.0	0.4	0.6666666666666666	0.7777777777777778	0.8	0.8	0.8666666666666667	0.8181818181818182	0.5555555555555556	0.7058823529411765	0.6363636363636364	0.6956521739130435	0.7647058823529411	0.7647058823529411	0.5454545454545454	0.6551724137931034	0.625	0.5238095238095238	0.6666666666666666	0.23529411764705882	0.0	0.0	0.0	0.0	0.0	0.0	0.0	0.0	
Marbled Godwit	0.0	0.0	0.0	0.0	0.0	0.0	0.0	0.0	0.0	0.0	0.0	0.0	0.0	0.0015	0.0	0.0	0.0	0.0	0.0	0.0	0.0	0.0	0.0	0.0	0.0	0.0	0.0	0.0	0.0	0.0	0.0	0.0	0.0	0.0	0.0	0.0	0.0	0.0	0.0	0.0	0.0	0.0	0.0	0.0	0.0	0.0	0.0	0.0	
Black Turnstone	0.0	0.0	0.3333333333333333	0.0	0.0	0.0	0.0	0.0	0.0	0.0	0.25	0.0	0.0	0.0	0.0	0.0	0.0	0.0	0.0	0.0	0.0	0.0	0.0	0.0	0.0	0.0	0.0	0.0	0.0	0.0	0.0	0.0	0.0	0.0	0.0	0.0	0.0	0.0	0.0	0.0	0.0	0.0	0.0	0.25	0.0	0.0	0.5	0.0	
Surfbird	0.0	0.0	0.0	0.0	0.0	0.0	0.0	0.0	0.0	0.0	0.0	0.0	0.0	0.0	0.0	0.0	0.0	0.0	0.0	0.0	0.0	0.0	0.0	0.0	0.0	0.0	0.0	0.0	0.0	0.0	0.0	0.0	0.0	0.0	0.0	0.0	0.0	0.0	0.0	0.0	0.0	0.0	0.0	0.0	0.0	0.0	0.5	0.0	
Stilt Sandpiper	0.0	0.0	0.0	0.0	0.0	0.0	0.0	0.0	0.0	0.0	0.0	0.0	0.0	0.0	0.0	0.0	0.0	0.0	0.0	0.0	0.0	0.0	0.0	0.0	0.0	0.0	0.0	0.0	0.0	0.0	0.0	0.17391304347826086	0.0	0.0	0.0	0.0	0.0	0.0	0.0	0.0	0.0	0.0	0.0	0.0	0.0	0.0	0.0	0.0	
Sanderling	0.3333333333333333	0.5	0.0	0.0	0.0	0.0	0.0	0.0	0.0	0.0	0.0	0.0	0.0	0.0	0.0	0.0	0.0	0.0	0.0	0.0	0.0	0.0	0.0	0.0	0.0	0.0	0.0	0.0	0.0	0.0	0.0	0.043478260869565216	0.11764705882352941	0.0	0.0	0.0	0.0	0.0	0.0	0.058823529411764705	0.0	0.0	0.0	0.0	0.0	0.0	0.5	0.0	
Dunlin	0.0	0.5	0.0	0.0	0.0	0.0	0.6666666666666666	0.0	0.0015	0.0	0.0	0.3	0.3333333333333333	0.25	0.0	0.0	0.0	0.0	0.0	0.0	0.0	0.0	0.0	0.0	0.0	0.0	0.0	0.0	0.0	0.0	0.0	0.0	0.0	0.0	0.0	0.0	0.0	0.0	0.08333333333333333	0.0	0.0	0.0	0.0	0.0	0.0	0.0	0.0	0.0	
Baird's Sandpiper	0.0	0.0	0.0	0.0	0.0	0.0	0.0	0.0	0.0	0.0	0.0	0.0	0.0	0.0	0.0	0.0	0.0	0.0	0.0	0.0	0.0	0.0	0.0	0.0	0.0	0.0	0.0	0.0	0.0	0.0	0.045454545454545456	0.0	0.058823529411764705	0.058823529411764705	0.0	0.0	0.0	0.0	0.0	0.0	0.0	0.0	0.0	0.0	0.0	0.0	0.0	0.0	
Least Sandpiper	0.0	0.0	0.0	0.0	0.0	0.0	0.0	0.0	0.0	0.0	0.0	0.0	0.0	0.0	0.0	0.0	0.0	0.0	0.0	0.0	0.0	0.0	0.0	0.1111111111111111	0.6	0.6666666666666666	0.6	0.5	0.6111111111111112	0.4117647058823529	0.22727272727272727	0.5217391304347826	0.35294117647058826	0.23529411764705882	0.2727272727272727	0.10344827586206896	0.0	0.047619047619047616	0.16666666666666666	0.0	0.16666666666666666	0.0	0.0	0.0	0.0	0.0	0.0	0.0	
Pectoral Sandpiper	0.0	0.0	0.0	0.0	0.0	0.0	0.0	0.0	0.0	0.0	0.0	0.0	0.0	0.0	0.0	0.0	0.0	0.0	0.0	0.0	0.0	0.0	0.0	0.0	0.0	0.0	0.0	0.0	0.0	0.0	0.045454545454545456	0.0	0.0	0.17647058823529413	0.18181818181818182	0.2413793103448276	0.0	0.19047619047619047	0.0	0.0	0.0	0.0	0.0	0.0	0.0	0.0	0.0	0.0	
Semipalmated Sandpiper	0.0	0.0	0.0	0.0	0.0	0.0	0.0	0.0	0.0	0.0	0.0	0.0	0.0	0.0	0.0	0.0	0.0	0.0	0.0	0.0	0.0	0.0	0.0	0.0	0.0	0.06666666666666667	0.06666666666666667	0.09090909090909091	0.05555555555555555	0.0	0.09090909090909091	0.043478260869565216	0.0	0.0	0.0	0.0	0.0	0.0	0.0	0.0	0.0	0.0	0.0	0.0	0.0	0.0	0.0	0.0	
Western Sandpiper	0.0	0.0	0.0	0.0	0.0	0.0	0.0	0.0	0.0	0.0	0.0	0.0	0.0	0.0	0.0	0.0	0.0	0.0	0.2	0.0	0.0	0.0	0.0	0.0	0.6	0.6	0.3333333333333333	0.2727272727272727	0.4444444444444444	0.47058823529411764	0.3181818181818182	0.34782608695652173	0.29411764705882354	0.29411764705882354	0.45454545454545453	0.2413793103448276	0.0	0.09523809523809523	0.0	0.0	0.0	0.0	0.0	0.0	0.0	0.0	0.0	0.0	
peep sp.	0.0	0.0	0.0	0.25	0.0	0.0	0.3333333333333333	0.0	0.0	0.0	0.0	0.0	0.0	0.25	0.0	0.0	0.0	0.0	0.0	0.0	0.0	0.0	0.0	0.0	0.0	0.0	0.13333333333333333	0.0	0.1111111111111111	0.23529411764705882	0.13636363636363635	0.0	0.0	0.058823529411764705	0.0	0.0	0.0	0.0	0.0	0.0	0.0	0.0	0.0	0.0	0.0	0.0	0.0	0.0	
Calidris sp.	0.0	0.0	0.0	0.0	0.0	0.0	0.0	0.0	0.0	0.0	0.0	0.0	0.3333333333333333	0.0	0.0	0.0	0.0	0.0	0.0	0.0	0.0	0.0	0.0	0.0	0.0	0.0	0.0	0.0	0.0	0.0	0.0	0.043478260869565216	0.058823529411764705	0.058823529411764705	0.0	0.0	0.0	0.0	0.0	0.0	0.0	0.0	0.0	0.0	0.0	0.0	0.0	0.0	
Short-billed Dowitcher	0.0	0.0	0.0	0.0	0.0	0.0	0.0	0.0	0.0	0.0	0.0	0.0	0.0	0.0	0.0	0.0	0.0	0.0	0.0	0.0	0.0	0.0	0.0	0.0	0.0	0.06666666666666667	0.0	0.0	0.0	0.0	0.0	0.0	0.0	0.058823529411764705	0.18181818181818182	0.0	0.0	0.0	0.0	0.058823529411764705	0.0	0.0	0.0	0.0	0.0	0.0	0.0	0.0	
Long-billed Dowitcher	0.0	0.0	0.0	0.0	0.0	0.0	0.0	0.0	0.0	0.0	0.0	0.0	0.0	0.0	0.0	0.0	0.0	0.0	0.0	0.0	0.0	0.0	0.0	0.0	0.0	0.13333333333333333	0.06666666666666667	0.045454545454545456	0.05555555555555555	0.0	0.045454545454545456	0.043478260869565216	0.0	0.0	0.0	0.06896551724137931	0.125	0.09523809523809523	0.0	0.0	0.0	0.0	0.0	0.0	0.0	0.0	0.0	0.0	
Short-billed/Long-billed Dowitcher	0.0	0.0	0.0	0.0	0.0	0.0	0.0	0.0	0.0	0.0	0.0	0.0	0.0	0.0	0.0	0.0	0.0	0.0	0.0	0.0	0.0	0.0	0.0	0.0	0.0	0.0	0.0	0.0	0.0	0.058823529411764705	0.0	0.0	0.0	0.0	0.0	0.0	0.0	0.0	0.0	0.0	0.0	0.0	0.0	0.0	0.0	0.0	0.0	0.0	
Wilson's Snipe	0.0	0.0	0.0	0.0	0.0	0.0	0.0	0.0	0.0	0.0	0.0	0.0	0.0	0.0	0.16666666666666666	0.0	0.0	0.0	0.0	0.0	0.0	0.0	0.0	0.0	0.0	0.0	0.0	0.0	0.0	0.0	0.045454545454545456	0.0	0.0	0.0	0.0	0.06896551724137931	0.0	0.047619047619047616	0.16666666666666666	0.0	0.0	0.0	0.0	0.0	0.0	0.0	0.0	0.0	
Red-necked Phalarope	0.0	0.0	0.0	0.0	0.0	0.0	0.0	0.0	0.0	0.0	0.0	0.0	0.0	0.0	0.0	0.0	0.0	0.0	0.0	0.0	0.0	0.0	0.0	0.0	0.0	0.0	0.0	0.0	0.0	0.0	0.0	0.0	0.0	0.058823529411764705	0.0	0.0	0.0	0.0	0.0	0.0	0.0	0.0	0.0	0.0	0.0	0.0	0.0	0.0	
Spotted Sandpiper	0.0	0.0	0.0	0.0	0.0	0.0	0.0	0.0	0.0	0.0	0.0	0.0	0.0	0.0	0.0	0.0	0.0	0.1	0.4	0.2	0.0	0.0	0.0	0.0	0.0	0.06666666666666667	0.2	0.22727272727272727	0.2222222222222222	0.11764705882352941	0.045454545454545456	0.0	0.11764705882352941	0.0	0.045454545454545456	0.10344827586206896	0.0	0.0	0.0	0.0	0.0	0.0	0.0	0.0	0.0	0.0	0.0	0.0	
Solitary Sandpiper	0.0	0.0	0.0	0.0	0.0	0.0	0.0	0.0	0.0	0.0	0.0	0.0	0.0	0.0	0.16666666666666666	0.0	0.0	0.0	0.0	0.0	0.0	0.0	0.0	0.0	0.0	0.0	0.0	0.0	0.0	0.0	0.09090909090909091	0.0	0.0	0.0	0.0	0.0	0.0	0.0	0.0	0.0	0.0	0.0	0.0	0.0	0.0	0.0	0.0	0.0	
Greater Yellowlegs	0.0	0.0	0.0	0.0	0.0	0.0	0.0	0.0	0.0	0.0	0.0	0.0	0.0	0.0	0.16666666666666666	0.0	0.0	0.0	0.0	0.0	0.0	0.0	0.0	0.0	0.0015	0.0	0.0	0.18181818181818182	0.0	0.29411764705882354	0.2727272727272727	0.391304347826087	0.23529411764705882	0.29411764705882354	0.36363636363636365	0.3448275862068966	0.375	0.14285714285714285	0.16666666666666666	0.11764705882352941	0.0	0.0	0.0	0.0	0.0	0.0	0.0	0.0	
Lesser Yellowlegs	0.0	0.0	0.0	0.0	0.0	0.0	0.0	0.0	0.0	0.0	0.0	0.0	0.0	0.0	0.0	0.0	0.0	0.1	0.0	0.0	0.0	0.0	0.0	0.0	0.0	0.0	0.0	0.045454545454545456	0.0	0.058823529411764705	0.36363636363636365	0.13043478260869565	0.058823529411764705	0.0	0.0	0.034482758620689655	0.125	0.0	0.0015	0.0	0.0	0.0	0.0	0.0	0.0	0.0	0.0	0.0	
Greater/Lesser Yellowlegs	0.0	0.0	0.0	0.0	0.0	0.0	0.0	0.0	0.0	0.0	0.0	0.0	0.0	0.0	0.0	0.0	0.0	0.0	0.0	0.0	0.0	0.0	0.0	0.0	0.0	0.0	0.0	0.045454545454545456	0.0	0.0	0.0	0.0	0.0	0.0	0.0	0.0	0.0	0.0	0.0	0.0	0.0	0.0	0.0	0.0	0.0	0.0	0.0	0.0	
shorebird sp.	0.0	0.0	0.0	0.0	0.0	0.0	0.0	0.0	0.0	0.0	0.0	0.0	0.0	0.0	0.0	0.0	0.0	0.0	0.0	0.0	0.0	0.0	0.0	0.0	0.0	0.0	0.0	0.0	0.0	0.0	0.045454545454545456	0.0	0.0	0.0	0.0	0.034482758620689655	0.0	0.0	0.0	0.0	0.0	0.0	0.0	0.0	0.0	0.0	0.0	0.0	
Parasitic Jaeger	0.0	0.0	0.0	0.0	0.0	0.0	0.0	0.0	0.0	0.0	0.0	0.0	0.0	0.0	0.0	0.0	0.0	0.0	0.0	0.0	0.0	0.0	0.0	0.0	0.0	0.0	0.0	0.0	0.0	0.0	0.0	0.0	0.058823529411764705	0.0	0.0	0.0	0.0	0.0	0.0	0.0	0.0	0.0	0.0	0.0	0.0	0.0	0.0	0.0	
Common Murre	0.0	0.0	0.0	0.0	0.0	0.0	0.0	0.0	0.0	0.0	0.0	0.0	0.0	0.0	0.0	0.0	0.0	0.0	0.0	0.0	0.0	0.0	0.0	0.0	0.0	0.0	0.0	0.0	0.05555555555555555	0.0	0.0	0.0	0.0	0.0	0.0	0.0	0.0	0.0	0.0	0.0	0.0	0.0	0.0	0.0	0.0	1.0	0.0	0.0	
Pigeon Guillemot	0.0	0.0	0.3333333333333333	0.0	0.0	0.0	0.6666666666666666	0.6666666666666666	0.0	0.3333333333333333	0.5	0.3	0.3333333333333333	0.75	0.3333333333333333	0.5	0.6666666666666666	0.6	0.4	1.0	1.0	0.8	1.0	0.8888888888888888	1.0	0.8666666666666667	0.9333333333333333	0.9545454545454546	0.7777777777777778	0.8235294117647058	0.36363636363636365	0.43478260869565216	0.29411764705882354	0.35294117647058826	0.3181818181818182	0.3448275862068966	0.5	0.3333333333333333	0.5833333333333334	0.4117647058823529	0.3333333333333333	0.3333333333333333	0.5	0.25	0.0	0.0	0.5	0.42857142857142855	
Marbled Murrelet	0.0	0.0	0.0	0.0	0.0	0.0	0.0	0.0	0.25	0.0	0.0	0.0	0.0	0.0	0.0	0.0	0.0	0.0	0.2	0.0	0.0	0.2	0.3333333333333333	0.2222222222222222	0.0	0.06666666666666667	0.13333333333333333	0.0	0.05555555555555555	0.058823529411764705	0.045454545454545456	0.0	0.0	0.058823529411764705	0.0	0.0	0.0	0.0	0.0	0.0	0.0	0.0	0.0	0.0	0.0	0.0	0.5	0.0	
Rhinoceros Auklet	0.0	0.0	0.0	0.0	0.0	0.0	0.0	0.0	0.25	0.0	0.0	0.0	0.3333333333333333	0.0	0.16666666666666666	0.5	0.0	0.4	0.4	0.2	0.0	0.4	0.3333333333333333	0.4444444444444444	0.0	0.3333333333333333	0.4666666666666667	0.3181818181818182	0.2777777777777778	0.11764705882352941	0.18181818181818182	0.08695652173913043	0.058823529411764705	0.0	0.045454545454545456	0.06896551724137931	0.0	0.047619047619047616	0.0	0.058823529411764705	0.3333333333333333	0.0	0.0	0.0	0.0	0.0	0.0	0.0	
Bonaparte's Gull	0.0	0.0	0.3333333333333333	0.0	0.0	0.0	0.0	0.0	0.0	0.0	0.0	0.2	0.0	0.0	0.0	0.5	0.6666666666666666	0.1	0.0	0.0	0.0	0.0	0.0	0.0	0.0	0.2	0.3333333333333333	0.45454545454545453	0.5555555555555556	0.35294117647058826	0.09090909090909091	0.2608695652173913	0.11764705882352941	0.0	0.045454545454545456	0.10344827586206896	0.25	0.23809523809523808	0.4166666666666667	0.29411764705882354	0.3333333333333333	0.2222222222222222	0.0	0.0	0.0	0.0	0.0	0.14285714285714285	
Heermann's Gull	0.0	0.0	0.0	0.0	0.0	0.0	0.0	0.0	0.0	0.0	0.0	0.0	0.0	0.0	0.0	0.0	0.0	0.0	0.0	0.0	0.0	0.0	0.0	0.0	0.0	0.2	0.2	0.045454545454545456	0.0	0.058823529411764705	0.0	0.08695652173913043	0.11764705882352941	0.0	0.13636363636363635	0.034482758620689655	0.125	0.14285714285714285	0.16666666666666666	0.0	0.3333333333333333	0.0	0.0	0.0	0.0	0.0	0.0	0.0	
Mew Gull	0.0	0.5	0.3333333333333333	0.25	0.0	0.6666666666666666	0.3333333333333333	0.6666666666666666	0.5	0.0	0.75	0.3	0.3333333333333333	1.0	0.5	0.5	0.0	0.0	0.0	0.0	0.0	0.0	0.0	0.0	0.0	0.2	0.13333333333333333	0.13636363636363635	0.0	0.47058823529411764	0.2727272727272727	0.34782608695652173	0.23529411764705882	0.17647058823529413	0.4090909090909091	0.6551724137931034	0.625	0.7619047619047619	0.75	0.6470588235294118	0.8333333333333334	0.3333333333333333	0.0	0.5	1.0	0.0	1.0	0.42857142857142855	
Ring-billed Gull	0.0	0.0	0.3333333333333333	0.0	0.0	0.0	0.3333333333333333	0.0	0.0	0.0	0.0	0.1	0.0	0.0	0.0	0.0	0.3333333333333333	0.0	0.0	0.0	0.0	0.0	0.0	0.0	0.0	0.0	0.06666666666666667	0.09090909090909091	0.05555555555555555	0.0	0.0	0.13043478260869565	0.0	0.058823529411764705	0.045454545454545456	0.13793103448275862	0.0	0.2857142857142857	0.16666666666666666	0.23529411764705882	0.3333333333333333	0.2222222222222222	0.0	0.0	0.0	0.0	0.0	0.0	
Western Gull	0.0	0.0	0.0	0.0	0.0	0.0	0.0	0.0	0.0	0.0	0.0	0.1	0.0	0.0	0.0	0.0	0.0	0.0	0.0	0.0	0.0	0.0	0.0	0.0	0.0	0.06666666666666667	0.0	0.0	0.0	0.0	0.0	0.0	0.0	0.0	0.0	0.0	0.0	0.0	0.0	0.0	0.0	0.0	0.0	0.0	0.0	0.0	0.0	0.14285714285714285	
California Gull	0.0	0.0	0.0	0.0	0.0	0.0	0.0	0.0	0.0	0.0	0.0	0.1	0.0	0.0	0.0	0.0	0.3333333333333333	0.1	0.2	0.0	0.0	0.0	0.0	0.3333333333333333	0.4	0.26666666666666666	0.4	0.4090909090909091	0.2777777777777778	0.5294117647058824	0.5909090909090909	0.391304347826087	0.35294117647058826	0.6470588235294118	0.6818181818181818	0.7931034482758621	0.625	0.47619047619047616	0.6666666666666666	0.23529411764705882	0.16666666666666666	0.4444444444444444	0.0	0.0	0.0	0.0	0.5	0.0	
Herring Gull	0.0	0.0	0.3333333333333333	0.0	0.0	0.0	0.0	0.0	0.0	0.0	0.0	0.0	0.0	0.0	0.0	0.0	0.0	0.0	0.0	0.0	0.0	0.0	0.0	0.0	0.0	0.0	0.0	0.0	0.0	0.0	0.0	0.0	0.0	0.0	0.0	0.0	0.0	0.0	0.0	0.0	0.0	0.0	0.0	0.0	0.0	0.0	0.0	0.0	
Glaucous-winged Gull	0.0	1.0	0.3333333333333333	0.0	0.0	0.5	0.6666666666666666	0.6666666666666666	0.5	0.3333333333333333	0.75	0.3	0.3333333333333333	1.0	0.5	0.5	1.0	0.5	0.4	0.6	0.0	0.6	0.3333333333333333	0.6666666666666666	0.4	0.5333333333333333	0.6666666666666666	0.4090909090909091	0.3888888888888889	0.5294117647058824	0.5	0.43478260869565216	0.5882352941176471	0.6470588235294118	0.6363636363636364	0.7241379310344828	0.875	0.7619047619047619	0.9166666666666666	0.7058823529411765	0.5	0.2222222222222222	0.0	0.5	0.0	1.0	1.0	0.5714285714285714	
Western x Glaucous-winged Gull (hybrid)	0.0	0.5	0.6666666666666666	0.0	0.0	0.0	0.0	0.0	0.0	0.6666666666666666	0.0	0.1	0.3333333333333333	0.0	0.16666666666666666	0.0	0.0	0.1	0.2	0.4	0.0	0.0	0.3333333333333333	0.1111111111111111	0.0	0.26666666666666666	0.06666666666666667	0.09090909090909091	0.0	0.058823529411764705	0.0	0.21739130434782608	0.23529411764705882	0.23529411764705882	0.36363636363636365	0.27586206896551724	0.25	0.38095238095238093	0.08333333333333333	0.29411764705882354	0.0	0.1111111111111111	0.25	0.5	1.0	0.0	0.5	0.0	
Western/Glaucous-winged Gull	0.0	0.0	0.0	0.0	0.0	0.0	0.0	0.6666666666666666	0.25	0.3333333333333333	0.5	0.0	0.0	0.0	0.0	0.0	0.0	0.2	0.2	0.2	0.0	0.0	0.3333333333333333	0.3333333333333333	0.4	0.06666666666666667	0.06666666666666667	0.18181818181818182	0.05555555555555555	0.11764705882352941	0.22727272727272727	0.21739130434782608	0.058823529411764705	0.11764705882352941	0.2727272727272727	0.20689655172413793	0.0	0.19047619047619047	0.0	0.0	0.3333333333333333	0.0	0.0	0.0	0.0	0.0	0.0	0.0	
Larus sp.	0.0	0.0	0.0	0.0	0.0	0.0	0.0	0.0	0.0	0.0	0.0	0.0	0.0	0.0	0.0	0.0	0.0	0.0	0.0	0.4	1.0	0.0	0.0	0.1111111111111111	0.0	0.06666666666666667	0.06666666666666667	0.13636363636363635	0.2222222222222222	0.29411764705882354	0.09090909090909091	0.2608695652173913	0.11764705882352941	0.29411764705882354	0.18181818181818182	0.13793103448275862	0.0	0.047619047619047616	0.08333333333333333	0.0	0.16666666666666666	0.0	0.5	0.0	0.0	0.0	0.0	0.14285714285714285	
gull sp.	0.6666666666666666	0.0	0.0	0.25	0.0	0.3333333333333333	0.0	0.0	0.25	0.0	0.0	0.1	0.3333333333333333	0.5	0.0	0.5	0.0	0.1	0.0	0.2	0.0	0.0	0.3333333333333333	0.0	0.0	0.13333333333333333	0.06666666666666667	0.09090909090909091	0.05555555555555555	0.11764705882352941	0.0	0.043478260869565216	0.058823529411764705	0.058823529411764705	0.09090909090909091	0.034482758620689655	0.0	0.047619047619047616	0.0	0.0	0.3333333333333333	0.1111111111111111	0.25	0.25	0.0	0.0	0.0	0.0	
Caspian Tern	0.0	0.0	0.0	0.0	0.0	0.0	0.0	0.0	0.0	0.0	0.0	0.0	0.0	0.0	0.0	0.5	0.3333333333333333	0.7	0.4	0.4	1.0	0.4	0.3333333333333333	0.5555555555555556	0.2	0.5333333333333333	0.5333333333333333	0.45454545454545453	0.3888888888888889	0.5294117647058824	0.6818181818181818	0.6086956521739131	0.6470588235294118	0.47058823529411764	0.22727272727272727	0.1724137931034483	0.0	0.047619047619047616	0.0	0.0	0.0	0.0	0.0	0.0	0.0	0.0	0.0	0.0	
Common Tern	0.0	0.0	0.0	0.0	0.0	0.0	0.0	0.0	0.0	0.0	0.0	0.0	0.0	0.0	0.0	0.0	0.0	0.0	0.0	0.0	0.0	0.0	0.0	0.0	0.0	0.0	0.06666666666666667	0.0	0.0	0.0	0.0	0.043478260869565216	0.0	0.0	0.0	0.034482758620689655	0.0	0.0	0.0	0.0	0.0	0.0	0.0	0.0	0.0	0.0	0.0	0.0	
Red-throated Loon	0.0	0.0	0.3333333333333333	0.0	0.0	0.16666666666666666	0.0	0.0	0.25	0.0	0.0	0.0	0.0	0.0	0.0	0.0	0.0	0.1	0.0	0.0	0.0	0.0	0.0	0.0	0.0	0.0	0.0	0.0	0.0	0.0	0.0	0.0	0.0	0.0	0.0	0.034482758620689655	0.125	0.047619047619047616	0.08333333333333333	0.058823529411764705	0.3333333333333333	0.0	0.25	0.0	0.0	0.0	0.0	0.0	
Pacific Loon	0.0	0.0	0.0	0.25	0.0	0.3333333333333333	0.6666666666666666	0.0	0.0	0.3333333333333333	0.0	0.1	0.0	0.0	0.16666666666666666	0.0	0.3333333333333333	0.4	0.8	0.2	0.0	0.0	0.0	0.0	0.0	0.0	0.0	0.0	0.0	0.0	0.0	0.0	0.0	0.058823529411764705	0.0	0.034482758620689655	0.375	0.23809523809523808	0.16666666666666666	0.23529411764705882	0.3333333333333333	0.3333333333333333	0.25	0.5	0.0	1.0	0.5	0.2857142857142857	
Common Loon	0.3333333333333333	0.5	0.6666666666666666	0.5	0.0	0.3333333333333333	0.3333333333333333	1.0	0.25	0.0	0.75	0.6	0.3333333333333333	0.5	0.5	1.0	1.0	0.5	0.4	0.0	0.0	0.0	0.0	0.1111111111111111	0.0	0.0	0.0	0.0	0.05555555555555555	0.17647058823529413	0.045454545454545456	0.34782608695652173	0.47058823529411764	0.7058823529411765	0.5909090909090909	0.7241379310344828	0.875	0.8095238095238095	0.9166666666666666	0.5882352941176471	0.8333333333333334	0.7777777777777778	0.25	1.0	1.0	1.0	0.5	0.42857142857142855	
loon sp.	0.0	0.0	0.0	0.0	0.0	0.0	0.0	0.0	0.0	0.0	0.0	0.0	0.0	0.0	0.0	0.0	0.0	0.0	0.0	0.0	0.0	0.0	0.0	0.0	0.0	0.0	0.0	0.0	0.0	0.0	0.0	0.0	0.058823529411764705	0.0	0.0	0.0	0.0	0.0	0.0	0.0	0.0	0.0	0.0	0.0	0.0	0.0	0.0	0.0	
Brandt's Cormorant	0.0	0.0	0.3333333333333333	0.0	0.0	0.0	0.0	0.0	0.25	0.0	0.0	0.1	0.0	0.0	0.0	0.0	0.0	0.0	0.0	0.4	0.0	0.2	0.0	0.0	0.0	0.0	0.06666666666666667	0.0	0.05555555555555555	0.0	0.0	0.0	0.11764705882352941	0.11764705882352941	0.09090909090909091	0.06896551724137931	0.0	0.047619047619047616	0.08333333333333333	0.11764705882352941	0.0	0.0	0.0	0.0	0.0	0.0	0.0	0.0	
Pelagic Cormorant	0.0	0.0	0.0	0.0	0.0	0.16666666666666666	0.3333333333333333	0.3333333333333333	0.0	0.0	0.0	0.1	0.0	0.25	0.0	0.0	0.3333333333333333	0.1	0.0	0.2	0.0	0.4	0.0	0.3333333333333333	0.0	0.06666666666666667	0.0	0.09090909090909091	0.1111111111111111	0.0	0.045454545454545456	0.13043478260869565	0.058823529411764705	0.058823529411764705	0.13636363636363635	0.13793103448275862	0.125	0.047619047619047616	0.08333333333333333	0.058823529411764705	0.0	0.0	0.0	0.0	0.0	0.0	0.5	0.0	
Double-crested Cormorant	0.0	0.0	1.0	0.0	0.0	0.3333333333333333	0.0	0.3333333333333333	0.25	0.3333333333333333	0.25	0.1	0.3333333333333333	0.0	0.0	0.0	0.3333333333333333	0.0	0.2	0.0	0.0	0.0	1.0	0.5555555555555556	0.0	0.2	0.2	0.22727272727272727	0.5555555555555556	0.23529411764705882	0.22727272727272727	0.4782608695652174	0.5882352941176471	0.5882352941176471	0.5	0.7241379310344828	0.75	0.7142857142857143	0.6666666666666666	0.47058823529411764	0.6666666666666666	0.3333333333333333	0.0	0.25	0.0	0.0	0.5	0.2857142857142857	
cormorant sp.	0.0	0.0	0.0	0.0	0.0	0.0	0.0	0.0	0.25	0.0	0.0	0.0	0.3333333333333333	0.0	0.16666666666666666	0.0	0.0	0.0	0.2	0.2	0.0	0.0	0.0	0.1111111111111111	0.0	0.0	0.06666666666666667	0.0	0.05555555555555555	0.0	0.09090909090909091	0.0	0.058823529411764705	0.11764705882352941	0.045454545454545456	0.0	0.0	0.0	0.0	0.0	0.16666666666666666	0.0	0.0	0.0	0.0	0.0	0.0	0.0	
Great Blue Heron	1.0	0.5	0.3333333333333333	0.5	0.0	0.3333333333333333	0.3333333333333333	1.0	0.75	0.0	0.5	0.6	0.6666666666666666	0.75	0.6666666666666666	1.0	0.6666666666666666	0.8	0.6	1.0	1.0	0.8	1.0	0.8888888888888888	1.0	1.0	0.8666666666666667	0.9545454545454546	0.8888888888888888	1.0	0.9545454545454546	0.9565217391304348	0.7647058823529411	0.9411764705882353	0.8636363636363636	0.8620689655172413	0.875	0.9047619047619048	0.75	0.7058823529411765	1.0	0.4444444444444444	0.5	0.75	0.0	1.0	1.0	0.42857142857142855	
Turkey Vulture	0.0	0.0	0.0	0.0	0.0	0.0	0.0	0.0	0.0	0.0	0.0	0.0	0.0	0.0	0.16666666666666666	0.0	0.0	0.1	0.0	0.0	0.0	0.0	0.0	0.1111111111111111	0.0	0.0	0.0	0.0	0.0	0.0	0.0	0.0	0.0	0.0	0.0	0.0	0.125	0.0	0.0	0.0	0.0	0.0	0.0	0.0	0.0	0.0	0.0	0.0	
Osprey	0.0	0.0	0.0	0.0	0.0	0.0	0.0	0.0	0.0	0.0	0.0	0.0	0.0	0.25	0.6666666666666666	1.0	1.0	0.8	0.6	1.0	1.0	1.0	1.0	0.7777777777777778	0.8	1.0	0.9333333333333333	0.8181818181818182	0.9444444444444444	0.8235294117647058	0.9090909090909091	0.9565217391304348	0.9411764705882353	0.5882352941176471	0.6818181818181818	0.3448275862068966	0.125	0.0	0.0	0.0	0.0	0.0	0.0	0.0	0.0	0.0	0.0	0.0	
Northern Harrier	0.0	0.0	0.0	0.0	0.0	0.0	0.0	0.0	0.0	0.0	0.0	0.0	0.0	0.0	0.0	0.0	0.0	0.0	0.0	0.0	0.0	0.0	0.0	0.0	0.0	0.0	0.0	0.0	0.0	0.0	0.045454545454545456	0.0	0.0	0.0	0.09090909090909091	0.06896551724137931	0.0	0.0	0.08333333333333333	0.0	0.0	0.0	0.25	0.0	0.0	0.0	0.0	0.0	
Sharp-shinned Hawk	0.0	0.0	0.0	0.0	0.0	0.0	0.0	0.0	0.0	0.0	0.0	0.0	0.0	0.0	0.0	0.0	0.0	0.0	0.0	0.0	0.0	0.0	0.0	0.0	0.0	0.0	0.0	0.0	0.0	0.0	0.0	0.0	0.0	0.0	0.0	0.0	0.0	0.047619047619047616	0.16666666666666666	0.0	0.16666666666666666	0.0	0.0	0.0	0.0	0.0	0.0	0.0	
Cooper's Hawk	0.0	0.0	0.0	0.0	0.0	0.0	0.0	0.0	0.0	0.0	0.0	0.0	0.0	0.0	0.16666666666666666	0.0	0.0	0.0	0.0	0.0	0.0	0.0	0.0	0.0	0.0	0.0	0.0	0.09090909090909091	0.0	0.11764705882352941	0.13636363636363635	0.043478260869565216	0.058823529411764705	0.17647058823529413	0.0	0.034482758620689655	0.0	0.0	0.08333333333333333	0.11764705882352941	0.0	0.0	0.0	0.0	0.0	0.0	0.0	0.14285714285714285	
Sharp-shinned/Cooper's Hawk	0.0	0.0	0.0	0.0	0.0	0.0	0.0	0.0	0.0	0.0	0.0	0.0	0.0	0.0	0.0	0.0	0.0	0.0	0.0	0.0	0.0	0.0	0.0	0.0	0.0	0.0	0.0	0.0	0.0	0.0	0.0	0.043478260869565216	0.0	0.0	0.0	0.034482758620689655	0.0	0.0	0.0	0.0	0.0	0.0	0.0	0.0	0.0	0.0	0.0	0.14285714285714285	
Accipiter sp.	0.0	0.0	0.0	0.0	0.0	0.0	0.0	0.0	0.0	0.0	0.0	0.0	0.0	0.0	0.0	0.0	0.0	0.0	0.0	0.0	0.0	0.0	0.0	0.0	0.0	0.0	0.0	0.0	0.0	0.0	0.0	0.0	0.0	0.0	0.0	0.0	0.0	0.0	0.0	0.0	0.0	0.0	0.0	0.25	0.0	0.0	0.0	0.0	
Bald Eagle	0.6666666666666666	0.5	0.6666666666666666	0.75	0.0	0.3333333333333333	0.3333333333333333	1.0	0.25	0.6666666666666666	0.25	0.3	0.0	1.0	0.3333333333333333	1.0	0.3333333333333333	0.3	0.4	0.4	1.0	0.0	0.3333333333333333	0.2222222222222222	0.8	0.5333333333333333	0.26666666666666666	0.2727272727272727	0.16666666666666666	0.17647058823529413	0.4090909090909091	0.17391304347826086	0.17647058823529413	0.0	0.09090909090909091	0.06896551724137931	0.25	0.47619047619047616	0.16666666666666666	0.5882352941176471	0.8333333333333334	0.2222222222222222	0.25	0.5	0.0	1.0	0.5	0.7142857142857143	
Red-tailed Hawk	0.0	0.0	0.0	0.0	0.0	0.16666666666666666	0.3333333333333333	0.3333333333333333	0.0	0.0	0.0	0.1	0.0	0.0	0.16666666666666666	0.5	0.0	0.0	0.0	0.0	0.0	0.0	0.0	0.0	0.0	0.0	0.06666666666666667	0.09090909090909091	0.0	0.0	0.045454545454545456	0.0	0.0	0.058823529411764705	0.0	0.06896551724137931	0.125	0.09523809523809523	0.08333333333333333	0.058823529411764705	0.3333333333333333	0.2222222222222222	0.0	0.0	0.0	0.0	0.0	0.0	
Rough-legged Hawk	0.0	0.0	0.0	0.0	0.0	0.0	0.0	0.0	0.0	0.0	0.0	0.0	0.0	0.0	0.0	0.0	0.0	0.0	0.0	0.0	0.0	0.0	0.0	0.0	0.0	0.0	0.0	0.0	0.0	0.0	0.0	0.0	0.0	0.0	0.0	0.0	0.0	0.0	0.08333333333333333	0.0	0.0	0.0	0.0	0.0	0.0	0.0	0.0	0.0	
Barred Owl	0.0	0.0	0.0	0.0	0.0	0.0	0.0	0.0	0.0	0.0	0.0	0.0	0.0	0.0	0.0	0.0	0.3333333333333333	0.0	0.0	0.0	0.0	0.0	0.0	0.0	0.2	0.0	0.0	0.0	0.0	0.0	0.09090909090909091	0.0	0.11764705882352941	0.058823529411764705	0.13636363636363635	0.0	0.0	0.0	0.0	0.0	0.0	0.0	0.0	0.0	0.0	0.0	0.0	0.14285714285714285	
Short-eared Owl	0.0	0.0	0.0	0.0	0.0	0.0	0.0	0.0	0.0	0.0	0.0	0.0	0.0	0.0	0.0	0.0	0.0	0.0	0.0	0.0	0.0	0.0	0.0	0.0	0.0	0.0	0.0	0.0	0.0	0.0	0.0	0.0	0.0	0.0	0.0	0.0	0.0	0.047619047619047616	0.0	0.0	0.0	0.0	0.0	0.0	0.0	0.0	0.0	0.0	
Belted Kingfisher	0.0015	0.0	0.6666666666666666	0.5	0.0	0.0	0.3333333333333333	0.6666666666666666	0.25	0.0	0.5	0.2	0.0	0.75	0.3333333333333333	0.5	0.3333333333333333	0.3	0.2	0.2	0.0	0.2	1.0	0.3333333333333333	0.4	0.6	0.7333333333333333	0.6818181818181818	0.6666666666666666	0.9411764705882353	0.6818181818181818	0.6521739130434783	0.5882352941176471	0.6470588235294118	0.5909090909090909	0.6896551724137931	0.5	0.47619047619047616	0.6666666666666666	0.5882352941176471	0.3333333333333333	0.2222222222222222	0.0	0.5	0.0	0.0	0.5	0.42857142857142855	
Red-breasted Sapsucker	0.0	0.0	0.0	0.0	0.0	0.0	0.0	0.0	0.0	0.0	0.0	0.0	0.0	0.0	0.3333333333333333	0.0	0.0	0.0	0.0	0.0	1.0	0.0	0.0	0.2222222222222222	0.0	0.0	0.06666666666666667	0.0	0.0	0.0	0.0	0.0	0.0	0.0	0.045454545454545456	0.0	0.0015	0.047619047619047616	0.0	0.0	0.0	0.0	0.25	0.0	0.0	0.0	0.0	0.14285714285714285	
Downy Woodpecker	0.0	0.0	0.0	0.0	0.0	0.0	0.0	0.0	0.0	0.0	0.0	0.0	0.3333333333333333	0.0	0.0	0.0	0.0	0.0	0.0	0.0	0.0	0.0	0.0	0.1111111111111111	0.0	0.06666666666666667	0.0	0.045454545454545456	0.1111111111111111	0.058823529411764705	0.045454545454545456	0.0	0.0	0.0	0.045454545454545456	0.06896551724137931	0.0	0.09523809523809523	0.08333333333333333	0.17647058823529413	0.0	0.0	0.0	0.25	1.0	0.0	1.0	0.2857142857142857	
Hairy Woodpecker	0.0	0.0	0.6666666666666666	0.0	0.0	0.0	0.0	0.0	0.0	0.0	0.0	0.0	0.3333333333333333	0.25	0.0015	0.5	0.3333333333333333	0.1	0.2	0.0	0.0	0.4	0.3333333333333333	0.0	0.2	0.2	0.13333333333333333	0.09090909090909091	0.0	0.058823529411764705	0.045454545454545456	0.0	0.17647058823529413	0.0	0.045454545454545456	0.10344827586206896	0.25	0.09523809523809523	0.25	0.058823529411764705	0.16666666666666666	0.0	0.0	0.0	1.0	0.0	0.0	0.2857142857142857	
Pileated Woodpecker	0.0	0.0	0.3333333333333333	0.0	0.0	0.0	0.0	0.3333333333333333	0.0	0.3333333333333333	0.25	0.1	0.3333333333333333	0.5	0.16666666666666666	0.0	0.6666666666666666	0.1	0.2	0.4	1.0	0.2	1.0	0.0	0.2	0.2	0.06666666666666667	0.22727272727272727	0.1111111111111111	0.17647058823529413	0.13636363636363635	0.13043478260869565	0.29411764705882354	0.058823529411764705	0.13636363636363635	0.13793103448275862	0.125	0.0	0.16666666666666666	0.058823529411764705	0.16666666666666666	0.1111111111111111	0.0	0.25	0.0	0.0	1.0	0.0	
Northern Flicker	0.3333333333333333	0.0	0.6666666666666666	0.0	0.0	0.0	0.3333333333333333	0.3333333333333333	0.0015	0.0	0.0	0.0	1.0	0.5	0.3333333333333333	0.0	0.0	0.1	0.2	0.4	0.0	0.2	0.3333333333333333	0.3333333333333333	0.4	0.4	0.4666666666666667	0.3181818181818182	0.3333333333333333	0.11764705882352941	0.2727272727272727	0.21739130434782608	0.23529411764705882	0.35294117647058826	0.18181818181818182	0.41379310344827586	0.75	0.47619047619047616	0.4166666666666667	0.4117647058823529	0.16666666666666666	0.2222222222222222	0.5	0.0	1.0	0.0	0.5	0.14285714285714285	
Merlin	0.0	0.0	0.0	0.0	0.0	0.0015	0.0	0.0	0.0	0.0	0.0	0.0	0.0	0.0	0.0	0.0	0.0	0.0	0.0	0.0	0.0	0.0	0.0	0.0	0.0	0.0	0.0	0.0	0.0	0.058823529411764705	0.0	0.0	0.0	0.0	0.0	0.0	0.0	0.0	0.08333333333333333	0.11764705882352941	0.16666666666666666	0.1111111111111111	0.0	0.0	0.0	0.0	0.0	0.0	
Peregrine Falcon	0.0	0.0	0.0	0.0	0.0	0.0	0.0	0.0	0.0	0.0	0.0	0.1	0.0	0.0	0.0	0.0	0.0	0.0	0.0	0.0	0.0	0.0	0.0	0.0	0.0	0.0	0.0	0.0	0.0	0.058823529411764705	0.0	0.0	0.0	0.0	0.0	0.0	0.0	0.0	0.08333333333333333	0.058823529411764705	0.0	0.2222222222222222	0.0	0.0	0.0	0.0	0.0	0.14285714285714285	
falcon sp.	0.0	0.0	0.0	0.0	0.0	0.0	0.0	0.0	0.0	0.0	0.0	0.0	0.0	0.0	0.16666666666666666	0.0	0.0	0.0	0.0	0.0	0.0	0.0	0.0	0.0	0.0	0.0	0.0	0.0	0.0	0.0	0.0	0.0	0.0	0.0	0.0	0.0	0.0	0.0	0.0	0.0	0.0	0.0	0.0	0.0	0.0	0.0	0.0	0.0	
Olive-sided Flycatcher	0.0	0.0	0.0	0.0	0.0	0.0	0.0	0.0	0.0	0.0	0.0	0.0	0.0	0.0	0.0	0.0	0.0	0.0	0.0	0.2	0.0	0.2	0.0	0.0015	0.0	0.06666666666666667	0.0	0.22727272727272727	0.05555555555555555	0.11764705882352941	0.045454545454545456	0.043478260869565216	0.0	0.0	0.0	0.0	0.0	0.0	0.0	0.0	0.0	0.0	0.0	0.0	0.0	0.0	0.0	0.0	
Western Wood-Pewee	0.0	0.0	0.0	0.0	0.0	0.0	0.0	0.0	0.0	0.0	0.0	0.0	0.0	0.0	0.0	0.0	0.0	0.0	0.0	0.0	0.0	0.0	0.0	0.0	0.2	0.06666666666666667	0.0	0.0	0.0	0.0	0.045454545454545456	0.0	0.0	0.0	0.0	0.0	0.0	0.0	0.0	0.0	0.0	0.0	0.0	0.0	0.0	0.0	0.0	0.0	
Willow Flycatcher	0.0	0.0	0.0	0.0	0.0	0.0	0.0	0.0	0.0	0.0	0.0	0.0	0.0	0.0	0.0	0.0	0.0	0.0	0.0	0.0	0.0	0.0	0.0	0.0	0.0	0.0	0.06666666666666667	0.0	0.0	0.0	0.0	0.0	0.0	0.0	0.0	0.0	0.0	0.0	0.0	0.0	0.0	0.0	0.0	0.0	0.0	0.0	0.0	0.0	
Hammond's Flycatcher	0.0	0.0	0.0	0.0	0.0	0.0	0.0	0.0	0.0	0.0	0.0	0.0	0.0	0.0	0.0	0.0	0.0	0.0	0.0	0.0	0.0	0.0	0.0	0.0	0.2	0.0	0.0	0.0	0.0	0.0	0.0	0.043478260869565216	0.0	0.0	0.0	0.0	0.0	0.0	0.0	0.0	0.0	0.0	0.0	0.0	0.0	0.0	0.0	0.0	
Pacific-slope Flycatcher	0.0	0.0	0.0	0.0	0.0	0.0	0.0	0.0	0.0	0.0	0.0	0.0	0.0	0.0	0.16666666666666666	0.0	1.0	0.4	0.6	0.6	1.0	1.0	0.6666666666666666	0.6666666666666666	1.0	0.7333333333333333	0.6	0.4090909090909091	0.5	0.11764705882352941	0.045454545454545456	0.043478260869565216	0.058823529411764705	0.0	0.0	0.0	0.0	0.0	0.0	0.0	0.0	0.0	0.0	0.0	0.0	0.0	0.0	0.0	
Empidonax sp.	0.0	0.0	0.0	0.0	0.0	0.0	0.0	0.0	0.0	0.0	0.0	0.0	0.0	0.0	0.0	0.0	0.0	0.0	0.0	0.0	0.0	0.0	0.0	0.0	0.0	0.0	0.06666666666666667	0.0	0.0	0.0	0.0	0.0	0.0	0.0	0.0	0.0	0.0	0.0	0.0	0.0	0.0	0.0	0.0	0.0	0.0	0.0	0.0	0.0	
Black Phoebe	0.0	0.0	0.0	0.0	0.0	0.0	0.0	0.0	0.0	0.0	0.0	0.0	0.0	0.0	0.0	0.0	0.0	0.0	0.0	0.0	0.0	0.0	0.0	0.0	0.0	0.0	0.0	0.0	0.05555555555555555	0.0	0.045454545454545456	0.0	0.0	0.0	0.0	0.0	0.0	0.0	0.0	0.0	0.0	0.0	0.0	0.0	0.0	0.0	0.0	0.0	
Northern Shrike	0.0	0.0	0.0	0.0	0.0	0.0	0.0	0.0	0.0	0.0	0.0	0.0	0.0	0.0	0.0	0.0	0.0	0.0	0.0	0.0	0.0	0.0	0.0	0.0	0.0	0.0	0.0	0.0	0.0	0.0	0.0	0.0	0.0	0.0	0.0	0.0	0.0	0.09523809523809523	0.08333333333333333	0.0	0.0	0.0	0.0	0.0	0.0	0.0	0.0	0.0	
Hutton's Vireo	0.0	0.0	0.0	0.0	0.0	0.0	0.3333333333333333	0.6666666666666666	0.25	0.0	0.0	0.0	0.0	0.0	0.0	0.0	0.0	0.0	0.0	0.2	0.0	0.0	0.0	0.1111111111111111	0.0	0.13333333333333333	0.06666666666666667	0.045454545454545456	0.0	0.058823529411764705	0.045454545454545456	0.21739130434782608	0.23529411764705882	0.11764705882352941	0.18181818181818182	0.10344827586206896	0.125	0.047619047619047616	0.08333333333333333	0.058823529411764705	0.0	0.0	0.0	0.0	0.0	0.0	0.0	0.14285714285714285	
Cassin's Vireo	0.0	0.0	0.0	0.0	0.0	0.0	0.0	0.0	0.0	0.0	0.0	0.0	0.0	0.0	0.0	0.0	0.0	0.0	0.0	0.0	0.0	0.0	0.0	0.0	0.0	0.0	0.0	0.0	0.0	0.0	0.045454545454545456	0.0	0.058823529411764705	0.058823529411764705	0.0	0.034482758620689655	0.0	0.0	0.0	0.0	0.0	0.0	0.0	0.0	0.0	0.0	0.0	0.0	
Warbling Vireo	0.0	0.0	0.0	0.0	0.0	0.0	0.0	0.0	0.0	0.0	0.0	0.0	0.0	0.0	0.0	0.0	0.3333333333333333	0.0015	0.0	0.0	0.0	0.2	0.0	0.0	0.0	0.0	0.0	0.0	0.0	0.058823529411764705	0.0	0.08695652173913043	0.058823529411764705	0.058823529411764705	0.0	0.0	0.0	0.0	0.0	0.0	0.0	0.0	0.0	0.0	0.0	0.0	0.0	0.0	
vireo sp.	0.0	0.0	0.0	0.0	0.0	0.0	0.0	0.0	0.0	0.0	0.0	0.0	0.0	0.0	0.0	0.0	0.0	0.0	0.0	0.0	0.0	0.0	0.0	0.0	0.0	0.0	0.0	0.0	0.0	0.0	0.0	0.0	0.058823529411764705	0.0	0.0	0.0	0.0	0.0	0.0	0.0	0.0	0.0	0.0	0.0	0.0	0.0	0.0	0.0	
Steller's Jay	0.0	0.0	0.3333333333333333	0.25	0.0	0.0	0.6666666666666666	0.3333333333333333	0.0	0.0	0.25	0.0	0.0	0.5	0.16666666666666666	0.0	0.3333333333333333	0.1	0.2	0.4	0.0	0.0	0.3333333333333333	0.1111111111111111	0.0	0.13333333333333333	0.3333333333333333	0.45454545454545453	0.2222222222222222	0.17647058823529413	0.18181818181818182	0.2608695652173913	0.11764705882352941	0.35294117647058826	0.4090909090909091	0.4827586206896552	0.5	0.6190476190476191	0.3333333333333333	0.29411764705882354	0.16666666666666666	0.1111111111111111	0.0	0.0	0.0	0.0	0.5	0.2857142857142857	
California Scrub-Jay	0.0	0.0	0.0	0.0	0.0	0.16666666666666666	0.0	0.0	0.0	0.0	0.0	0.0	0.0	0.0	0.0	0.0	0.0	0.0	0.0	0.0	0.0	0.0	0.0	0.0	0.0	0.0	0.0	0.0	0.0	0.0	0.0	0.0	0.0	0.0	0.0	0.034482758620689655	0.0	0.0	0.0	0.0	0.0	0.0	0.0	0.0	0.0	0.0	0.0	0.0	
American Crow	0.0	0.0	0.3333333333333333	0.25	0.0	0.0	0.3333333333333333	0.3333333333333333	0.5	0.0	0.0	0.3	0.6666666666666666	0.75	0.3333333333333333	0.5	0.6666666666666666	0.2	0.0	0.2	0.0	0.2	0.3333333333333333	0.0	0.4	0.5333333333333333	0.4666666666666667	0.5	0.2777777777777778	0.17647058823529413	0.18181818181818182	0.2608695652173913	0.29411764705882354	0.17647058823529413	0.36363636363636365	0.27586206896551724	0.5	0.3333333333333333	0.25	0.35294117647058826	0.0	0.1111111111111111	0.0	0.0	0.0	1.0	0.5	0.42857142857142855	
American/Northwestern Crow	0.0	0.0	0.0	0.0	0.0	0.0	0.0	1.0	0.25	0.3333333333333333	0.25	0.1	0.3333333333333333	0.25	0.3333333333333333	0.5	0.3333333333333333	0.6	0.8	0.6	1.0	0.4	0.3333333333333333	0.7777777777777778	0.4	0.26666666666666666	0.3333333333333333	0.36363636363636365	0.3333333333333333	0.4117647058823529	0.4090909090909091	0.21739130434782608	0.11764705882352941	0.23529411764705882	0.09090909090909091	0.13793103448275862	0.125	0.23809523809523808	0.0	0.0	0.3333333333333333	0.0	0.0	0.0	0.0	0.0	0.0	0.2857142857142857	
Common Raven	0.0	0.0	0.6666666666666666	0.0	0.0	0.0	0.0	0.0	0.0	0.0	0.0	0.3	0.6666666666666666	0.0	0.0	0.0	0.0	0.3	0.4	0.2	1.0	0.2	0.0	0.0	0.0	0.2	0.26666666666666666	0.2727272727272727	0.1111111111111111	0.058823529411764705	0.22727272727272727	0.21739130434782608	0.11764705882352941	0.4117647058823529	0.3181818181818182	0.27586206896551724	0.125	0.2857142857142857	0.5833333333333334	0.29411764705882354	0.0	0.1111111111111111	0.25	0.25	0.0	1.0	0.0	0.2857142857142857	
Northern Rough-winged Swallow	0.0	0.0	0.0	0.0	0.0	0.0	0.0	0.0	0.0	0.0	0.0	0.1	0.0	0.5	0.3333333333333333	0.0	0.6666666666666666	0.8	0.8	1.0	0.0	1.0	0.3333333333333333	0.7777777777777778	0.6	0.7333333333333333	1.0	0.7727272727272727	0.5	0.23529411764705882	0.13636363636363635	0.08695652173913043	0.0	0.0	0.0	0.0	0.0	0.0	0.0	0.0	0.0	0.0	0.0	0.0	0.0	0.0	0.0	0.0	
Purple Martin	0.0	0.0	0.0	0.0	0.0	0.0	0.0	0.0	0.0	0.0	0.0	0.0	0.0	0.0	0.0	0.0	0.0	0.1	0.0	0.2	0.0	0.0	0.0	0.1111111111111111	0.2	0.06666666666666667	0.06666666666666667	0.09090909090909091	0.05555555555555555	0.058823529411764705	0.0	0.0	0.0	0.0	0.0	0.0	0.0	0.0	0.0	0.0	0.0	0.0	0.0	0.0	0.0	0.0	0.0	0.0	
Tree Swallow	0.0	0.0	0.0	0.0	0.0	0.0	0.0	0.0	0.0	0.0	0.0	0.1	0.3333333333333333	0.25	0.3333333333333333	0.0	0.3333333333333333	0.1	0.4	0.2	1.0	0.4	1.0	0.4444444444444444	0.2	0.6	0.26666666666666666	0.18181818181818182	0.1111111111111111	0.058823529411764705	0.045454545454545456	0.0	0.0	0.0	0.0	0.0	0.0	0.0	0.0	0.0	0.0	0.0	0.0	0.0	0.0	0.0	0.0	0.0	
Violet-green Swallow	0.0	0.0	0.0	0.0	0.0	0.0	0.0	0.0	0.0	0.0	0.0	0.2	0.6666666666666666	0.25	0.3333333333333333	0.5	1.0	0.5	0.6	1.0	0.0	1.0	0.6666666666666666	0.8888888888888888	1.0	0.9333333333333333	0.4666666666666667	0.36363636363636365	0.6666666666666666	0.17647058823529413	0.09090909090909091	0.17391304347826086	0.11764705882352941	0.058823529411764705	0.045454545454545456	0.034482758620689655	0.0	0.0	0.0	0.0	0.0	0.0	0.0	0.0	0.0	0.0	0.0	0.0	
Tree/Violet-green Swallow	0.0	0.0	0.0	0.0	0.0	0.0	0.0	0.0	0.0	0.0	0.0	0.0	0.0	0.0	0.0	0.0	0.0	0.0	0.0	0.0	0.0	0.0	0.0	0.0	0.0	0.0	0.0	0.09090909090909091	0.0	0.0	0.0	0.043478260869565216	0.0	0.0	0.0	0.0	0.0	0.0	0.0	0.0	0.0	0.0	0.0	0.0	0.0	0.0	0.0	0.0	
Barn Swallow	0.0	0.0	0.0	0.0	0.0	0.0	0.0	0.0	0.0	0.0	0.0	0.0	0.0	0.0	0.3333333333333333	0.5	0.6666666666666666	0.6	0.6	1.0	1.0	0.8	0.6666666666666666	0.8888888888888888	0.6	1.0	0.8666666666666667	0.7272727272727273	0.8333333333333334	0.8235294117647058	0.6818181818181818	0.782608695652174	0.4117647058823529	0.23529411764705882	0.09090909090909091	0.13793103448275862	0.0	0.0	0.0	0.0	0.0	0.0	0.0	0.0	0.0	0.0	0.0	0.0	
Cliff Swallow	0.0	0.0	0.0	0.0	0.0	0.0	0.0	0.0	0.0	0.0	0.0	0.0	0.0	0.0	0.0	0.0	0.0	0.2	0.0	0.0	0.0	0.2	0.0	0.3333333333333333	0.0	0.26666666666666666	0.0	0.18181818181818182	0.16666666666666666	0.058823529411764705	0.0	0.043478260869565216	0.0	0.0	0.0	0.0	0.0	0.0	0.0	0.0	0.0	0.0	0.0	0.0	0.0	0.0	0.0	0.0	
swallow sp.	0.0	0.0	0.0	0.0	0.0	0.0	0.0	0.0	0.0	0.0	0.0	0.0	0.0	0.0	0.16666666666666666	0.5	0.0	0.0	0.0	0.0	0.0	0.0	0.0	0.0	0.0	0.0	0.0	0.045454545454545456	0.05555555555555555	0.058823529411764705	0.09090909090909091	0.043478260869565216	0.058823529411764705	0.058823529411764705	0.0	0.0	0.0	0.0	0.0	0.0	0.0	0.0	0.0	0.0	0.0	0.0	0.0	0.0	
Black-capped Chickadee	0.6666666666666666	0.0	0.3333333333333333	0.0	0.0	0.0	0.6666666666666666	0.6666666666666666	0.0	0.0	0.0	0.1	0.3333333333333333	0.25	0.16666666666666666	0.5	0.0	0.0015	0.2	0.2	0.0	0.2	0.3333333333333333	0.3333333333333333	0.4	0.4	0.5333333333333333	0.36363636363636365	0.2777777777777778	0.23529411764705882	0.2727272727272727	0.2608695652173913	0.5882352941176471	0.35294117647058826	0.36363636363636365	0.3448275862068966	0.5	0.2857142857142857	0.4166666666666667	0.29411764705882354	0.3333333333333333	0.1111111111111111	0.0	0.25	1.0	0.0	1.0	0.5714285714285714	
Chestnut-backed Chickadee	0.3333333333333333	0.0	0.3333333333333333	0.0	0.0	0.0	0.3333333333333333	0.3333333333333333	0.25	0.0	0.25	0.0	0.6666666666666666	0.25	0.5	0.0	0.3333333333333333	0.2	0.6	0.4	0.0	0.4	0.3333333333333333	0.3333333333333333	0.6	0.5333333333333333	0.4666666666666667	0.4090909090909091	0.3888888888888889	0.23529411764705882	0.36363636363636365	0.391304347826087	0.6470588235294118	0.5294117647058824	0.45454545454545453	0.4827586206896552	0.625	0.42857142857142855	0.75	0.5294117647058824	0.0	0.0015	0.0	0.75	1.0	0.0	1.0	0.2857142857142857	
chickadee sp.	0.0	0.0	0.0	0.0	0.0	0.0	0.0	0.0	0.0	0.0	0.0	0.0	0.0	0.0	0.0	0.0	0.0	0.0	0.0	0.0	0.0	0.0	0.0	0.0	0.0	0.0	0.06666666666666667	0.045454545454545456	0.0	0.0	0.0	0.0	0.0	0.0	0.0	0.0	0.0	0.0	0.0	0.0	0.0	0.1111111111111111	0.0	0.0	0.0	0.0	0.0	0.0	
Bushtit	0.0	0.0	0.3333333333333333	0.0	0.0	0.0	0.0	0.0	0.0	0.0	0.25	0.1	0.0	0.0	0.16666666666666666	0.0	0.0	0.0	0.2	0.2	0.0	0.2	0.0	0.0	0.0015	0.06666666666666667	0.0	0.045454545454545456	0.1111111111111111	0.0	0.0015	0.0	0.058823529411764705	0.058823529411764705	0.0	0.034482758620689655	0.0	0.0	0.08333333333333333	0.0	0.16666666666666666	0.0	0.0	0.0	0.0	0.0	0.0	0.0	
Red-breasted Nuthatch	0.0	0.5	0.3333333333333333	0.25	0.0	0.0	0.3333333333333333	0.3333333333333333	0.25	0.0	0.25	0.0	0.0	0.75	0.3333333333333333	0.5	0.3333333333333333	0.1	0.4	0.0	0.0	0.4	0.3333333333333333	0.3333333333333333	0.0	0.26666666666666666	0.4	0.36363636363636365	0.2222222222222222	0.29411764705882354	0.2727272727272727	0.21739130434782608	0.5882352941176471	0.47058823529411764	0.45454545454545453	0.41379310344827586	0.625	0.2857142857142857	0.5	0.4117647058823529	0.0	0.1111111111111111	0.0	0.25	1.0	1.0	0.0	0.42857142857142855	
Brown Creeper	0.6666666666666666	0.5	0.0	0.0	0.0	0.0	0.6666666666666666	0.3333333333333333	0.0	0.0	0.0	0.0	0.6666666666666666	0.0	0.16666666666666666	0.0	0.0	0.1	0.4	0.0	0.0	0.2	0.0	0.1111111111111111	0.2	0.06666666666666667	0.2	0.36363636363636365	0.16666666666666666	0.17647058823529413	0.2727272727272727	0.17391304347826086	0.11764705882352941	0.058823529411764705	0.3181818181818182	0.27586206896551724	0.375	0.09523809523809523	0.3333333333333333	0.29411764705882354	0.16666666666666666	0.2222222222222222	0.25	0.5	0.0	0.0	0.0	0.42857142857142855	
Pacific Wren	1.0	0.5	0.3333333333333333	0.25	0.0	0.16666666666666666	0.6666666666666666	1.0	0.25	0.0	0.75	0.5	0.6666666666666666	0.75	0.5	0.5	0.3333333333333333	0.7	0.4	0.4	1.0	0.8	0.6666666666666666	0.6666666666666666	1.0	0.4666666666666667	0.4	0.45454545454545453	0.3888888888888889	0.29411764705882354	0.18181818181818182	0.30434782608695654	0.35294117647058826	0.35294117647058826	0.5909090909090909	0.5517241379310345	0.75	0.8571428571428571	0.75	0.7058823529411765	0.8333333333333334	0.5555555555555556	0.0	0.5	1.0	0.0	1.0	0.5714285714285714	
Marsh Wren	0.0	0.5	0.3333333333333333	0.25	0.0	0.0	0.3333333333333333	1.0	0.5	0.0	0.5	0.4	1.0	1.0	0.6666666666666666	0.5	0.6666666666666666	0.9	0.6	1.0	1.0	1.0	0.6666666666666666	0.7777777777777778	0.8	1.0	0.7333333333333333	0.45454545454545453	0.5	0.5882352941176471	0.5	0.5652173913043478	0.7058823529411765	0.5882352941176471	0.5909090909090909	0.5517241379310345	0.625	0.47619047619047616	0.5	0.4117647058823529	0.5	0.1111111111111111	0.25	0.75	1.0	0.0	0.5	0.42857142857142855	
Bewick's Wren	0.0	0.0	0.0	0.25	0.0	0.0	0.3333333333333333	0.0	0.0	0.0	0.0	0.2	0.0	0.25	0.3333333333333333	0.0	0.3333333333333333	0.4	0.6	0.2	0.0	0.0	0.3333333333333333	0.4444444444444444	0.2	0.2	0.3333333333333333	0.18181818181818182	0.2222222222222222	0.058823529411764705	0.045454545454545456	0.043478260869565216	0.17647058823529413	0.11764705882352941	0.22727272727272727	0.1724137931034483	0.625	0.14285714285714285	0.16666666666666666	0.29411764705882354	0.0	0.0	0.0	0.25	0.0	0.0	0.5	0.2857142857142857	
wren sp.	0.0	0.0	0.0	0.0	0.0	0.0	0.0	0.0	0.0	0.0	0.0	0.0	0.0	0.0	0.0	0.0	0.0	0.0	0.0	0.0	0.0	0.0	0.0	0.0	0.0	0.0	0.0	0.0	0.0	0.0	0.0	0.0	0.0	0.0	0.0	0.06896551724137931	0.0	0.0	0.0	0.0	0.0	0.0	0.0	0.0	0.0	0.0	0.0	0.0	
Golden-crowned Kinglet	1.0	0.5	0.3333333333333333	0.25	0.0	0.3333333333333333	0.3333333333333333	0.6666666666666666	0.0015	0.3333333333333333	0.25	0.1	0.3333333333333333	0.25	0.3333333333333333	0.0	0.0	0.0	0.2	0.0	0.0	0.0	0.0	0.2222222222222222	0.6	0.26666666666666666	0.06666666666666667	0.18181818181818182	0.0	0.11764705882352941	0.09090909090909091	0.21739130434782608	0.17647058823529413	0.47058823529411764	0.45454545454545453	0.4482758620689655	0.875	0.7619047619047619	1.0	0.7647058823529411	0.5	0.3333333333333333	0.25	0.75	1.0	0.0	0.5	0.8571428571428571	
Ruby-crowned Kinglet	0.3333333333333333	0.5	0.0	0.0	0.0	0.0	0.3333333333333333	0.0	0.0	0.0	0.0	0.1	0.3333333333333333	0.25	0.0	0.0	0.0	0.0	0.0	0.0	0.0	0.0	0.0	0.0	0.0	0.0	0.0	0.0	0.0	0.0	0.0	0.0	0.0	0.0	0.13636363636363635	0.06896551724137931	0.625	0.23809523809523808	0.5833333333333334	0.47058823529411764	0.16666666666666666	0.1111111111111111	0.0	0.75	1.0	0.0	0.5	0.7142857142857143	
Mountain Bluebird	0.0	0.0	0.0	0.0	0.0	0.0	0.0	0.0	0.0	0.0	0.0	0.0	0.0	0.0	0.0015	0.0	0.0	0.0	0.0	0.0	0.0	0.0	0.0	0.0	0.0	0.0	0.0	0.0	0.0	0.0	0.0	0.0	0.0	0.0	0.0	0.0	0.0	0.0	0.0	0.0	0.0	0.0	0.0	0.0	0.0	0.0	0.0	0.0	
Townsend's Solitaire	0.0	0.0	0.0	0.0	0.0	0.0	0.0	0.0	0.0	0.0	0.0	0.0	0.0	0.0	0.0015	0.0	0.0	0.0	0.0	0.0	0.0	0.0	0.0	0.0	0.0	0.0	0.0	0.0	0.0	0.0	0.0	0.0	0.0	0.0	0.0	0.0	0.0	0.0	0.0	0.0	0.0	0.0	0.0	0.0	0.0	0.0	0.0	0.0	
Varied Thrush	0.3333333333333333	0.0	0.0	0.25	0.0	0.16666666666666666	0.0	0.0	0.0	0.0	0.0	0.0	0.3333333333333333	0.0	0.0	0.0	0.0	0.0	0.0	0.0	0.0	0.0	0.0	0.0	0.0	0.0	0.0	0.0	0.0	0.0	0.0	0.0	0.0	0.0	0.0	0.06896551724137931	0.125	0.09523809523809523	0.25	0.29411764705882354	0.16666666666666666	0.1111111111111111	0.0	0.5	1.0	0.0	0.5	0.42857142857142855	
Swainson's Thrush	0.0	0.0	0.0	0.0	0.0	0.0	0.0	0.0	0.0	0.0	0.0	0.0	0.0	0.0	0.0	0.0	0.0	0.1	0.2	0.8	1.0	1.0	1.0	0.8888888888888888	1.0	0.8	0.4	0.18181818181818182	0.05555555555555555	0.0	0.0	0.0	0.17647058823529413	0.058823529411764705	0.0	0.0	0.0	0.0	0.0	0.0	0.0	0.0	0.0	0.0	0.0	0.0	0.0	0.0	
Hermit Thrush	0.0	0.0	0.0	0.0	0.0	0.0015	0.0	0.0	0.0	0.0	0.0	0.0	0.0	0.0	0.0	0.0	0.0	0.0	0.0	0.0	0.0	0.0	0.0	0.0	0.0	0.0	0.0	0.0	0.0	0.0	0.0	0.0	0.0	0.0	0.045454545454545456	0.06896551724137931	0.0	0.0	0.0	0.0	0.0	0.0	0.0	0.0	0.0	0.0	0.0	0.0	
American Robin	0.0	0.0	0.0	0.25	0.0	0.0	0.6666666666666666	1.0	0.0	0.3333333333333333	0.5	0.1	1.0	0.25	0.5	0.0	1.0	0.7	1.0	1.0	0.0	1.0	1.0	0.8888888888888888	1.0	0.8666666666666667	0.8	0.6818181818181818	0.6111111111111112	0.058823529411764705	0.09090909090909091	0.0	0.11764705882352941	0.17647058823529413	0.13636363636363635	0.20689655172413793	0.375	0.8095238095238095	0.75	0.4117647058823529	0.5	0.2222222222222222	0.0	0.25	1.0	1.0	0.5	0.2857142857142857	
European Starling	0.0	0.0	0.0	0.0	0.0	0.0	0.0	0.3333333333333333	0.0	0.0	0.0	0.0	0.0	0.0	0.16666666666666666	0.0	0.0	0.3	0.0	0.6	1.0	0.2	0.0	0.2222222222222222	0.2	0.4666666666666667	0.3333333333333333	0.3181818181818182	0.1111111111111111	0.11764705882352941	0.0	0.0	0.0	0.0	0.0	0.034482758620689655	0.25	0.047619047619047616	0.0	0.058823529411764705	0.16666666666666666	0.0	0.0	0.0	0.0	0.0	0.5	0.14285714285714285	
American Pipit	0.0	0.0	0.0	0.0	0.0	0.0	0.0	0.0	0.0	0.0	0.0	0.0	0.0	0.0	0.0	0.0	0.0	0.0	0.0	0.0	0.0	0.0	0.0	0.0	0.0	0.0	0.0	0.0	0.0	0.0	0.0	0.0	0.11764705882352941	0.0	0.18181818181818182	0.13793103448275862	0.0	0.0	0.0015	0.0	0.0	0.0	0.0	0.0	0.0	0.0	0.0	0.0	
Cedar Waxwing	0.0	0.0	0.0	0.0	0.0	0.0	0.0	0.0	0.0	0.0	0.0	0.0	0.0	0.0	0.0	0.0	0.0	0.0	0.2	0.0	0.0	0.2	0.3333333333333333	0.5555555555555556	0.6	0.6	0.4666666666666667	0.2727272727272727	0.16666666666666666	0.11764705882352941	0.13636363636363635	0.08695652173913043	0.058823529411764705	0.0	0.045454545454545456	0.10344827586206896	0.0	0.09523809523809523	0.08333333333333333	0.11764705882352941	0.16666666666666666	0.0	0.0	0.0	0.0	0.0	0.0	0.0	
Evening Grosbeak	0.0	0.0	0.0	0.0	0.0	0.0	0.0	0.0	0.0	0.0	0.0	0.0	0.0	0.0	0.0	0.0	0.0	0.0	0.2	0.0	0.0	0.0	0.0	0.0	0.0	0.0	0.0	0.0	0.0	0.0	0.0	0.0	0.0	0.0	0.0	0.0	0.0	0.0	0.0	0.0	0.0	0.0	0.0	0.0	0.0	0.0	0.0	0.0	
House Finch	0.0	0.0	0.0	0.0	0.0	0.0	0.0	0.3333333333333333	0.0	0.0	0.0	0.0	0.0	0.0	0.0	0.0	0.0	0.0	0.2	0.4	0.0	0.0	0.0	0.1111111111111111	0.2	0.3333333333333333	0.3333333333333333	0.22727272727272727	0.3333333333333333	0.17647058823529413	0.0	0.08695652173913043	0.11764705882352941	0.17647058823529413	0.045454545454545456	0.3103448275862069	0.125	0.14285714285714285	0.08333333333333333	0.0	0.0	0.0	0.0	0.0	0.0	0.0	0.5	0.0	
Purple Finch	0.0	0.0	0.0	0.0	0.0	0.0	0.0	0.0	0.0	0.0	0.0	0.0	0.0	0.25	0.0	0.0	0.0	0.2	0.2	0.0	0.0	0.0	0.0	0.3333333333333333	0.2	0.2	0.3333333333333333	0.09090909090909091	0.1111111111111111	0.0	0.0	0.043478260869565216	0.0	0.11764705882352941	0.0	0.06896551724137931	0.0	0.0	0.0	0.11764705882352941	0.0	0.0	0.0	0.0	0.0	0.0	0.0	0.14285714285714285	
House/Purple Finch	0.0	0.0	0.0	0.0	0.0	0.0	0.0	0.0	0.0	0.0	0.0	0.0	0.0	0.0	0.0	0.0	0.0	0.0	0.0	0.0	0.0	0.0	0.0	0.0	0.0	0.0	0.0	0.0	0.05555555555555555	0.0	0.0	0.0	0.0	0.0	0.0	0.0	0.0	0.0	0.0	0.0	0.0	0.0	0.0	0.0	0.0	0.0	0.0	0.0	
Red Crossbill	0.0	0.5	0.0	0.0	0.0	0.0	0.0	0.0	0.0	0.0	0.0	0.0	0.0	0.25	0.0	0.0	0.3333333333333333	0.0	0.0	0.0	0.0	0.0	0.0	0.0	0.0	0.06666666666666667	0.0	0.0	0.05555555555555555	0.058823529411764705	0.0	0.043478260869565216	0.0	0.058823529411764705	0.045454545454545456	0.034482758620689655	0.0	0.0	0.0	0.0	0.0	0.0	0.0	0.0	0.0	0.0	0.0	0.0	
Pine Siskin	0.0	0.0	0.3333333333333333	0.0	0.0	0.0	0.3333333333333333	0.0	0.0	0.0	0.25	0.0	0.3333333333333333	0.25	0.0	0.0	0.3333333333333333	0.0	0.4	0.0	0.0	0.0	0.0	0.0	0.0	0.0	0.06666666666666667	0.045454545454545456	0.0	0.11764705882352941	0.0	0.0	0.058823529411764705	0.0	0.0	0.06896551724137931	0.0	0.0	0.0015	0.058823529411764705	0.0	0.0	0.0	0.25	0.0	0.0	0.5	0.2857142857142857	
American Goldfinch	0.0	0.0	0.0	0.0	0.0	0.0	0.0	0.0	0.0	0.0	0.0	0.0	0.0	0.0	0.0	0.0	0.3333333333333333	0.6	0.6	0.6	1.0	0.8	0.6666666666666666	0.7777777777777778	0.2	0.7333333333333333	0.4666666666666667	0.22727272727272727	0.2777777777777778	0.058823529411764705	0.13636363636363635	0.043478260869565216	0.23529411764705882	0.058823529411764705	0.045454545454545456	0.034482758620689655	0.0	0.047619047619047616	0.08333333333333333	0.0	0.0	0.0	0.0	0.0	0.0	0.0	0.5	0.0	
Snow Bunting	0.0	0.0	0.0	0.0	0.0	0.0	0.0	0.0	0.0	0.0	0.0	0.0	0.0	0.0	0.0	0.0	0.0	0.0	0.0	0.0	0.0	0.0	0.0	0.0	0.0	0.0	0.0	0.0	0.0	0.0	0.0	0.0	0.0	0.0	0.0	0.0	0.0	0.0	0.08333333333333333	0.0	0.0	0.0	0.0	0.0	0.0	0.0	0.0	0.0	
Fox Sparrow	0.0	0.0	0.3333333333333333	0.25	0.0	0.0	0.0	0.0	0.0	0.0	0.0	0.0	0.0	0.0	0.0	0.0	0.0	0.0	0.0	0.0	0.0	0.0	0.0	0.0	0.0	0.0	0.0	0.0	0.0	0.0	0.0	0.0	0.058823529411764705	0.058823529411764705	0.0	0.06896551724137931	0.125	0.047619047619047616	0.0	0.0	0.16666666666666666	0.0	0.0	0.25	0.0	0.0	0.5	0.5714285714285714	
Dark-eyed Junco	0.0	0.0	0.0	0.0	0.0	0.0	0.0	0.3333333333333333	0.0	0.0	0.25	0.0	0.0	0.5	0.3333333333333333	0.0	0.0	0.1	0.4	0.6	0.0	0.2	0.3333333333333333	0.1111111111111111	0.0	0.13333333333333333	0.0	0.045454545454545456	0.0	0.0	0.0	0.0	0.11764705882352941	0.058823529411764705	0.09090909090909091	0.034482758620689655	0.0	0.09523809523809523	0.0	0.058823529411764705	0.16666666666666666	0.0	0.0	0.0	0.0	1.0	0.5	0.0	
White-crowned Sparrow	0.0	0.0	0.0	0.0	0.0	0.0	0.0	0.0	0.0	0.0	0.0	0.0	0.0	0.0	0.16666666666666666	0.0	0.0	0.1	0.0	0.0	0.0	0.2	0.0	0.1111111111111111	0.2	0.2	0.0	0.045454545454545456	0.0	0.0	0.0	0.0	0.0	0.0	0.045454545454545456	0.0	0.125	0.0	0.0	0.0	0.0	0.0	0.0	0.0	0.0	0.0	0.5	0.0	
Golden-crowned Sparrow	0.0	0.0	0.0	0.25	0.0	0.0	0.0	0.0	0.0	0.0	0.0	0.0	0.0	0.0	0.0	0.0	0.0	0.0	0.0	0.0	0.0	0.0	0.0	0.0	0.0	0.0	0.0	0.0	0.0	0.0	0.0	0.0	0.058823529411764705	0.058823529411764705	0.09090909090909091	0.06896551724137931	0.25	0.047619047619047616	0.0	0.0	0.0	0.0	0.0	0.0	0.0	0.0	0.5	0.0	
Savannah Sparrow	0.0	0.0	0.0	0.0	0.0	0.0	0.0	0.0	0.0	0.0	0.0	0.0	0.0	0.0	0.3333333333333333	0.0	0.0	0.3	0.2	0.2	0.0	0.0	0.0	0.1111111111111111	0.0	0.0	0.0	0.0	0.05555555555555555	0.0	0.0	0.0	0.35294117647058826	0.29411764705882354	0.5909090909090909	0.3448275862068966	0.0	0.19047619047619047	0.08333333333333333	0.11764705882352941	0.0	0.0	0.0	0.0	0.0	0.0	0.0	0.0	
Song Sparrow	0.0	0.5	0.3333333333333333	0.75	0.0	0.16666666666666666	0.6666666666666666	1.0	1.0	0.0	0.5	0.2	1.0	1.0	0.5	0.5	0.6666666666666666	0.9	1.0	0.8	1.0	1.0	1.0	0.7777777777777778	0.8	0.9333333333333333	0.8	0.7272727272727273	0.5	0.6470588235294118	0.5454545454545454	0.5652173913043478	0.7647058823529411	0.7647058823529411	0.7727272727272727	0.7586206896551724	0.875	0.8095238095238095	0.6666666666666666	0.5882352941176471	0.5	0.3333333333333333	0.5	1.0	1.0	0.0	0.5	0.7142857142857143	
Lincoln's Sparrow	0.0	0.0	0.0	0.0	0.0	0.0	0.0	0.0	0.0	0.0	0.0	0.0	0.0	0.0	0.0	0.0	0.0	0.0	0.2	0.0	0.0	0.0	0.0	0.0	0.0	0.0	0.0	0.0	0.0	0.0	0.0	0.043478260869565216	0.11764705882352941	0.11764705882352941	0.045454545454545456	0.06896551724137931	0.0	0.047619047619047616	0.0	0.0	0.16666666666666666	0.0	0.0	0.0	0.0	0.0	0.0	0.0	
Spotted Towhee	0.0	0.0	0.6666666666666666	0.0	0.0	0.0	0.6666666666666666	1.0	0.0	0.0	0.25	0.2	0.3333333333333333	0.25	0.6666666666666666	0.0	0.6666666666666666	0.5	0.8	1.0	0.0	0.8	0.6666666666666666	0.7777777777777778	0.4	0.6666666666666666	0.4666666666666667	0.45454545454545453	0.16666666666666666	0.23529411764705882	0.22727272727272727	0.08695652173913043	0.4117647058823529	0.23529411764705882	0.4090909090909091	0.4482758620689655	0.5	0.2857142857142857	0.5833333333333334	0.4117647058823529	0.3333333333333333	0.3333333333333333	0.0	0.75	1.0	0.0	0.5	0.2857142857142857	
Bullock's Oriole	0.0	0.0	0.0	0.0	0.0	0.0	0.0	0.0	0.0	0.0	0.0	0.0	0.0	0.0	0.0	0.0	0.0	0.0	0.2	0.0	0.0	0.0	0.0	0.0	0.0	0.0	0.0	0.0	0.0	0.0	0.0	0.0	0.0	0.0	0.0	0.0	0.0	0.0	0.0	0.0	0.0	0.0	0.0	0.0	0.0	0.0	0.0	0.0	
Red-winged Blackbird	0.3333333333333333	0.5	0.3333333333333333	0.25	0.0	0.6666666666666666	0.6666666666666666	1.0	0.75	0.6666666666666666	0.75	0.8	1.0	1.0	0.6666666666666666	1.0	0.6666666666666666	0.8	1.0	1.0	1.0	1.0	1.0	0.7777777777777778	0.8	0.8	0.6666666666666666	0.5909090909090909	0.4444444444444444	0.4117647058823529	0.3181818181818182	0.2608695652173913	0.5882352941176471	0.29411764705882354	0.45454545454545453	0.7586206896551724	0.25	0.5238095238095238	0.25	0.29411764705882354	0.8333333333333334	0.1111111111111111	0.25	0.25	0.0	0.0	0.5	0.5714285714285714	
Brown-headed Cowbird	0.0	0.0	0.0	0.0	0.0	0.0	0.0	0.0	0.0	0.0	0.0	0.0	0.0	0.0	0.0	0.0	0.0	0.0	0.2	0.6	0.0	0.2	1.0	0.1111111111111111	0.2	0.4	0.4666666666666667	0.5909090909090909	0.3888888888888889	0.0	0.09090909090909091	0.17391304347826086	0.0	0.0	0.0	0.0	0.0	0.0	0.0	0.0	0.0	0.0	0.0	0.0	0.0	0.0	0.0	0.0	
Orange-crowned Warbler	0.0	0.0	0.0	0.0	0.0	0.0	0.0	0.0	0.0	0.0	0.0	0.0	0.0	0.0	0.5	0.0	0.3333333333333333	0.4	0.4	0.4	1.0	0.4	0.6666666666666666	0.5555555555555556	0.4	0.0	0.13333333333333333	0.0	0.0	0.0	0.0	0.08695652173913043	0.058823529411764705	0.11764705882352941	0.045454545454545456	0.0	0.0	0.047619047619047616	0.0	0.0	0.0	0.0	0.0	0.0	0.0	0.0	0.0	0.0	
MacGillivray's Warbler	0.0	0.0	0.0	0.0	0.0	0.0	0.0	0.0	0.0	0.0	0.0	0.0	0.0	0.0	0.0	0.0	0.0	0.0	0.0	0.0	0.0	0.0	0.0	0.0	0.2	0.0	0.0	0.0	0.0	0.0	0.0	0.0	0.0	0.0	0.0	0.0	0.0	0.0	0.0	0.0	0.0	0.0	0.0	0.0	0.0	0.0	0.0	0.0	
Common Yellowthroat	0.0	0.0	0.0	0.0	0.0	0.0	0.0	0.0	0.0	0.0	0.0	0.0	0.3333333333333333	0.0	0.3333333333333333	0.0	0.6666666666666666	0.1	0.4	0.6	1.0	0.6	0.3333333333333333	0.5555555555555556	0.6	0.5333333333333333	0.3333333333333333	0.3181818181818182	0.2222222222222222	0.17647058823529413	0.22727272727272727	0.34782608695652173	0.35294117647058826	0.17647058823529413	0.22727272727272727	0.06896551724137931	0.0	0.0	0.0	0.0	0.0	0.0	0.0	0.25	0.0	0.0	0.0	0.0	
Yellow Warbler	0.0	0.0	0.0	0.0	0.0	0.0	0.0	0.0	0.0	0.0	0.0	0.0	0.0	0.0	0.0	0.0	0.0	0.1	0.0	0.2	0.0	0.4	0.0	0.0	0.2	0.0	0.0	0.0	0.0	0.0	0.0	0.0	0.058823529411764705	0.0	0.045454545454545456	0.0	0.0	0.0	0.0	0.0	0.0	0.0	0.0	0.0	0.0	0.0	0.0	0.0	
Yellow-rumped Warbler	0.0	0.0	0.0	0.0	0.0	0.0	0.0	0.0	0.0	0.0	0.0	0.0	0.3333333333333333	0.25	0.16666666666666666	0.0	0.3333333333333333	0.1	0.0	0.0	0.0	0.0	0.0	0.0	0.0	0.0	0.0	0.0	0.0	0.0	0.0	0.0	0.0	0.0	0.0	0.13793103448275862	0.125	0.0	0.0	0.0	0.0	0.0	0.0	0.0	0.0	0.0	0.0	0.0	
Black-throated Gray Warbler	0.0	0.0	0.0	0.0	0.0	0.0	0.0	0.0	0.0	0.0	0.0	0.0	0.0	0.0	0.3333333333333333	0.0	0.3333333333333333	0.5	0.6	0.2	0.0	0.4	0.0	0.1111111111111111	0.0	0.13333333333333333	0.06666666666666667	0.045454545454545456	0.0	0.058823529411764705	0.0	0.043478260869565216	0.23529411764705882	0.0	0.045454545454545456	0.0	0.0	0.0	0.0	0.0	0.0	0.0	0.0	0.0	0.0	0.0	0.0	0.0	
Townsend's Warbler	0.0	0.0	0.0	0.0	0.0	0.0	0.0	0.0	0.0	0.0	0.0	0.0	0.0	0.0	0.0	0.0	0.3333333333333333	0.0	0.2	0.0	0.0	0.0	0.0	0.0	0.0	0.0	0.0	0.0	0.0	0.0	0.0	0.0	0.058823529411764705	0.0	0.0	0.0	0.0	0.0	0.0	0.058823529411764705	0.0	0.0	0.0	0.0	0.0	0.0	0.0	0.0	
Wilson's Warbler	0.0	0.0	0.0	0.0	0.0	0.0	0.0	0.0	0.0	0.0	0.0	0.0	0.0	0.0	0.0	0.0	0.6666666666666666	0.4	0.6	0.8	0.0	1.0	0.6666666666666666	0.5555555555555556	0.6	0.26666666666666666	0.0	0.13636363636363635	0.16666666666666666	0.11764705882352941	0.0	0.08695652173913043	0.11764705882352941	0.0	0.0	0.0	0.0	0.0	0.0	0.0	0.0	0.0	0.0	0.0	0.0	0.0	0.0	0.0	
Western Tanager	0.0	0.0	0.0	0.0	0.0	0.0	0.0	0.0	0.0	0.0	0.0	0.0	0.0	0.0	0.0	0.0	0.0	0.2	0.4	0.2	0.0	0.2	0.0	0.1111111111111111	0.4	0.13333333333333333	0.26666666666666666	0.045454545454545456	0.0	0.0	0.045454545454545456	0.0	0.0	0.058823529411764705	0.0	0.0	0.0	0.0	0.0	0.0	0.0	0.0	0.0	0.0	0.0	0.0	0.0	0.0	
Black-headed Grosbeak	0.0	0.0	0.0	0.0	0.0	0.0	0.0	0.0	0.0	0.0	0.0	0.0	0.0	0.0	0.0	0.0	0.0	0.0	0.0	0.8	0.0	0.4	0.6666666666666666	0.4444444444444444	0.0	0.13333333333333333	0.06666666666666667	0.0	0.05555555555555555	0.0	0.0	0.0	0.0	0.0	0.0	0.0	0.0	0.0	0.0	0.0	0.0	0.0	0.0	0.0	0.0	0.0	0.0	0.0	
House Sparrow	0.0	0.0	0.0	0.0	0.0	0.0	0.0	0.0	0.0	0.0	0.0	0.0	0.0	0.0	0.0	0.0	0.0	0.0	0.0	0.0	0.0	0.0	0.0	0.1111111111111111	0.0	0.0	0.0	0.0	0.0	0.0	0.0	0.0	0.0	0.0	0.0	0.0	0.0	0.047619047619047616	0.0	0.0	0.0	0.0	0.0	0.0	0.0	0.0	0.0	0.0	
passerine sp.	0.0	0.0	0.0	0.0	0.0	0.0	0.0	0.0	0.0	0.0	0.0	0.0	0.0	0.0	0.0	0.0	0.0	0.0	0.0	0.0	0.0	0.0	0.0	0.0	0.0	0.0	0.0	0.0	0.0	0.0	0.045454545454545456	0.0	0.058823529411764705	0.0	0.0	0.034482758620689655	0.0	0.0	0.0	0.0	0.0	0.0	0.0	0.0	0.0	0.0	0.0	0.14285714285714285	

